inputs/bclim6.asc
NCOLS 210 
NROWS 174 
XLLCORNER 27.125 
YLLCORNER -2.20833333333333 
CELLSIZE 0.0416666666666667 
NODATA_value -32768 
[rows 42 to 83 of 174, columns 0 to 95 of 210]
176 177 177 177 177 177 176 176 177 176 176 176 176 177 177 179 179 178 177 178 178 178 179 179 180 181 181 181 182 183 184 184 185 185 185 185 184 184 183 183 183 182 183 183 181 178 177 179 179 176 176 178 180 182 179 181 181 181 179 179 179 179 178 177 177 178 178 177 176 175 175 175 174 174 174 174 173 173 172 169 169 168 167 167 167 166 165 165 165 164 164 164 164 164 165 165
177 177 178 177 176 176 176 176 176 176 176 176 176 177 177 177 179 179 178 178 179 179 179 180 180 181 181 182 183 184 184 185 185 185 185 185 184 184 183 183 182 182 183 183 181 179 179 180 179 177 177 178 179 179 177 179 182 182 179 178 179 178 177 177 175 176 177 177 175 174 175 175 174 173 173 173 172 171 170 170 169 168 167 167 166 166 165 165 164 165 165 165 165 164 164 164
177 176 177 177 177 176 177 176 175 176 175 176 176 177 177 177 178 179 180 179 180 180 180 180 180 181 181 182 183 184 184 185 185 185 185 184 184 184 183 183 182 181 182 181 181 180 179 179 178 179 176 176 177 177 174 176 182 181 178 177 177 177 176 176 174 173 176 176 176 175 175 175 175 174 173 173 171 169 170 170 169 168 167 166 166 164 164 164 164 165 166 166 165 165 164 164
176 176 177 176 177 177 177 177 176 176 176 176 176 176 177 177 178 179 180 180 181 180 180 181 181 181 181 181 182 182 184 184 184 184 184 184 182 182 182 182 181 182 181 180 180 179 177 177 178 178 178 178 177 175 174 179 181 182 180 178 177 176 175 175 175 173 175 175 176 176 176 175 174 173 172 172 171 170 169 169 169 168 166 165 165 164 164 163 163 165 166 166 165 165 164 164
176 176 175 176 177 177 176 176 176 176 176 176 176 177 177 178 178 179 180 180 181 181 180 181 181 180 180 181 182 182 183 184 184 184 183 183 182 182 181 181 181 181 180 180 179 180 179 179 178 178 178 178 177 178 179 180 179 181 180 179 178 177 170 176 177 174 174 175 174 172 174 174 174 174 173 172 171 169 169 168 167 168 166 166 165 163 163 163 163 164 166 166 165 165 164 163
176 177 176 174 176 178 177 177 177 176 177 176 176 176 177 178 178 179 180 180 180 181 181 181 180 180 180 181 181 182 182 183 183 182 182 182 181 181 182 182 181 180 179 180 180 180 180 179 179 178 177 177 176 176 174 179 180 178 177 180 179 179 179 179 176 175 173 172 172 170 174 174 173 172 172 173 171 171 169 168 167 167 167 166 165 164 162 162 163 164 165 165 166 165 164 162
177 177 177 175 175 177 177 177 177 178 178 177 177 176 177 177 178 179 180 180 180 180 181 181 180 180 181 181 182 182 182 182 182 182 182 181 178 180 181 181 181 181 180 180 180 179 179 179 179 177 175 175 175 175 174 178 179 173 173 175 174 174 176 176 177 175 172 170 165 168 174 173 173 171 171 172 171 170 169 167 167 166 166 165 164 163 162 162 162 163 164 165 166 164 164 163
177 178 177 177 175 175 177 177 177 177 178 178 177 177 177 177 178 179 180 180 179 179 180 179 181 181 182 182 182 182 182 182 182 182 182 181 177 171 181 181 181 180 181 181 180 179 179 179 179 178 176 174 175 176 176 175 178 174 173 174 173 173 175 175 175 175 174 174 171 163 173 172 172 170 169 171 171 170 170 169 167 166 164 163 163 163 162 161 161 162 163 165 166 164 163 162
178 178 178 178 177 176 177 177 177 177 177 178 177 177 177 176 178 180 180 180 179 179 179 179 180 181 181 182 183 183 183 182 182 182 181 180 181 180 181 181 181 180 180 180 180 180 179 178 178 177 175 171 170 175 176 176 176 174 173 171 173 171 174 173 171 172 173 174 174 172 173 171 171 169 169 169 170 169 168 168 167 166 163 163 163 162 161 160 160 160 162 167 165 163 162 162
178 178 178 178 177 177 176 177 177 177 177 178 178 178 177 177 178 180 180 180 178 179 179 180 181 181 181 181 182 183 183 183 183 182 180 181 182 182 181 181 181 180 180 179 179 179 179 178 178 178 176 175 170 170 176 176 174 170 173 170 171 171 172 171 171 168 170 170 173 173 173 172 171 170 170 169 169 169 167 167 166 165 163 163 162 161 161 160 159 159 160 165 164 163 162 162
177 178 178 178 178 178 177 176 177 177 177 178 178 178 178 178 179 180 180 180 178 179 180 180 181 181 181 181 181 182 182 182 182 182 182 182 182 182 182 182 181 181 181 180 181 180 178 179 178 178 175 175 174 171 173 175 174 172 173 171 170 170 170 170 170 168 166 168 170 172 172 171 171 170 170 169 168 168 168 167 165 164 161 162 161 161 159 158 157 157 157 163 163 162 161 161
177 177 177 178 178 178 177 177 176 177 177 177 177 177 177 178 178 179 180 179 179 179 180 180 180 181 181 181 181 182 182 182 182 182 182 181 182 181 181 181 181 181 182 181 181 180 180 179 178 178 176 176 175 174 170 172 172 171 172 172 170 169 169 170 170 170 166 166 169 172 171 169 170 169 169 168 167 167 167 165 162 161 160 160 159 159 158 156 156 155 154 160 161 160 161 162
177 177 178 178 178 178 178 177 178 177 177 177 178 178 178 178 179 180 179 179 179 180 180 180 180 181 181 182 182 182 181 181 182 181 182 181 182 181 180 181 180 180 181 181 181 181 180 179 179 178 177 177 176 176 172 171 170 169 170 169 169 168 167 167 166 164 165 164 167 170 170 168 168 168 168 168 167 166 165 163 161 157 158 159 158 158 158 154 152 148 152 158 159 158 159 161
177 177 177 177 177 178 178 178 178 178 177 178 178 179 179 179 180 180 179 179 179 180 180 180 181 181 182 181 182 182 181 181 182 181 181 181 181 180 180 180 180 180 180 180 180 181 181 180 178 176 175 176 174 175 172 171 170 168 166 168 167 167 166 164 163 161 161 162 165 167 167 167 165 166 164 166 164 163 162 163 160 157 158 157 156 155 152 151 146 147 151 155 155 159 159 159
177 177 176 177 177 177 177 178 178 178 178 177 178 179 180 179 180 180 179 179 180 180 181 181 181 182 181 181 181 181 181 181 182 181 180 180 179 179 179 179 179 180 180 180 180 180 180 179 177 174 174 174 174 173 171 169 168 167 165 166 165 165 164 162 161 159 159 162 165 164 162 164 161 162 159 165 163 160 160 162 158 158 157 154 154 151 145 145 142 145 148 152 156 158 159 159
176 176 176 176 177 177 177 178 178 178 178 178 179 178 178 179 180 179 179 179 180 180 181 181 181 181 182 181 181 181 181 181 181 181 180 180 178 178 178 179 179 179 179 179 180 180 180 178 177 176 175 175 174 173 172 170 168 167 167 165 164 164 163 162 160 160 160 160 162 161 159 157 159 158 158 160 161 157 159 161 158 156 156 153 151 146 142 140 139 142 143 146 154 157 158 159
175 176 177 177 177 177 178 178 179 179 179 179 179 178 177 178 179 179 179 179 180 181 181 181 181 181 181 181 181 181 181 181 181 181 180 180 180 179 179 179 179 180 179 179 179 180 179 178 176 176 175 175 175 173 171 170 168 167 166 165 163 163 162 163 160 160 161 160 160 160 158 156 157 157 157 159 155 155 157 159 157 153 151 149 147 139 137 136 137 139 141 142 150 156 157 156
176 176 177 177 177 178 178 179 179 179 179 179 179 179 179 179 179 180 180 180 180 181 181 181 181 181 181 181 181 181 182 181 181 180 180 180 180 180 180 180 180 180 179 180 180 180 179 176 175 175 175 175 174 173 171 170 168 166 165 164 162 163 163 162 160 161 161 160 161 161 158 156 158 158 157 155 153 154 156 158 154 151 148 145 143 137 134 133 136 137 136 136 146 154 155 154
176 176 177 178 178 178 178 179 179 179 179 179 179 180 179 179 179 179 180 180 181 182 181 182 181 181 181 181 181 182 181 181 181 181 181 180 180 180 181 180 180 180 180 180 180 179 178 174 175 175 174 175 173 172 170 170 168 167 165 164 163 163 162 161 161 160 161 161 161 160 159 157 160 159 157 154 151 152 155 155 152 151 148 142 138 136 133 132 132 131 131 133 141 149 149 152
177 177 178 178 178 179 179 179 179 178 178 179 179 179 179 180 180 180 180 180 182 181 181 181 181 181 181 181 181 181 181 181 182 182 181 181 181 182 182 181 181 181 181 181 179 179 175 173 174 174 173 174 173 171 170 168 168 167 166 165 163 163 162 161 161 159 157 160 161 161 160 160 159 158 154 151 150 151 155 151 148 147 140 137 135 134 131 130 129 129 129 130 135 138 147 151
177 177 178 178 179 178 179 179 179 179 179 178 179 179 180 181 181 180 180 181 181 182 182 182 181 181 182 181 182 181 181 181 182 182 182 182 181 181 181 181 181 180 179 179 179 177 175 173 173 173 173 172 172 172 171 169 167 167 165 163 162 162 162 161 161 160 159 161 161 161 159 158 158 157 154 151 149 151 153 148 145 143 135 134 135 133 130 130 130 130 129 129 130 134 141 149
178 178 179 179 179 178 178 178 178 179 178 179 179 179 180 181 180 180 180 181 181 181 182 182 182 182 182 182 182 182 182 182 182 181 181 180 181 180 180 180 181 180 178 178 178 177 176 174 173 172 171 171 171 170 170 168 166 165 165 162 161 162 163 162 162 162 163 162 162 160 160 159 158 155 152 150 149 151 149 146 144 138 135 133 133 132 130 129 130 128 127 127 128 130 137 139
177 177 178 179 179 178 178 178 178 178 179 179 179 180 181 181 180 180 181 181 181 181 181 182 181 182 181 182 182 181 182 182 181 181 181 180 180 180 180 179 180 179 178 177 176 176 175 174 171 170 170 170 170 169 169 168 168 167 165 164 162 162 163 162 163 164 164 163 163 161 160 159 158 155 150 150 150 150 146 145 141 135 134 133 133 131 129 129 129 128 126 123 126 128 130 128
178 178 178 178 179 178 178 178 178 179 179 180 179 180 181 180 180 181 181 181 181 181 181 181 181 182 182 181 181 181 181 181 181 180 180 180 179 179 180 179 178 178 176 175 175 174 173 173 171 170 169 169 169 169 168 167 168 169 167 165 163 162 163 164 164 165 165 163 163 162 161 158 157 156 149 148 150 148 146 144 137 134 133 133 133 130 128 129 127 126 124 121 125 126 127 128
179 179 178 178 179 178 177 179 179 180 179 179 180 180 180 180 180 181 181 182 181 181 181 181 180 181 181 181 180 180 180 180 180 179 179 180 179 178 178 178 176 177 175 174 173 173 173 172 171 170 171 170 169 169 169 168 169 168 167 165 163 162 163 165 165 165 164 165 163 162 159 159 157 155 154 148 148 145 146 142 136 134 133 133 132 131 129 127 125 122 120 121 123 126 128 132
179 179 179 178 178 177 178 179 180 179 179 179 180 181 180 181 181 182 181 181 181 181 181 181 180 181 180 180 180 179 178 177 179 179 178 180 179 177 176 177 177 175 175 173 173 174 174 174 173 172 172 170 169 169 169 168 169 169 167 165 162 163 163 164 165 165 164 164 163 159 159 157 156 153 147 148 145 143 140 140 135 133 131 132 129 129 129 125 124 120 120 122 122 125 131 135
179 178 179 179 178 178 178 179 179 179 179 180 181 181 181 181 181 181 181 181 181 181 181 181 180 180 180 179 179 179 178 177 177 176 178 179 179 177 175 175 175 174 173 173 173 173 175 175 174 174 172 171 169 170 170 169 169 169 167 164 162 163 164 164 163 164 165 164 161 153 159 155 151 146 144 145 142 139 135 134 133 132 128 128 127 126 125 125 123 117 119 121 123 129 135 142
179 178 178 179 179 178 179 179 177 177 179 180 181 181 181 181 181 181 182 182 182 182 181 181 179 179 180 179 178 179 178 176 176 173 174 178 178 178 174 172 174 173 173 172 173 172 175 175 175 174 173 172 170 170 170 168 168 168 166 164 161 162 164 165 163 165 165 164 161 157 160 151 148 144 143 142 139 136 134 134 134 131 127 125 125 124 124 121 119 115 115 118 123 129 135 138
180 178 178 179 180 179 179 179 179 173 178 180 181 181 181 181 181 181 181 181 181 181 181 180 179 178 178 177 177 177 179 176 173 175 172 174 175 176 176 175 172 172 174 172 171 173 174 175 176 174 173 172 169 169 170 169 167 166 164 162 159 157 163 165 164 164 165 163 161 162 158 145 144 143 141 140 138 137 134 133 129 129 126 124 125 124 123 119 116 114 112 116 125 141 138 149
181 179 179 179 179 180 180 180 180 178 180 180 180 181 181 181 181 181 181 181 181 180 180 179 178 178 177 176 175 175 175 176 174 174 174 171 174 176 173 170 172 171 173 172 171 174 176 176 176 172 172 169 169 169 170 167 167 164 164 162 159 157 160 163 164 164 165 164 164 159 149 146 148 143 137 138 138 138 134 132 128 126 126 126 123 122 121 116 112 112 112 116 135 155 164 155
183 181 181 180 178 179 178 179 179 180 176 176 178 179 180 181 180 181 181 181 180 180 180 180 179 177 178 175 174 174 174 175 175 174 173 172 170 174 171 169 172 172 172 173 173 174 176 176 174 173 171 169 168 169 168 167 168 165 165 164 160 158 158 162 162 162 161 163 156 148 151 152 152 143 134 138 138 139 134 130 127 127 128 126 124 122 118 116 112 110 112 125 153 166 170 181
186 182 183 181 178 177 177 178 178 180 178 173 175 177 179 180 180 180 182 182 182 181 180 180 179 178 178 177 177 176 176 176 175 173 172 172 172 172 170 168 172 172 174 174 175 173 176 176 173 170 168 168 168 169 167 168 168 168 166 167 160 158 157 159 159 159 160 162 160 154 156 154 153 149 142 140 141 138 134 128 127 128 126 125 124 122 118 115 113 115 123 159 170 176 187 188
187 185 185 181 179 178 177 177 180 183 182 182 181 178 177 180 180 181 182 182 182 182 181 181 180 178 177 175 176 178 177 176 174 173 172 173 173 172 171 170 172 171 174 175 176 173 176 175 172 168 166 167 168 169 168 168 169 163 167 166 161 159 157 153 154 157 156 159 160 150 157 157 151 144 144 143 144 134 131 127 128 128 126 123 121 118 116 111 112 121 149 170 185 188 189 190
188 188 186 182 182 180 179 180 180 182 183 184 185 184 182 179 182 182 182 182 183 182 182 181 180 180 178 177 176 178 177 176 174 173 172 174 174 172 171 174 173 172 173 176 176 174 176 173 170 168 166 166 168 170 168 169 169 168 167 165 163 160 157 156 155 156 159 159 159 145 158 156 148 146 148 145 141 135 136 135 131 129 126 122 121 119 115 112 113 137 173 188 189 190 191 192
189 188 187 186 183 180 182 183 182 183 182 183 185 185 184 181 181 183 183 182 183 182 182 182 181 180 179 178 178 180 177 174 174 173 173 174 174 172 173 173 174 176 175 177 177 177 175 171 169 167 165 168 170 171 171 170 168 166 164 165 162 162 159 158 156 157 159 161 161 158 160 155 152 147 144 146 138 135 139 138 131 127 122 122 120 117 114 114 133 170 190 190 190 192 193 193
189 189 188 184 185 188 187 187 184 186 183 182 183 184 187 185 182 181 184 186 184 182 182 181 180 180 180 179 180 180 176 174 175 175 174 174 174 174 175 174 175 175 177 177 177 175 173 168 169 171 170 170 171 171 171 170 167 166 166 164 163 163 160 158 156 158 157 159 162 161 159 156 154 147 146 144 138 141 142 135 129 124 122 121 120 118 116 129 159 189 191 191 191 193 194 195
189 189 189 188 188 189 189 189 187 188 186 186 183 185 187 186 185 184 183 185 184 184 182 181 180 180 180 180 180 179 179 178 177 175 173 175 176 175 176 176 177 177 177 177 176 174 171 170 171 172 170 171 172 172 171 169 167 166 164 163 164 163 160 159 156 157 158 160 163 161 159 156 151 147 143 145 143 141 142 139 135 122 120 118 118 112 142 179 188 191 191 192 192 194 195 195
188 188 189 189 190 189 189 189 188 188 188 189 187 187 187 186 187 186 186 184 185 183 181 180 181 181 180 180 181 180 179 178 177 175 174 174 178 177 175 177 177 178 177 176 176 174 173 171 171 172 171 172 172 170 169 169 167 164 163 164 164 163 157 157 157 155 157 160 164 162 156 146 146 143 140 146 142 136 140 132 128 125 120 118 117 131 169 190 190 192 192 193 193 194 195 195
189 188 188 189 190 189 188 187 187 186 186 187 187 186 186 186 187 187 187 185 184 181 179 180 180 181 181 181 180 179 178 178 177 174 175 176 179 178 177 179 177 177 175 174 174 173 172 172 171 171 172 172 172 170 167 166 166 164 164 166 165 162 159 157 158 156 160 163 164 159 156 150 146 137 138 148 146 142 132 127 126 125 120 118 141 177 189 191 191 192 193 193 193 194 195 195
189 189 187 189 189 189 189 189 189 188 186 184 185 185 187 186 184 186 185 185 184 181 180 181 181 181 180 180 180 179 178 178 176 175 177 176 177 179 179 178 176 175 175 173 173 172 172 171 172 172 172 172 171 170 169 168 167 165 164 166 166 164 162 157 158 160 164 163 157 159 157 154 148 147 148 150 148 143 130 124 129 130 124 136 182 190 190 191 191 192 192 193 193 193 194 195
189 189 189 189 189 189 190 189 189 188 188 186 182 181 185 186 185 185 185 183 183 183 182 181 181 181 179 179 177 178 178 178 178 178 177 175 177 179 177 177 176 175 174 170 172 172 172 172 171 172 172 171 170 170 169 168 167 166 165 165 166 165 163 164 163 162 166 157 152 160 158 154 150 150 150 148 146 143 130 124 151 153 152 176 189 189 190 191 191 191 192 193 193 193 194 194
189 190 190 189 189 189 189 189 189 189 189 189 186 183 183 184 186 186 185 184 183 182 181 181 181 180 179 177 177 176 177 178 179 179 178 176 177 179 177 177 176 175 173 171 172 173 173 172 171 172 173 171 170 170 169 169 168 166 166 166 166 165 165 167 164 164 164 159 156 160 157 156 156 152 150 147 141 137 139 134 171 180 184 188 189 189 190 190 191 191 192 192 193 193 193 187
