inputs/bclim15.asc
NCOLS 210 
NROWS 174 
XLLCORNER 27.125 
YLLCORNER -2.20833333333333 
CELLSIZE 0.0416666666666667 
NODATA_value -32768 
[rows 110 to 164 of 174, columns 96 to 191 of 210]
42 41 41 41 41 41 41 41 41 40 40 40 40 39 40 39 39 39 39 39 38 38 39 37 37 35 35 35 34 34 33 33 33 34 34 34 34 34 34 33 33 34 32 31 31 32 33 34 35 36 37 37 37 36 36 36 36 36 36 37 37 37 38 38 38 39 39 39 39 39 40 41 41 41 41 41 41 41 40 40 39 39 39 39 39 40 41 41 43 43 43 43 45 47 47 48
41 41 41 41 41 41 41 41 41 40 40 40 40 40 39 39 39 39 38 38 38 38 38 37 37 35 34 34 33 34 33 33 33 33 33 34 34 34 33 33 33 33 31 31 31 31 33 34 35 36 37 37 37 37 36 37 37 37 37 37 38 38 38 39 39 39 40 40 40 40 40 40 41 41 41 41 41 41 41 40 40 40 39 39 39 39 40 40 41 42 41 42 44 45 46 47
41 41 41 41 41 41 41 41 40 40 41 40 40 40 39 39 39 38 38 38 38 38 38 37 36 35 34 33 33 33 33 33 33 33 34 34 34 34 33 33 33 31 31 30 30 31 32 34 35 35 36 38 38 38 38 37 38 38 38 39 39 39 39 39 40 40 40 40 40 41 40 40 40 40 40 41 41 41 40 40 40 39 39 39 39 39 39 39 39 39 39 41 43 43 44 46
41 41 41 41 41 41 41 41 41 40 40 40 40 40 40 39 39 38 38 38 38 38 37 36 36 35 34 33 33 33 33 33 34 34 34 35 34 34 34 33 32 31 30 30 30 31 33 34 36 37 38 39 39 39 39 39 39 39 39 40 40 40 40 40 40 41 41 41 41 41 41 41 40 40 40 40 41 41 40 40 40 39 39 39 38 38 38 37 37 37 38 39 41 42 42 43
41 41 41 41 41 41 41 41 41 41 41 41 40 40 40 39 39 38 38 38 38 37 36 36 35 34 33 33 33 33 33 34 35 36 36 35 35 34 34 33 32 31 31 31 31 32 33 35 36 38 38 39 41 40 40 40 40 41 40 40 41 41 41 41 42 42 42 42 42 42 41 41 41 40 40 40 41 41 41 40 40 39 39 38 38 37 37 36 36 36 37 37 40 40 40 41
40 41 40 41 41 41 41 41 42 41 41 41 40 40 40 39 39 38 38 38 37 37 36 35 34 34 33 33 33 34 34 35 37 37 37 37 36 35 33 33 32 32 32 32 32 33 35 37 38 39 41 40 41 42 42 41 41 41 41 41 42 42 42 43 43 43 43 43 43 43 42 42 41 41 40 41 41 41 41 40 39 39 38 38 37 37 37 36 35 35 36 37 38 39 39 39
41 41 41 41 41 41 41 42 42 42 42 41 41 40 40 39 38 38 38 37 37 36 36 35 35 34 34 34 34 35 36 37 39 39 39 39 37 36 35 34 33 33 33 33 32 34 35 38 39 41 42 42 43 44 43 43 43 42 43 43 43 43 43 44 44 44 45 45 45 44 43 43 42 41 41 41 41 41 40 40 39 38 37 37 37 37 37 36 35 34 35 36 37 37 37 37
40 40 41 41 41 41 42 42 42 42 42 42 41 40 40 39 39 39 38 37 37 37 36 36 35 35 35 35 36 37 39 40 42 42 41 40 39 37 36 35 35 35 34 34 34 35 37 39 40 41 43 43 44 44 44 44 44 44 44 44 44 44 44 45 45 46 46 46 46 46 45 43 43 42 41 41 42 41 41 40 38 37 37 37 37 37 36 35 34 34 36 37 36 35 35 35
40 41 41 41 41 42 42 42 43 42 42 42 41 41 40 40 39 39 39 38 38 37 37 36 37 37 37 37 38 40 41 43 44 44 43 41 40 38 37 37 36 36 35 34 36 38 39 40 41 43 44 45 45 45 45 45 45 45 45 45 45 45 46 46 46 47 47 47 48 47 46 44 43 42 41 41 41 41 40 39 37 37 37 37 37 36 35 34 34 35 35 36 34 33 33 33
40 40 41 41 41 41 43 43 44 43 43 42 42 41 41 40 40 39 39 39 39 39 39 38 38 38 38 39 40 42 44 45 46 45 44 43 41 40 39 38 37 37 37 37 38 39 40 41 42 43 44 45 45 46 46 46 45 45 46 46 46 47 47 47 48 48 49 49 48 48 47 46 44 43 41 41 42 41 41 39 39 38 36 36 36 36 34 34 33 33 34 34 33 32 31 32
41 41 41 41 42 42 43 43 44 43 43 42 42 42 41 41 41 41 41 41 41 41 40 39 40 40 40 41 42 44 45 47 47 46 45 44 42 41 40 39 39 39 38 39 39 40 41 42 43 43 45 45 46 46 46 46 46 46 46 47 47 48 48 48 49 49 49 49 49 49 48 46 45 43 41 41 42 42 43 42 41 38 37 36 35 35 36 36 34 32 32 32 31 31 30 30
41 41 41 41 41 42 42 43 43 44 43 42 42 42 41 41 41 42 42 42 42 42 42 42 41 41 42 42 43 45 46 47 47 46 45 44 43 42 41 40 40 40 40 40 40 41 42 42 43 44 45 46 46 46 47 47 47 47 47 48 48 48 49 49 49 50 50 50 50 50 49 48 46 44 42 41 42 43 43 43 42 40 37 37 37 38 36 38 38 34 33 31 32 31 32 33
41 42 41 41 42 42 42 43 44 43 43 42 42 42 42 41 42 43 43 43 43 44 43 43 43 42 43 44 44 45 46 47 47 46 46 44 44 43 42 41 41 41 41 41 42 42 43 43 44 45 46 46 46 47 47 47 48 48 48 48 49 49 49 50 50 50 50 51 50 50 49 48 47 44 42 42 42 43 43 42 42 40 39 40 41 41 41 41 41 40 39 38 37 36 35 35
42 42 41 42 42 42 43 42 43 43 43 42 42 42 43 42 42 44 44 45 45 45 45 44 44 44 44 44 44 45 46 46 46 46 45 45 44 43 42 42 42 42 42 42 42 43 43 44 45 45 46 47 47 47 48 48 48 49 49 49 49 49 50 50 51 51 51 51 51 50 50 49 48 45 43 43 42 43 43 43 43 43 42 42 43 43 43 42 41 40 39 38 38 37 36 35
42 42 42 42 42 42 42 42 42 43 43 43 43 43 43 44 44 46 47 47 47 46 46 46 45 45 45 44 45 45 45 46 46 46 45 45 44 44 44 43 43 43 43 43 43 44 44 45 45 46 46 47 47 48 48 49 49 49 49 50 50 50 50 51 51 51 51 51 51 51 50 49 48 46 45 44 43 43 44 44 44 43 43 43 43 43 42 42 41 40 39 39 38 37 36 36
43 43 42 43 42 42 42 43 42 43 43 43 44 44 45 45 46 48 48 48 48 48 47 46 46 45 45 45 45 45 45 45 46 45 45 45 45 44 44 44 44 44 44 44 44 44 45 45 46 46 47 47 48 48 49 49 49 49 50 50 50 51 51 52 51 52 52 52 52 51 51 49 48 47 45 45 45 45 45 45 45 44 44 43 43 42 42 41 41 39 39 38 38 37 36 35
43 43 43 43 43 43 43 42 43 43 44 44 45 46 47 47 48 50 50 50 50 49 48 47 47 46 45 45 45 45 45 45 45 45 45 45 45 45 45 45 44 44 45 45 45 45 46 46 46 47 47 48 48 48 49 49 50 50 50 50 51 51 51 52 52 52 52 52 51 51 50 50 49 47 47 46 45 45 46 45 45 44 44 43 43 42 41 41 40 39 39 38 38 37 36 34
44 43 43 44 43 44 44 43 43 44 44 45 46 48 50 50 50 52 52 51 52 50 50 48 47 46 46 45 45 45 45 45 45 45 45 46 45 45 45 45 45 45 45 45 46 46 46 46 47 47 48 48 48 49 49 50 50 51 51 51 51 52 52 52 52 52 52 52 51 51 51 50 49 48 48 46 45 44 45 45 45 44 43 43 43 42 41 40 40 39 39 38 38 37 36 35
44 44 44 44 44 44 44 44 44 45 46 47 48 50 52 52 52 53 53 53 52 51 50 49 48 47 46 45 45 45 45 45 45 45 46 46 46 46 46 46 46 46 46 46 46 46 47 47 48 48 48 49 49 50 50 50 51 51 51 52 52 52 52 52 52 52 53 52 52 51 51 50 49 48 48 46 45 45 46 45 45 44 44 43 42 42 40 39 39 39 38 38 37 37 36 34
45 45 44 44 45 45 45 45 45 46 47 48 49 51 52 53 54 54 54 53 53 52 51 50 49 48 47 46 46 45 45 45 45 46 46 46 46 46 46 46 46 46 46 46 46 47 47 48 48 48 49 49 49 50 50 51 51 51 52 52 52 52 53 53 52 52 53 52 52 52 51 50 50 49 48 48 46 46 46 45 44 43 43 43 42 41 40 39 37 36 36 34 34 35 31 31
45 45 45 46 45 45 46 46 47 47 48 49 50 52 53 54 55 55 54 54 54 53 52 50 49 48 47 47 46 46 46 46 46 46 46 46 46 46 46 46 46 47 47 47 47 47 47 48 48 49 49 49 50 50 51 51 51 51 52 52 53 52 53 53 53 53 53 52 53 52 51 51 49 48 49 48 47 46 46 45 40 40 43 43 42 40 38 36 35 34 35 34 33 33 30 30
46 47 46 47 46 46 47 47 48 48 49 50 51 53 53 54 55 55 55 54 53 53 52 51 50 49 48 47 47 46 47 47 46 46 47 47 47 47 47 47 47 47 47 47 48 48 48 48 49 49 49 50 50 50 51 51 52 52 52 53 53 53 53 53 53 53 53 53 52 50 52 51 50 49 49 48 47 47 47 46 45 44 44 42 41 39 37 37 35 34 33 33 32 32 30 30
46 46 47 47 47 48 48 48 49 49 50 51 52 53 54 55 55 55 55 54 54 53 52 51 51 49 49 48 48 47 47 47 47 47 47 47 47 47 47 47 47 47 48 48 48 49 48 49 49 49 50 50 51 51 51 51 52 52 53 53 53 54 53 53 54 54 53 54 51 46 50 52 51 47 42 47 48 48 46 46 45 45 44 43 40 38 35 35 34 33 32 31 30 30 30 30
47 48 48 48 48 49 49 49 49 50 51 52 52 54 54 55 55 55 55 55 54 53 52 52 51 50 50 49 48 48 48 48 47 48 47 47 47 48 47 47 48 48 48 48 48 49 49 49 49 50 50 50 51 51 52 52 52 53 53 53 54 54 54 54 54 54 54 54 54 53 53 52 51 45 40 48 48 45 46 47 46 43 43 41 40 37 35 33 31 30 29 29 29 29 30 30
49 49 49 49 49 50 50 50 50 51 52 52 53 54 55 55 56 56 55 54 54 53 53 52 51 51 50 50 49 49 48 48 48 48 48 48 48 48 48 48 48 48 48 49 49 49 49 49 50 50 51 51 51 52 52 52 53 53 54 54 54 54 55 54 54 55 54 54 54 54 53 50 45 49 43 48 49 44 47 46 46 43 42 39 37 36 33 31 30 30 31 31 32 30 29 30
49 49 49 50 50 51 51 51 52 52 53 53 54 55 55 55 55 55 55 55 54 54 53 52 52 51 50 50 50 49 49 49 48 48 48 48 48 48 48 48 48 48 49 49 49 49 49 50 50 51 51 51 51 52 52 53 53 54 53 54 54 55 55 55 55 55 55 55 55 55 54 48 36 39 39 49 50 48 44 44 45 43 42 39 35 34 33 31 30 32 32 32 32 30 28 29
49 50 50 51 51 51 52 52 53 52 54 54 54 55 55 55 56 56 55 55 54 54 53 53 52 51 51 51 50 49 49 49 49 49 49 49 49 49 49 49 49 49 49 49 49 49 50 50 50 51 51 51 52 52 52 53 53 54 54 54 55 55 55 55 56 56 55 55 56 56 52 38 38 40 47 51 48 43 42 43 44 43 41 39 36 33 32 31 31 32 32 30 30 31 28 29
50 50 51 51 52 52 52 53 53 54 54 55 55 56 56 56 56 56 55 55 54 54 54 53 52 52 51 51 51 50 50 49 49 49 49 49 49 49 49 49 49 49 49 49 50 50 50 50 51 51 51 52 52 52 53 53 54 54 54 55 55 55 55 56 56 56 56 57 56 56 54 45 47 49 52 44 40 42 43 44 44 44 42 40 37 34 32 31 31 31 31 30 30 32 29 30
51 52 51 52 52 52 52 54 54 54 55 55 56 56 56 56 56 56 55 55 55 54 54 53 53 52 52 51 51 50 50 50 50 49 49 49 49 49 49 49 49 49 50 50 50 50 50 51 51 51 51 52 52 53 53 53 54 54 55 55 56 56 56 56 56 56 57 57 57 57 57 50 49 50 41 42 44 45 46 45 45 44 41 39 35 34 33 31 31 31 31 30 31 31 31 32
52 51 52 53 52 53 54 54 54 55 55 56 56 56 56 56 56 56 56 55 55 54 54 53 53 52 52 51 51 50 50 50 50 49 49 49 49 49 49 49 50 49 50 50 50 50 51 51 51 51 52 52 53 53 53 54 54 54 55 56 56 56 56 56 57 57 58 58 57 57 58 55 50 48 46 46 47 47 47 47 45 44 41 38 35 33 34 32 31 31 31 31 31 31 32 34
52 53 52 52 53 53 53 54 54 55 56 56 57 56 57 56 56 56 56 55 55 54 54 53 53 52 52 52 51 51 50 50 50 50 49 50 49 50 50 50 50 50 50 50 50 51 51 51 51 52 52 53 53 53 54 54 54 55 55 55 55 57 57 57 58 57 57 58 58 58 59 59 55 53 51 49 49 49 48 45 44 43 41 38 36 35 34 32 31 31 31 31 32 33 35 36
54 53 53 54 54 53 54 55 55 55 57 57 57 57 57 57 57 56 55 55 55 54 54 53 53 53 52 52 51 51 51 50 50 50 50 50 49 50 50 50 50 50 50 50 50 51 51 51 52 52 52 53 53 53 54 54 55 55 56 56 56 57 57 57 57 58 58 58 59 59 59 60 59 57 53 51 50 49 48 46 41 41 39 39 37 34 33 33 31 31 31 31 32 33 36 38
55 55 53 53 54 54 55 55 56 56 57 58 58 57 57 57 57 56 56 55 55 54 54 53 53 52 52 52 51 51 51 50 50 50 50 50 50 50 50 50 50 50 50 51 51 51 51 52 52 52 53 53 53 54 54 55 55 55 56 56 57 57 57 58 58 58 58 58 59 59 59 59 59 57 55 54 51 50 48 45 41 41 39 37 36 34 33 33 32 31 31 32 33 35 36 40
56 55 55 54 54 55 55 56 57 58 58 58 58 57 57 57 57 56 56 55 55 54 54 54 53 53 52 52 52 51 51 51 51 50 50 50 50 50 50 50 50 50 50 50 51 51 51 51 52 52 52 53 54 54 54 55 55 55 56 57 57 57 57 58 58 58 59 59 59 58 58 58 58 56 55 53 51 49 47 45 42 40 39 37 35 33 32 33 32 32 31 33 35 37 40 42
56 56 56 56 56 56 56 56 57 57 58 58 58 58 57 57 57 56 56 56 55 55 54 53 53 53 52 52 52 51 51 51 50 50 50 50 50 50 50 50 50 50 50 51 51 51 51 52 52 52 53 53 53 54 54 55 56 56 57 57 57 58 58 59 59 59 59 59 59 58 58 57 56 55 55 54 52 48 43 43 42 40 39 37 36 35 33 33 32 35 32 35 37 39 40 41
57 57 57 56 57 57 57 57 58 58 58 58 58 58 57 57 57 56 56 55 55 55 54 54 53 53 52 52 52 51 51 51 51 50 51 50 50 50 50 50 50 50 50 51 51 51 51 52 52 53 53 53 54 54 55 55 55 56 56 57 57 58 58 58 59 59 59 59 59 59 58 57 56 54 54 53 51 49 47 44 40 38 38 37 36 34 33 32 34 36 35 37 38 39 40 41
57 58 57 57 58 57 58 58 58 58 58 58 58 58 57 57 57 56 56 55 55 55 54 54 53 53 52 52 52 51 51 51 51 50 50 50 50 50 50 50 50 50 51 51 51 51 51 52 52 52 53 53 54 54 55 55 56 56 57 57 58 58 59 59 59 59 60 60 60 59 59 57 55 53 52 52 49 48 47 45 41 38 37 36 35 35 33 34 35 36 36 37 38 39 40 41
58 58 58 58 58 58 58 58 59 59 59 58 59 58 58 57 56 56 56 55 55 55 54 54 53 53 53 52 52 52 51 51 51 51 50 50 50 50 50 50 50 51 50 51 51 51 52 52 52 53 53 54 54 54 55 55 56 57 57 58 58 58 59 59 59 60 60 60 60 60 58 56 54 52 51 50 48 46 45 44 43 40 38 36 35 35 35 34 35 36 37 38 38 39 40 41
59 59 59 58 59 58 58 59 59 59 59 59 58 58 58 57 57 56 56 55 55 54 54 53 53 53 53 52 52 52 51 51 51 51 50 50 50 50 50 50 50 50 51 51 51 51 51 52 52 53 53 53 54 54 55 56 56 57 58 58 59 59 60 60 60 60 61 60 60 59 56 54 53 51 48 48 46 46 45 42 40 39 37 36 35 35 35 35 36 36 37 38 38 39 40 40
59 59 59 59 59 59 59 60 59 60 59 59 58 59 58 57 56 56 56 55 55 54 54 54 53 53 52 52 52 52 51 51 51 50 50 50 50 50 50 50 50 50 51 51 51 51 52 52 52 53 53 54 54 55 55 56 57 57 58 58 59 59 60 60 60 61 60 60 60 58 55 51 50 48 48 46 45 43 42 40 39 38 37 36 35 35 35 36 36 37 38 38 39 40 40 41
59 59 59 59 60 59 60 59 60 60 60 60 59 58 58 57 56 56 56 55 55 54 54 54 53 53 52 52 52 51 51 51 51 50 51 51 50 50 50 50 50 50 50 51 51 52 52 52 53 53 54 54 54 55 55 56 57 57 58 59 59 60 60 60 60 61 60 59 58 56 53 51 51 50 49 45 44 43 41 39 38 38 37 37 36 36 36 36 37 37 38 39 39 40 40 41
59 59 60 60 60 60 60 60 60 60 60 60 59 59 58 56 56 56 55 55 55 54 54 54 53 53 52 52 52 51 51 51 51 50 50 50 50 50 50 50 50 51 51 51 51 51 52 52 52 53 53 54 54 55 56 56 57 57 58 59 60 60 60 61 61 60 60 59 57 56 53 52 52 52 51 48 46 44 42 40 38 38 37 37 37 36 37 37 37 38 38 39 40 40 40 41
59 60 60 60 60 60 60 60 60 60 61 61 61 60 58 57 56 56 55 55 55 54 54 54 53 53 52 52 52 51 51 51 51 50 50 50 50 50 50 50 50 50 51 51 51 51 52 52 52 53 53 54 55 55 56 57 57 58 59 59 60 60 61 61 61 61 60 60 58 55 54 54 54 52 50 48 46 44 43 41 39 38 37 37 37 37 37 37 38 39 39 39 40 40 41 42
59 60 60 60 60 59 60 60 60 60 60 60 59 60 58 57 56 56 56 55 55 54 54 54 53 53 52 52 52 51 51 51 51 50 50 50 50 50 50 50 50 50 50 51 51 51 51 52 52 53 53 54 55 55 56 56 57 58 58 60 60 61 61 62 61 60 58 60 59 58 57 53 53 51 49 47 45 44 41 40 39 39 38 38 38 38 38 38 39 39 39 40 40 41 42 43
59 60 60 61 60 60 60 60 60 60 60 60 59 59 59 57 57 56 56 55 55 54 54 54 53 53 52 52 51 51 51 51 50 50 50 50 50 50 50 50 50 50 50 50 51 51 51 52 52 53 53 54 55 55 56 57 57 58 59 60 61 61 62 62 62 61 60 60 59 58 56 55 54 52 49 47 44 42 41 41 42 39 39 38 38 39 39 39 39 39 40 40 41 42 43 43
59 60 60 60 60 60 60 60 60 60 60 59 60 59 59 58 57 57 56 55 55 55 54 54 53 53 52 52 52 51 51 51 51 50 50 50 50 50 50 50 50 50 50 51 51 51 52 52 52 53 53 54 55 55 56 57 57 58 59 60 60 61 62 63 62 62 61 59 56 56 54 53 53 52 50 49 48 47 46 45 44 42 40 39 39 39 39 39 39 40 40 41 42 42 43 44
59 60 61 60 60 61 60 60 60 60 60 59 59 59 58 58 57 57 56 56 55 54 54 53 53 53 52 52 52 51 51 50 50 50 50 50 50 50 50 50 50 50 50 50 51 51 51 52 52 53 53 54 54 56 56 57 57 58 59 60 61 62 62 63 63 62 60 59 55 53 52 52 53 51 52 51 49 48 47 46 44 43 41 40 39 40 40 40 40 40 41 41 42 43 44 45
59 61 61 60 60 60 60 60 60 61 60 60 60 60 59 59 58 57 56 56 55 55 54 54 53 53 52 52 51 51 51 50 50 50 50 50 50 50 50 50 50 50 50 50 51 51 51 52 52 53 53 54 55 55 56 57 58 58 59 59 60 61 61 61 63 62 61 59 57 57 56 55 54 52 52 50 49 48 47 46 45 44 43 41 41 41 41 41 41 41 42 42 43 44 45 46
59 61 61 61 61 61 61 61 61 61 60 60 60 60 59 59 58 57 57 56 55 54 54 54 53 53 52 52 51 51 51 50 50 50 50 50 50 50 50 50 50 50 50 50 51 51 51 52 52 53 54 54 55 56 56 57 58 58 59 60 61 61 59 58 59 60 59 59 56 55 55 54 53 52 51 50 49 48 46 44 43 43 43 42 42 41 41 41 42 42 42 43 43 44 45 47
59 61 62 62 62 61 61 61 61 61 61 60 60 60 60 59 58 57 57 56 55 55 54 54 53 53 52 52 51 51 51 51 50 50 50 50 50 50 50 50 50 50 50 50 51 51 51 52 52 53 54 54 55 56 56 57 58 59 59 60 60 60 60 59 58 57 57 57 55 54 54 54 53 52 51 50 48 47 44 43 43 44 43 43 42 42 42 42 42 43 43 43 44 45 46 47
60 62 62 62 62 62 62 62 61 61 61 60 60 60 60 59 58 57 57 56 55 55 54 54 53 52 52 52 52 51 51 51 50 50 50 50 50 50 50 50 50 50 50 50 51 51 51 52 52 53 54 55 55 56 56 57 58 58 59 59 60 61 61 60 59 56 54 54 53 54 54 54 52 49 50 49 47 46 43 43 43 44 42 42 42 42 42 42 43 43 44 45 45 46 47 48
61 62 63 62 62 62 62 62 62 61 60 60 60 60 60 59 58 58 57 56 55 55 54 54 53 53 52 52 51 51 51 50 50 50 50 50 50 50 50 50 50 50 50 50 51 51 51 52 53 53 54 55 55 56 57 58 58 59 59 60 60 60 60 60 58 57 55 53 51 51 52 51 51 49 49 49 47 45 44 43 44 43 42 43 43 43 43 43 43 44 45 45 46 47 48 50
60 63 63 63 63 63 62 63 62 61 61 60 60 60 59 59 58 58 57 56 55 55 54 54 53 53 52 52 51 51 51 51 50 50 50 50 50 50 50 50 50 50 50 50 50 51 51 52 53 54 54 55 56 57 57 58 58 59 59 59 60 60 59 59 58 57 54 51 50 50 49 49 50 49 48 47 46 45 45 44 44 44 43 43 43 43 43 44 44 45 46 46 47 48 49 50
61 63 63 63 63 63 63 63 62 62 60 60 60 60 60 59 58 58 57 56 56 55 55 54 53 53 52 52 51 51 51 51 51 50 50 50 50 50 50 50 50 50 51 51 51 51 52 53 53 54 55 55 57 57 58 58 59 60 59 60 60 59 59 58 58 56 54 52 51 51 50 50 50 48 48 48 47 46 45 45 45 44 44 44 43 44 44 44 45 46 46 47 47 49 49 51
61 64 64 64 64 63 64 63 62 62 61 61 61 60 59 59 58 58 57 57 56 55 54 54 54 53 52 52 51 51 51 51 51 50 50 50 50 50 50 50 50 51 51 51 51 52 52 53 54 55 56 57 57 58 58 59 59 60 60 59 59 60 60 60 58 56 56 54 53 52 51 49 49 48 49 48 47 46 45 45 45 45 45 44 44 44 45 45 46 46 47 48 48 49 50 52
