inputs/bclim5.asc
NCOLS 210 
NROWS 174 
XLLCORNER 27.125 
YLLCORNER -2.20833333333333 
CELLSIZE 0.0416666666666667 
NODATA_value -32768 
[rows 126 to 167 of 174, columns 0 to 93 of 210]
296 294 292 293 294 294 295 297 298 299 298 300 301 301 300 301 300 298 302 303 302 302 302 303 303 302 300 296 295 295 295 294 293 294 290 289 288 290 291 290 288 287 282 270 271 250 249 233 214 207 204 194 191 191 202 259 303 304 304 303 303 304 304 304 304 304 301 300 300 301 300 291 287 282 276 275 280 259 260 273 262 260 275 277 278 279 279 281 278 277 278 278 277 278
297 296 294 294 294 294 295 296 297 298 297 299 301 300 299 300 300 297 300 302 302 302 303 303 301 300 300 296 296 296 294 293 291 289 287 285 285 286 288 287 288 285 282 248 263 245 230 215 208 207 203 200 196 196 227 279 304 304 304 303 303 304 304 303 304 303 299 298 299 300 289 281 282 280 269 266 273 267 251 260 247 257 274 277 278 278 279 280 279 277 277 277 276 277
297 296 295 294 292 292 293 295 295 295 296 297 300 298 297 299 297 298 298 300 301 302 302 302 302 300 299 298 297 295 293 292 292 289 287 286 285 284 287 287 285 274 259 241 232 232 230 222 208 207 207 197 198 211 257 291 304 304 304 303 303 303 303 303 303 303 297 298 298 297 277 273 278 280 273 260 264 255 248 249 259 271 274 276 276 277 278 278 277 277 275 275 275 276
297 296 296 295 294 292 291 293 294 294 295 296 298 296 296 297 296 297 297 299 301 301 301 301 301 296 295 296 296 295 293 292 292 291 288 288 286 282 266 278 261 265 258 230 219 231 234 222 206 206 208 200 219 252 290 304 304 304 303 304 304 303 303 303 302 302 294 295 296 291 278 268 274 276 274 266 256 255 257 256 260 268 273 274 276 276 277 278 276 276 274 275 275 274
296 296 296 295 294 293 292 290 291 291 294 298 298 294 295 296 296 295 298 298 299 300 300 299 296 295 293 296 296 296 294 293 291 292 289 277 285 278 280 279 272 266 252 235 228 233 232 216 209 210 218 205 252 264 303 304 304 304 303 304 303 303 303 302 302 300 295 294 293 282 273 271 273 276 273 264 259 255 255 263 264 271 273 274 275 275 276 276 276 275 275 275 276 276
294 295 296 296 295 294 293 292 291 289 290 294 295 296 294 294 294 295 296 295 298 297 300 298 294 292 293 294 295 294 294 293 294 294 291 262 262 268 275 266 264 253 252 236 234 236 232 218 214 207 222 233 247 290 305 305 304 304 303 303 303 303 302 301 300 298 295 291 291 277 269 267 270 271 274 268 254 257 261 270 273 274 275 274 275 274 275 276 276 275 276 276 276 276
293 294 294 296 296 295 294 293 293 291 290 291 291 293 293 291 292 293 295 296 299 295 297 296 293 291 291 290 285 284 289 292 293 293 292 274 270 259 265 257 257 250 241 233 236 237 233 216 221 209 209 257 289 305 305 305 304 304 303 303 303 302 302 301 298 295 291 289 287 275 265 262 266 264 268 263 265 266 270 272 274 275 275 275 274 273 274 274 275 276 275 276 276 276
293 294 294 294 295 296 295 293 293 292 290 289 289 289 289 289 289 290 293 296 295 298 295 294 294 292 291 288 281 288 289 290 291 287 286 282 275 262 250 246 247 239 234 233 235 236 237 218 226 235 234 272 303 306 306 305 304 304 303 303 301 301 301 298 295 292 291 287 277 265 264 262 261 261 261 264 265 266 271 273 274 275 275 275 274 271 272 274 275 274 275 276 276 275
294 293 293 294 293 294 295 294 293 292 292 290 288 287 287 285 288 289 291 295 294 292 293 292 292 287 288 288 288 288 289 288 287 281 274 272 271 267 253 244 244 239 238 236 230 229 237 245 247 249 248 252 305 307 306 305 304 304 303 302 300 300 299 295 292 289 288 280 269 266 262 261 260 262 263 264 267 267 271 273 274 275 275 274 273 274 272 271 269 270 271 274 274 273
293 292 292 292 293 293 294 294 292 291 291 290 289 287 285 287 286 289 292 292 285 289 289 290 286 288 288 287 289 288 288 287 284 277 275 273 275 254 244 233 241 238 240 232 230 225 223 249 256 250 252 270 307 307 307 305 304 304 303 300 300 298 297 295 290 289 287 272 265 264 259 261 262 264 265 266 267 270 272 274 274 274 274 274 273 273 273 273 272 270 267 274 273 272
292 292 290 288 289 290 291 290 290 287 279 281 281 283 283 288 291 292 288 290 290 293 293 295 294 292 291 289 288 288 288 287 275 275 280 275 261 251 241 236 237 239 242 234 232 228 234 259 255 241 257 286 307 307 307 306 305 303 301 297 298 295 294 293 289 285 280 266 264 259 258 260 263 265 265 266 268 270 273 274 274 273 273 272 272 272 272 271 270 272 269 274 272 272
289 288 288 287 288 286 285 286 281 280 279 278 278 280 276 277 290 291 283 283 284 288 289 288 289 287 289 294 292 289 287 281 273 275 271 267 267 267 236 225 240 242 243 237 232 233 255 260 254 238 267 303 307 307 307 305 304 301 299 294 296 293 289 288 289 284 276 263 260 257 260 257 262 265 263 265 266 270 271 268 267 267 268 270 270 271 273 272 269 273 273 273 273 273
289 287 287 283 283 286 285 288 293 291 295 295 297 297 284 286 295 291 287 284 280 283 289 294 295 281 276 278 277 270 273 268 271 282 286 285 264 243 245 223 233 241 244 242 242 253 260 258 250 240 285 307 307 307 307 305 303 300 297 294 293 288 284 281 281 273 265 256 255 259 262 260 261 256 254 260 256 264 271 269 263 264 261 263 266 269 273 274 268 269 274 273 272 272
289 286 290 285 281 285 290 295 292 296 297 294 298 293 281 284 293 294 290 269 272 277 281 287 294 287 286 279 267 262 270 281 293 289 283 272 267 253 239 230 239 241 241 243 247 256 263 263 249 242 289 306 306 306 306 304 301 299 294 292 290 283 279 275 274 266 260 252 253 260 263 263 265 263 258 265 267 265 260 259 262 269 262 259 265 269 268 266 267 271 274 273 270 267
289 282 294 292 288 282 282 289 290 294 287 291 296 299 288 284 296 288 275 284 286 284 290 292 288 288 288 281 281 279 282 291 290 279 271 267 261 256 245 236 235 239 236 244 259 259 267 257 249 239 295 303 304 304 305 303 300 296 290 287 288 282 276 271 267 263 259 258 254 256 263 259 260 263 261 262 264 261 267 269 270 271 259 262 261 264 262 261 273 274 273 271 265 261
296 289 294 292 291 289 296 297 298 298 296 294 293 296 296 290 291 286 282 287 294 285 294 296 295 293 292 289 292 290 285 278 267 258 259 257 252 254 255 248 239 231 235 254 262 266 261 247 242 257 297 298 299 302 304 302 299 293 285 284 287 273 268 265 259 264 260 259 258 262 266 264 262 260 263 266 265 264 259 262 263 270 262 265 262 261 261 270 266 272 266 262 261 261
298 296 300 293 294 295 296 302 302 302 302 302 300 300 297 300 296 290 296 282 274 277 280 292 287 285 290 289 285 277 267 266 268 274 284 289 283 282 284 258 238 241 267 259 255 251 249 248 249 277 294 291 287 300 303 301 298 291 277 271 282 271 265 260 257 250 264 266 262 267 266 267 266 265 265 268 268 267 265 265 270 273 262 269 269 263 262 274 261 259 267 260 261 267
299 300 301 301 302 302 302 302 300 299 302 302 299 290 295 298 298 292 285 288 293 296 298 296 288 277 270 272 280 268 278 276 270 272 279 287 288 272 251 235 254 263 260 244 245 244 244 243 256 280 291 275 271 302 301 299 295 290 278 265 273 263 259 252 241 240 244 252 258 259 260 261 265 266 266 267 261 261 270 269 273 270 261 267 272 261 268 270 261 260 269 262 266 268
301 301 301 302 302 301 300 301 300 299 300 300 298 299 296 292 296 296 283 283 289 289 294 288 289 294 292 291 293 292 291 290 288 285 282 287 287 290 279 270 265 258 264 251 247 241 248 253 264 283 284 256 251 301 300 297 293 288 278 256 252 255 249 247 230 224 233 243 253 249 254 258 257 265 269 268 262 259 267 271 273 274 265 269 269 266 269 276 268 274 269 258 262 269
299 292 297 301 301 300 299 300 300 297 295 295 300 298 296 296 296 294 294 290 288 293 293 285 285 284 297 293 290 289 290 294 289 277 272 279 261 289 262 264 263 246 249 264 253 244 246 253 261 278 277 258 255 299 298 296 292 286 276 259 235 235 230 230 235 222 230 243 234 237 250 258 256 265 268 271 267 269 266 272 275 275 277 276 270 275 273 264 274 276 274 267 264 266
297 297 296 301 300 298 299 298 299 297 295 295 295 294 293 291 293 292 292 289 288 293 294 279 269 278 284 291 291 286 287 288 283 274 263 257 275 285 277 259 236 245 236 245 261 254 247 256 252 272 269 256 276 298 297 294 289 284 272 251 235 221 221 217 213 226 222 229 241 232 236 253 259 265 267 270 273 274 274 274 276 277 278 278 278 273 265 264 259 267 269 275 270 264
299 297 294 300 301 301 299 299 297 297 296 295 294 295 293 293 290 290 290 295 292 289 294 287 283 284 289 290 291 289 285 288 284 279 267 280 285 279 264 257 232 234 224 226 247 260 258 260 258 267 260 251 280 296 295 291 284 276 265 253 234 221 225 214 218 225 230 224 223 236 234 243 250 263 265 267 270 272 272 272 273 277 277 276 275 267 271 266 260 266 258 263 274 268
301 299 298 298 301 301 301 300 298 297 295 295 297 296 294 293 295 295 290 293 293 292 281 282 286 278 285 282 283 264 274 280 286 283 266 267 273 250 255 241 241 232 228 227 248 253 255 259 258 256 252 242 280 292 292 287 277 264 253 249 241 235 226 224 235 229 223 230 227 228 240 239 247 251 262 264 271 272 269 271 273 275 277 277 274 258 268 270 261 261 266 260 267 274
299 301 301 300 301 301 301 301 300 298 298 298 297 293 296 297 298 299 288 286 291 292 291 283 271 283 283 275 280 280 261 279 281 277 267 249 259 269 273 246 253 235 227 227 245 251 250 245 245 244 238 258 285 288 289 285 275 254 250 247 242 242 228 220 228 223 216 230 228 223 238 236 239 251 258 267 270 273 269 273 274 275 276 276 270 251 261 272 270 268 271 268 260 269
297 298 296 299 296 297 300 300 300 299 298 297 295 293 294 293 298 299 295 285 291 292 292 289 287 289 284 254 262 274 277 281 274 263 256 251 232 247 261 262 251 234 232 226 232 249 251 244 233 226 232 271 280 284 285 282 271 256 251 241 243 244 239 220 217 228 223 227 232 230 230 232 235 251 264 267 271 275 273 274 275 270 269 264 263 263 259 273 269 268 267 262 265 258
290 296 291 298 297 295 297 300 300 300 300 299 299 299 295 297 299 300 298 288 288 291 292 285 281 283 278 259 259 264 266 266 261 261 260 253 242 229 262 257 259 259 240 229 233 244 244 237 225 228 254 267 274 278 278 272 261 256 246 243 241 240 238 228 209 218 230 225 234 234 233 233 238 255 264 268 273 274 272 276 273 266 274 270 278 274 264 275 268 258 260 259 265 258
288 288 291 295 297 297 295 298 299 299 299 299 297 298 299 300 300 299 299 297 289 291 292 292 289 283 285 281 272 269 271 264 262 255 252 253 245 239 263 253 245 253 247 249 243 233 238 230 221 238 248 261 268 271 268 262 239 237 236 232 232 232 234 235 217 213 226 229 227 234 232 242 249 263 269 275 276 273 273 277 275 273 277 279 280 277 268 273 265 260 261 260 266 261
289 286 291 295 293 296 294 296 299 297 297 298 298 296 298 298 298 298 298 291 291 292 289 289 285 288 282 271 276 275 273 264 256 253 244 246 238 239 246 256 246 243 232 245 238 227 230 222 221 216 229 251 260 262 251 242 219 213 213 208 205 203 227 236 225 213 228 225 224 238 232 231 255 269 274 275 275 273 277 278 275 278 280 281 280 278 271 269 270 267 262 263 265 259
287 285 290 294 291 292 296 297 298 296 295 297 297 295 296 298 296 298 298 297 283 287 294 294 292 282 276 273 269 284 287 275 255 247 250 255 241 236 236 246 248 227 230 224 233 220 220 223 214 188 203 235 246 252 231 215 203 200 188 184 180 172 226 238 225 224 226 227 231 236 231 236 257 270 273 277 276 276 279 276 277 279 281 280 280 279 278 271 269 271 272 266 268 263
284 280 284 289 287 290 294 298 296 296 293 296 296 296 295 295 297 296 298 293 288 284 292 293 290 285 276 265 262 273 288 285 271 257 259 255 243 232 222 236 237 227 230 223 209 209 223 226 219 197 203 224 238 234 196 187 182 194 208 216 221 227 234 241 235 229 222 227 234 234 230 241 257 270 277 279 276 280 279 279 280 281 280 276 280 279 279 278 276 272 272 270 269 265
285 283 282 279 284 289 292 295 297 295 290 294 292 294 295 295 296 296 297 296 293 289 286 295 288 274 280 274 256 267 284 276 267 268 271 259 255 241 226 223 218 224 228 221 206 211 237 234 227 217 209 212 231 228 181 145 154 189 219 234 240 242 246 242 236 227 228 221 225 236 237 236 243 268 277 276 277 282 280 278 280 281 280 274 280 278 278 275 271 272 269 269 266 266
286 291 285 284 282 286 288 293 294 294 286 290 291 287 293 296 296 293 296 295 292 294 290 295 294 287 278 287 256 247 270 276 262 266 268 237 246 238 225 216 217 216 226 220 209 217 242 242 236 226 194 191 226 221 192 138 134 188 224 244 250 246 247 242 234 231 231 224 221 235 234 236 246 265 277 274 279 281 281 279 273 280 281 270 276 278 279 275 266 274 270 266 266 263
292 290 292 294 290 285 283 288 291 295 293 289 291 284 288 295 292 296 295 295 294 292 294 291 289 288 285 274 281 265 267 268 266 248 258 241 238 235 232 220 215 211 209 211 211 237 252 250 246 241 225 221 232 220 199 182 175 206 221 246 255 248 243 236 227 231 228 229 228 236 231 239 248 258 268 276 279 282 280 279 281 281 280 271 262 263 277 277 274 265 268 271 266 261
296 295 293 293 290 280 281 285 287 293 294 289 286 284 286 290 293 295 297 295 295 296 295 289 290 276 285 286 285 277 268 262 263 257 237 236 233 233 232 218 203 195 197 203 211 243 257 256 255 253 246 240 234 221 209 201 202 213 212 230 258 250 247 231 221 232 234 231 227 231 232 237 249 247 262 274 278 281 276 276 281 278 279 277 262 273 279 278 277 271 267 268 269 265
296 292 289 288 290 281 274 277 283 287 286 280 280 283 282 280 279 288 294 293 287 290 296 295 274 282 276 278 283 278 259 253 249 262 251 242 243 244 243 225 206 192 196 188 219 248 254 256 259 258 256 253 245 225 204 195 204 210 213 232 258 247 242 243 255 246 244 245 244 234 243 236 241 253 261 264 272 275 271 278 280 278 275 278 271 277 279 278 277 274 273 260 268 269
294 290 288 289 282 276 275 273 278 282 279 281 279 280 279 272 269 278 283 286 283 280 285 296 295 282 277 269 264 284 280 266 252 261 262 261 258 257 253 242 216 192 189 186 232 251 252 259 261 262 262 256 250 232 193 185 194 210 225 239 264 248 231 247 257 249 240 241 247 244 250 247 240 248 248 258 260 272 276 280 281 273 271 279 275 276 278 278 276 272 274 264 262 268
290 278 274 280 280 273 272 271 272 275 271 275 274 278 276 272 271 267 269 277 276 276 279 280 286 279 271 264 261 275 284 273 270 259 254 261 260 254 241 210 201 187 185 194 234 247 255 260 263 264 265 261 246 235 211 191 198 213 219 240 266 259 249 259 245 251 244 245 242 249 263 256 251 245 259 258 262 267 275 273 275 276 270 276 273 271 274 277 276 268 273 265 259 269
291 286 276 272 273 271 272 267 266 270 267 269 271 272 273 275 271 267 267 270 274 274 272 282 280 268 267 263 257 278 288 281 280 260 243 248 253 255 243 219 205 197 192 196 232 249 256 260 264 266 267 264 243 225 210 194 198 214 218 239 261 250 256 266 247 250 254 240 239 247 260 267 266 256 258 262 259 267 271 266 266 270 269 268 273 267 270 277 277 274 268 266 262 269
284 283 277 275 275 274 269 264 262 261 265 269 268 269 273 275 271 268 263 265 269 269 269 277 287 288 277 263 258 259 275 289 279 250 229 238 235 237 244 230 198 192 193 201 229 249 255 259 263 266 268 266 245 225 209 198 202 226 233 250 263 257 239 272 262 254 265 245 251 248 261 271 269 265 259 270 266 269 269 270 266 269 263 266 277 272 272 278 277 275 263 265 266 269
295 290 282 276 272 267 267 266 263 261 265 268 267 269 269 275 273 267 263 260 262 265 269 281 286 280 289 265 259 259 254 282 258 254 237 232 229 229 233 211 200 204 183 201 229 251 254 257 261 265 268 268 252 230 215 197 203 225 227 247 264 263 244 268 273 270 271 269 255 258 268 270 268 265 267 264 270 271 272 272 270 266 263 273 278 275 271 278 278 274 264 267 269 269
287 295 275 273 269 265 259 264 261 261 261 265 265 268 269 273 275 265 265 264 267 266 270 282 280 268 280 273 259 262 257 281 274 265 246 229 226 224 213 196 189 197 185 204 242 250 252 254 259 263 267 267 252 246 230 198 201 214 231 249 260 264 251 268 267 264 263 274 271 260 275 276 265 267 262 267 267 270 270 271 268 267 266 276 275 273 276 278 278 277 272 273 271 268
279 295 288 280 271 266 262 261 259 261 264 266 264 265 268 274 275 264 265 265 269 270 273 278 281 269 269 263 262 261 260 283 276 266 245 229 225 229 211 180 191 182 196 232 256 249 249 251 257 263 267 269 267 259 226 206 213 225 238 246 268 261 258 267 265 264 258 264 273 270 277 276 274 274 276 274 263 267 269 269 269 266 267 276 268 271 279 278 277 277 270 273 270 266
