inputs/bclim5.asc
NCOLS 210 
NROWS 174 
XLLCORNER 27.125 
YLLCORNER -2.20833333333333 
CELLSIZE 0.0416666666666667 
NODATA_value -32768 
[rows 84 to 125 of 174, columns 94 to 187 of 210]
323 313 312 312 312 312 312 308 306 309 311 312 312 311 312 311 312 312 312 313 312 312 313 313 313 313 313 314 314 315 316 315 315 316 317 318 318 318 319 319 321 322 323 324 324 325 326 327 329 330 331 331 333 334 335 335 335 333 333 332 331 332 332 332 330 328 325 323 322 322 322 321 321 322 320 320 320 319 318 317 316 315 313 312 310 310 310 310 309 306 303 300 297 299
312 311 313 312 312 313 313 307 305 310 309 311 312 311 312 311 312 312 312 313 313 312 313 313 312 312 312 313 313 313 314 315 314 315 315 316 318 318 318 319 320 320 322 323 324 325 326 327 328 329 330 331 333 334 334 334 334 334 333 331 331 331 332 331 330 327 324 322 321 319 319 320 320 320 320 320 319 319 318 317 316 313 303 308 304 301 306 308 308 304 300 297 298 300
309 310 312 313 312 313 314 313 309 311 306 312 313 313 312 311 312 311 312 312 313 312 313 312 313 312 311 312 312 312 312 313 313 314 314 315 316 317 318 318 319 320 320 321 322 323 325 326 327 328 329 331 331 332 333 333 334 334 333 332 332 332 331 330 329 326 325 323 322 320 319 318 318 319 319 319 319 318 317 315 304 294 286 284 277 277 288 299 306 302 296 295 298 300
309 310 312 313 313 313 313 311 312 310 311 313 313 313 311 310 312 311 312 312 311 311 311 311 311 312 312 311 311 311 311 311 311 312 312 313 314 315 316 317 318 319 319 320 320 322 323 325 326 327 328 329 330 331 332 332 333 333 332 332 332 331 330 329 327 326 325 324 322 320 318 318 318 318 318 319 318 318 316 307 284 275 269 262 253 255 272 292 301 298 290 293 298 299
308 309 312 313 313 312 311 309 312 310 312 313 313 312 312 312 312 311 311 311 310 310 310 310 310 310 311 311 310 310 310 310 309 309 310 312 313 314 314 315 316 317 317 319 320 321 321 323 324 326 327 328 329 330 331 331 332 332 331 331 331 330 329 328 327 326 325 323 320 319 318 318 318 318 318 319 318 317 312 295 273 258 247 240 228 240 260 274 287 274 283 292 297 297
307 309 311 312 310 311 310 311 312 312 313 312 311 311 311 311 311 310 311 311 310 310 309 309 309 309 309 310 310 310 309 309 308 308 309 311 312 311 312 313 314 315 315 317 318 319 320 321 322 324 326 327 328 329 329 330 330 330 330 329 329 329 328 327 326 325 324 322 321 320 319 318 317 317 317 318 317 317 308 289 268 246 229 221 214 224 241 242 267 277 284 290 287 294
306 306 309 310 309 309 311 311 312 312 311 309 310 310 310 309 309 308 309 310 309 309 309 309 308 307 308 308 309 309 309 308 306 306 308 309 310 310 310 310 312 314 315 315 317 318 319 319 320 322 323 324 326 327 327 328 328 328 328 328 327 327 327 324 323 322 322 322 322 321 319 318 317 316 317 317 317 314 302 277 261 238 212 202 201 211 237 253 267 274 279 280 281 286
304 304 307 308 310 309 310 310 310 310 310 309 308 309 308 308 308 307 308 308 309 308 308 308 307 307 306 307 307 306 308 308 307 306 306 308 308 309 309 309 311 312 313 313 314 316 318 319 319 320 321 322 324 325 324 325 325 326 326 326 326 325 325 323 322 320 320 320 320 321 320 319 317 316 316 315 314 315 301 278 254 220 202 184 182 202 220 245 259 267 275 277 276 274
306 307 309 309 309 310 309 309 309 308 308 307 307 307 307 307 307 307 306 308 308 307 307 308 307 306 306 306 306 305 305 306 306 305 305 305 305 307 308 308 309 310 311 311 312 314 315 316 318 319 319 319 321 323 322 323 323 324 324 324 324 324 323 322 321 321 319 319 319 318 319 319 318 317 316 314 302 311 310 290 263 221 189 162 154 176 211 228 252 260 271 276 278 277
308 307 307 306 308 308 307 308 309 308 307 306 306 307 306 306 306 306 307 306 307 306 305 306 307 306 305 304 304 304 304 305 304 303 304 304 304 306 306 306 307 309 310 310 310 312 313 314 314 316 317 317 318 320 320 320 321 322 323 322 322 322 321 321 321 320 319 318 317 318 318 318 317 317 316 315 303 297 295 293 280 237 180 146 155 160 184 210 233 251 269 278 280 281
304 306 306 305 306 306 306 306 306 307 307 306 305 305 305 305 304 305 305 306 307 306 305 305 306 305 304 303 302 302 303 304 304 303 303 302 303 304 304 305 306 307 308 308 308 311 311 312 313 313 315 315 315 317 317 317 319 321 321 320 320 321 321 320 320 320 319 318 318 317 317 317 318 317 318 316 308 294 290 276 260 232 172 140 137 149 180 207 234 256 272 280 282 284
303 304 304 304 305 305 302 305 306 306 306 305 305 304 303 304 304 304 304 304 305 306 305 304 304 304 304 303 302 302 302 303 303 303 302 302 301 303 303 304 305 306 306 306 307 309 309 309 310 311 313 314 313 315 315 315 317 318 318 318 318 319 320 319 319 318 318 318 318 317 317 318 319 318 318 316 294 276 281 287 278 249 186 165 163 172 191 210 228 252 272 280 283 285
302 304 304 303 303 303 303 303 303 303 304 305 304 304 303 302 302 302 303 304 305 305 305 304 303 303 303 302 301 302 302 303 301 302 302 302 301 299 300 303 304 305 305 305 305 307 307 307 307 308 311 311 311 311 312 314 316 317 317 316 317 318 317 318 318 317 317 317 316 316 317 318 319 318 317 314 288 277 292 296 286 245 198 192 184 192 199 220 238 255 271 281 286 287
301 303 303 302 299 299 301 300 300 301 304 304 304 303 301 300 299 301 302 303 304 303 304 303 302 301 302 301 301 300 301 302 301 301 301 302 301 300 300 302 303 304 304 304 304 306 306 307 307 307 308 309 310 310 309 312 314 314 314 315 316 316 315 317 317 317 317 317 317 317 317 318 317 316 315 313 307 300 304 293 273 228 217 211 204 208 213 225 238 256 275 284 288 289
301 302 301 298 293 295 297 297 296 301 302 302 302 301 296 293 298 300 301 303 303 303 303 303 302 302 301 302 301 300 300 301 301 300 300 301 300 298 300 302 302 303 303 302 302 304 305 305 305 305 305 307 308 308 309 311 312 313 312 313 315 314 314 314 316 316 317 317 317 317 317 317 316 316 315 312 312 309 306 294 271 242 236 230 229 225 225 234 243 256 272 284 288 289
298 298 300 300 297 297 296 294 293 295 293 296 296 300 297 293 295 297 298 301 302 302 301 302 302 302 302 301 301 300 299 300 301 301 300 300 299 297 299 300 301 302 302 302 301 303 304 303 303 303 304 304 305 306 307 309 311 310 310 312 313 313 313 312 313 314 315 315 315 316 315 316 316 315 314 310 307 305 302 294 273 262 246 244 245 247 247 254 259 266 275 286 288 290
299 296 298 300 299 298 293 292 291 292 288 288 290 296 297 293 293 293 292 296 299 300 300 301 301 300 301 301 300 299 299 299 300 301 300 300 298 298 299 299 299 301 301 300 300 301 302 303 303 303 304 304 304 305 307 308 308 307 310 311 311 310 310 310 311 314 314 313 313 315 314 314 314 314 313 311 310 306 303 296 294 287 262 258 257 260 264 269 275 282 286 288 290 291
293 294 295 297 297 295 293 292 293 294 292 286 285 293 298 296 296 296 293 290 290 294 299 299 300 299 299 300 300 299 299 299 299 301 300 299 297 298 299 299 300 300 300 300 299 299 300 301 302 302 303 303 302 304 305 306 307 306 307 309 311 310 308 308 310 312 312 312 311 312 313 313 312 312 312 310 309 304 300 300 299 295 285 282 267 280 283 285 288 290 290 290 291 291
286 286 289 293 295 295 290 290 289 287 286 284 283 296 298 297 297 295 290 285 281 283 295 296 298 298 297 299 298 298 298 298 298 299 300 298 296 297 297 297 298 298 299 299 299 298 299 299 300 301 301 301 301 302 302 304 306 305 304 307 309 308 308 309 309 310 311 311 311 311 310 311 311 310 309 308 307 301 304 302 300 296 295 290 286 290 292 291 289 291 292 292 291 293
286 286 286 288 291 293 294 292 285 285 285 285 282 284 291 296 295 294 292 288 289 284 285 294 297 297 296 298 297 297 297 297 296 296 299 296 294 295 295 296 297 297 297 298 297 297 297 298 299 299 299 300 300 299 300 302 303 303 304 305 308 308 309 309 308 309 311 311 311 311 311 311 309 308 308 307 305 304 304 302 299 300 296 292 292 293 295 295 292 291 293 293 291 293
288 287 288 287 287 290 289 289 288 286 288 289 286 284 290 291 294 289 294 294 293 289 284 290 293 292 293 296 296 293 293 293 291 289 293 293 291 292 294 295 295 296 296 297 297 296 295 296 298 297 297 298 299 299 298 299 300 302 302 304 306 307 307 308 308 309 310 310 310 309 309 308 308 309 308 306 306 307 305 300 299 302 300 297 294 295 296 297 295 292 294 295 295 293
290 290 288 288 287 286 286 287 286 289 289 288 288 286 287 289 288 290 291 291 288 286 285 286 288 290 293 294 293 293 291 289 289 288 290 292 290 291 292 293 294 294 295 295 296 296 295 295 296 295 296 296 297 294 294 296 299 301 300 302 304 304 305 307 307 308 309 309 309 309 309 309 308 307 304 307 308 307 307 304 303 302 299 297 294 296 297 299 298 293 295 296 294 293
287 289 288 286 287 287 287 285 287 288 288 289 290 289 289 287 287 288 289 289 288 286 287 289 290 291 292 292 293 293 291 291 291 288 288 289 288 289 291 291 293 293 293 294 295 295 294 294 295 294 294 295 296 295 296 295 298 298 299 301 302 302 304 305 305 306 307 308 308 308 307 307 307 307 306 307 307 307 307 305 304 303 302 299 299 298 298 300 299 297 297 296 291 290
288 286 286 286 286 286 286 282 286 289 287 288 289 290 288 287 286 288 289 288 287 287 286 285 285 289 289 290 293 293 291 291 290 290 288 288 287 288 289 291 291 291 292 292 293 292 293 293 294 294 291 294 295 294 294 293 297 297 297 299 300 300 303 304 303 304 305 306 307 306 306 306 305 305 305 304 299 302 304 304 304 304 303 302 300 299 299 300 299 301 299 295 291 280
285 285 285 284 285 287 285 287 288 289 287 287 288 290 288 287 285 287 288 287 286 287 285 281 279 283 287 290 289 290 290 289 289 289 288 287 287 288 290 290 289 289 290 291 292 291 292 292 291 293 292 292 293 292 293 293 294 296 296 297 298 300 301 301 301 302 304 304 305 301 302 302 301 302 302 302 301 302 303 304 304 303 302 302 301 301 300 301 301 300 300 297 285 273
283 284 284 285 286 286 288 288 288 289 287 286 286 288 288 286 286 285 286 287 286 287 286 284 283 285 285 289 286 285 289 290 289 289 289 287 287 289 289 289 287 287 289 290 290 289 289 288 289 290 292 291 290 291 292 294 295 294 294 294 296 297 298 299 299 299 301 303 304 302 301 299 297 297 299 300 300 302 303 304 304 304 304 302 302 303 303 302 301 298 298 297 295 276
282 284 284 285 287 287 287 289 289 287 286 285 287 288 286 286 287 285 286 287 287 287 286 284 281 281 284 287 287 284 287 286 286 286 287 287 286 287 289 287 287 286 287 289 287 284 285 287 287 287 286 291 292 293 292 292 291 292 293 294 293 294 296 297 297 297 299 300 302 302 301 298 296 296 297 299 300 302 303 303 303 303 302 303 303 305 303 302 301 300 298 296 296 287
284 286 285 287 288 287 287 289 287 287 287 287 287 288 286 286 287 286 287 287 287 287 287 284 281 281 281 285 286 286 286 285 285 285 285 286 285 286 286 286 285 284 286 286 283 284 283 284 285 286 288 290 291 291 292 292 289 292 293 292 293 293 296 296 295 296 299 299 300 301 299 297 297 298 299 300 300 301 302 303 303 302 303 304 305 305 302 301 301 299 298 296 297 293
284 286 288 287 288 287 288 288 288 288 287 288 288 287 285 284 284 285 288 287 287 286 286 284 282 282 281 283 283 284 283 284 285 285 284 285 285 284 285 285 281 283 284 283 284 282 283 283 285 287 286 284 288 292 292 292 290 292 294 294 294 294 296 294 295 296 297 297 298 299 297 297 298 299 299 299 299 300 301 301 301 303 304 304 304 303 302 302 301 300 298 297 298 289
285 288 289 289 289 288 288 288 289 289 289 288 286 285 285 285 285 287 287 287 286 285 285 283 283 282 281 281 281 282 280 281 283 284 284 285 284 285 286 285 283 280 281 281 282 282 281 282 284 285 287 290 290 290 292 292 292 293 294 293 294 295 296 297 298 298 298 297 297 298 297 298 299 298 296 296 298 298 299 301 303 304 303 303 303 303 303 303 301 300 299 298 297 293
288 289 289 289 288 288 288 288 287 287 287 286 285 284 285 285 285 287 286 285 285 284 282 281 281 281 280 280 281 279 280 281 282 282 282 282 283 283 284 283 281 279 278 280 282 283 283 283 283 285 287 289 285 287 290 291 291 292 293 293 292 294 296 296 297 297 296 297 298 298 299 300 299 298 296 298 299 300 301 303 304 303 303 303 304 304 304 302 301 301 300 298 296 295
289 290 289 289 288 286 288 286 287 285 285 286 286 285 285 286 287 285 285 284 283 283 282 281 279 279 281 279 281 281 279 281 279 280 280 280 280 281 282 280 276 275 276 281 282 283 282 281 287 287 288 289 288 285 288 290 291 291 292 292 291 293 296 296 296 297 297 297 297 300 300 300 296 297 298 300 300 301 302 303 302 302 301 301 301 301 301 302 301 300 298 297 296 292
289 287 286 288 288 287 287 286 287 286 286 285 285 285 285 286 286 284 283 282 281 280 281 281 280 280 281 279 279 280 279 280 278 278 279 278 280 280 280 279 278 276 277 280 282 281 279 280 282 287 287 288 288 286 288 290 291 291 292 293 294 294 296 296 296 297 298 298 299 300 300 299 298 300 300 301 302 302 302 302 302 301 301 301 300 300 299 300 300 299 300 299 296 291
287 285 286 285 287 287 285 285 285 286 286 285 285 286 286 285 284 283 282 283 283 282 280 280 280 279 281 280 279 280 279 279 278 278 278 277 278 278 278 278 277 276 278 280 279 278 277 281 285 286 286 287 288 286 288 290 290 291 292 293 294 294 295 296 297 297 298 299 299 300 300 300 300 301 302 302 302 303 303 303 301 301 300 299 300 300 301 300 300 299 297 294 290 285
286 284 285 284 285 286 284 284 284 285 285 286 286 285 285 285 285 285 284 285 284 282 282 280 279 280 281 281 279 280 278 278 277 276 276 275 277 277 277 276 277 277 279 279 279 276 280 283 284 285 286 287 288 288 288 290 290 291 292 292 294 294 295 295 296 295 296 299 299 300 300 301 302 303 301 301 301 301 301 301 300 299 298 299 300 299 299 298 296 294 292 289 286 281
286 283 283 283 284 285 284 283 284 284 284 285 286 284 286 286 286 286 285 284 283 283 282 281 281 280 281 280 279 279 278 276 276 275 274 275 275 275 276 276 277 278 278 279 280 281 282 283 284 284 286 286 287 286 289 290 290 291 292 292 293 293 295 295 296 297 297 299 299 300 301 302 302 303 303 304 302 300 300 299 300 299 301 301 299 299 298 296 293 292 292 290 284 281
285 283 282 282 284 284 283 282 283 283 284 285 286 285 286 285 285 285 285 285 284 282 282 281 281 280 281 280 279 278 277 276 275 274 274 274 275 275 275 276 276 277 277 278 279 280 282 282 284 284 285 286 286 286 288 289 290 290 291 292 293 293 295 295 296 297 298 299 299 300 301 302 302 303 304 303 302 301 299 300 301 303 303 300 299 296 295 293 297 300 297 292 288 284
283 283 282 281 283 283 283 283 282 283 284 285 284 283 284 285 284 282 284 285 285 284 283 282 281 281 280 279 279 277 277 276 275 274 274 274 274 275 275 275 276 276 277 278 279 280 281 282 283 283 285 285 286 287 288 289 289 290 291 291 293 293 294 295 296 297 298 299 299 300 301 302 302 302 303 304 304 302 303 303 304 304 303 302 299 299 300 302 299 305 305 297 296 294
282 282 282 281 282 283 282 282 282 282 283 284 284 282 283 285 284 282 283 284 285 284 282 283 282 281 279 278 278 277 277 275 275 274 274 274 274 275 275 275 275 276 276 278 279 280 281 281 283 283 284 285 286 287 287 288 289 290 291 292 293 293 294 295 296 297 298 299 299 300 301 302 303 303 304 302 302 303 302 302 301 302 305 303 303 304 307 309 310 310 312 313 313 313
281 282 281 280 281 282 283 281 281 282 283 284 284 282 282 284 284 281 281 283 285 284 284 283 282 281 280 279 278 277 277 276 275 274 274 274 274 274 275 274 273 274 276 278 279 279 280 281 282 283 284 284 285 286 287 288 289 290 290 292 292 293 294 295 296 297 298 299 300 300 301 302 303 304 304 304 302 302 301 302 303 305 307 308 308 308 313 315 315 314 314 315 315 315
280 282 280 280 280 281 282 281 280 282 283 283 284 283 283 285 284 283 282 283 284 284 284 282 282 281 280 279 278 277 277 276 275 275 274 274 274 274 275 275 275 276 277 278 279 279 280 281 282 282 284 284 285 286 287 288 288 289 290 291 292 293 294 294 296 296 298 298 300 300 301 302 303 303 303 304 304 304 304 305 307 308 310 310 312 312 314 315 315 315 315 315 315 316
280 280 280 279 279 280 281 281 280 281 282 283 284 283 283 285 283 281 281 283 284 284 283 282 282 281 280 279 278 277 277 276 276 275 275 274 274 274 275 276 276 276 277 278 278 279 280 280 282 282 283 284 285 286 286 287 288 289 290 291 292 293 294 295 296 296 297 298 299 300 301 303 303 304 304 304 304 305 306 307 309 310 311 311 313 313 314 315 315 315 316 316 316 316
