inputs/bclim15.asc
NCOLS 210 
NROWS 174 
XLLCORNER 27.125 
YLLCORNER -2.20833333333333 
CELLSIZE 0.0416666666666667 
NODATA_value -32768 
[rows 110 to 164 of 174, columns 0 to 95 of 210]
26 26 26 26 26 26 26 26 26 26 26 26 26 26 26 26 26 26 25 25 25 25 25 25 25 25 25 25 25 25 24 25 24 25 25 25 25 25 24 25 25 25 25 25 25 25 25 26 26 26 26 26 26 26 26 26 25 27 27 27 27 27 26 27 30 29 28 28 29 30 32 38 40 39 39 39 40 40 41 41 42 42 42 42 42 42 43 42 42 43 42 42 42 42 42 41
26 26 26 26 26 26 26 26 26 26 25 25 26 25 25 25 25 25 25 25 25 25 25 25 25 25 24 24 24 24 24 24 24 25 25 25 25 25 25 24 24 25 25 25 25 25 25 25 25 26 26 26 26 26 25 25 25 27 27 26 27 27 26 26 29 28 28 29 29 31 33 39 39 37 37 37 39 40 40 41 42 42 41 42 42 42 42 42 42 42 42 42 42 42 42 41
26 26 26 26 26 25 25 25 25 25 25 25 25 25 25 25 25 25 25 25 24 25 25 24 24 24 24 24 24 24 24 24 24 24 24 24 24 24 24 25 24 25 25 25 25 25 25 25 25 25 26 26 25 25 25 25 27 28 27 27 28 27 27 27 30 29 28 29 31 35 37 40 38 37 36 36 38 40 41 41 41 41 41 41 41 42 42 42 42 42 42 42 42 41 42 41
26 26 25 25 25 25 25 25 25 25 25 25 25 25 25 25 25 25 25 24 24 24 24 24 24 24 24 24 24 24 24 24 24 24 24 24 24 24 24 24 24 25 24 25 25 25 25 25 25 26 25 25 25 25 25 25 27 28 27 28 28 28 27 27 30 29 28 29 30 32 37 38 36 36 36 37 39 40 41 41 41 41 41 42 42 41 41 42 41 41 41 41 42 41 41 41
25 25 25 25 25 25 25 25 25 25 25 25 25 24 24 25 25 24 24 24 24 24 24 24 24 24 24 24 24 24 24 24 24 24 24 23 24 24 24 24 24 24 24 25 25 25 25 25 26 25 25 26 25 25 27 25 27 28 28 28 29 29 27 30 30 29 29 30 31 32 37 37 37 37 37 37 39 40 40 42 41 41 41 41 41 41 42 41 41 41 41 41 41 41 41 41
25 25 25 25 25 25 25 25 25 25 25 24 24 24 24 24 24 24 24 24 24 23 23 24 24 24 24 24 24 23 24 24 24 24 23 23 24 23 23 24 24 24 24 24 24 24 25 25 25 26 26 27 27 27 27 26 27 28 29 29 30 29 27 30 30 30 30 31 34 35 37 37 37 37 38 38 39 40 41 41 42 41 41 41 41 41 41 41 41 41 41 41 41 40 41 41
25 25 25 25 25 25 24 24 24 24 24 24 24 24 24 24 24 24 24 23 23 23 23 24 24 24 23 23 23 24 24 24 24 23 23 23 23 23 24 24 23 24 24 24 24 24 25 25 25 26 27 27 27 27 27 27 27 29 29 30 31 30 28 30 30 30 31 32 34 36 36 38 38 38 38 39 39 40 41 41 41 41 41 41 41 41 41 41 41 41 41 41 41 41 41 40
25 25 24 24 24 24 24 24 24 24 24 24 24 24 24 24 24 24 23 23 23 23 23 23 23 24 23 23 23 23 23 23 23 23 23 23 23 23 23 23 23 24 24 24 24 24 25 25 26 27 27 27 27 27 27 26 28 29 30 30 31 29 29 30 30 31 32 34 35 36 37 38 39 38 39 39 40 40 41 41 40 41 41 41 41 41 41 41 41 41 41 41 41 41 40 40
24 24 24 24 24 24 24 24 24 24 24 24 24 24 23 24 23 23 23 23 23 23 23 23 23 23 23 23 23 23 23 23 23 23 23 23 23 23 23 23 23 23 24 24 24 24 24 25 25 25 26 27 27 28 27 26 27 29 30 31 33 30 30 31 31 31 34 35 36 37 38 39 39 39 40 40 40 40 41 41 41 41 41 41 41 41 41 41 41 41 41 40 41 40 40 40
24 24 24 24 24 24 24 24 24 24 24 23 23 23 23 23 23 23 23 23 23 23 23 23 23 23 23 23 23 23 23 23 23 23 23 23 23 23 23 23 23 23 23 24 24 24 24 25 25 25 26 27 27 27 27 27 27 29 31 32 34 32 34 32 32 34 36 36 36 38 39 39 40 40 40 40 41 41 40 41 41 41 41 41 41 41 42 41 42 41 41 41 40 40 40 40
24 24 24 24 24 23 23 23 23 23 23 23 23 23 23 23 23 23 23 23 23 22 23 23 22 22 23 23 22 22 22 22 22 23 23 23 23 23 23 23 23 23 23 24 24 24 24 24 25 26 26 26 26 26 26 27 27 29 32 34 34 34 36 35 35 37 38 38 38 39 40 40 40 40 40 40 40 40 40 40 41 41 41 41 41 41 41 41 42 41 41 41 40 40 40 41
24 24 24 23 23 23 23 23 23 23 23 23 23 23 23 23 23 23 23 23 22 22 22 22 22 22 22 22 22 22 22 22 22 22 22 22 22 23 23 23 23 23 23 23 24 24 24 24 25 25 26 26 26 26 27 27 27 29 32 34 35 34 37 38 39 38 38 38 39 40 40 40 40 40 41 41 40 39 39 40 40 40 41 41 41 42 42 42 42 42 42 41 41 41 41 41
24 23 23 23 23 23 23 23 23 23 23 23 23 23 23 22 22 23 23 22 22 22 22 22 22 22 22 22 22 22 22 22 22 22 22 22 22 22 22 23 23 23 23 24 24 24 24 24 25 25 26 26 26 27 27 27 27 30 33 34 35 36 38 38 39 39 39 39 40 40 40 40 41 41 41 41 40 39 39 40 40 40 41 41 41 42 42 42 42 42 41 42 42 41 41 41
24 23 23 23 23 23 23 23 23 23 23 22 22 23 22 22 22 22 22 22 22 22 22 22 22 22 22 22 22 22 22 22 22 22 22 22 22 22 22 23 23 23 23 23 24 24 24 24 25 25 25 26 27 27 28 28 28 31 33 34 35 36 38 39 40 40 40 39 40 40 40 41 41 41 41 41 39 39 39 39 39 40 41 41 41 42 42 42 42 43 42 42 42 42 42 42
23 23 23 23 23 23 23 23 23 23 23 22 22 22 22 22 22 22 22 22 22 22 22 22 22 22 22 22 22 21 22 22 22 22 21 22 22 22 22 22 23 23 23 23 24 23 24 24 24 25 25 26 27 28 29 29 28 32 34 34 35 36 38 39 39 40 40 40 40 40 41 41 41 41 41 41 39 39 38 39 40 40 41 41 42 42 42 43 43 42 42 43 43 43 42 43
23 23 23 23 23 23 23 23 22 22 23 22 22 22 22 22 22 22 22 22 22 21 21 21 22 21 22 21 21 21 21 21 21 22 21 21 22 22 22 22 22 22 23 23 23 23 23 24 24 25 26 28 28 29 29 27 30 32 33 34 35 37 37 38 39 40 40 40 40 41 41 40 41 40 40 40 39 38 38 39 40 40 41 41 42 42 43 43 43 43 43 43 43 43 43 43
23 23 23 23 23 23 23 22 22 22 22 22 22 22 22 22 22 21 22 21 21 21 21 21 21 21 21 21 21 21 21 21 21 21 21 21 21 22 22 22 22 22 22 23 23 23 23 24 25 26 27 28 29 29 28 28 31 32 33 34 35 36 37 38 39 39 39 39 40 40 40 40 39 39 38 38 39 38 38 39 39 39 40 42 42 42 43 43 43 43 43 44 43 43 44 43
23 23 23 23 23 23 23 22 22 22 22 22 22 22 22 22 21 21 22 21 21 21 21 21 21 21 21 21 21 21 21 21 21 21 21 21 21 21 22 22 22 22 22 22 23 23 24 25 26 27 27 28 28 29 27 29 31 32 33 34 35 36 36 38 38 39 39 39 40 40 39 38 39 38 38 37 38 38 37 38 38 39 41 42 42 43 43 44 44 44 44 44 44 44 44 44
23 23 23 23 23 22 23 22 22 22 22 22 22 22 21 22 21 21 21 21 21 21 21 21 21 21 21 21 21 21 21 21 21 21 21 21 21 21 22 22 22 22 22 23 23 23 24 25 26 27 27 28 28 28 27 30 31 32 33 34 35 36 36 37 38 39 39 39 40 40 38 38 38 38 38 37 37 37 37 37 38 40 41 42 42 43 43 44 44 44 45 45 44 44 44 44
23 23 23 23 23 23 23 22 22 22 22 22 22 22 22 21 21 21 21 21 21 21 21 21 21 21 21 21 21 21 21 21 21 21 21 21 21 21 21 21 22 21 22 23 24 23 23 25 27 27 27 28 27 26 28 30 31 32 33 34 35 36 36 37 38 38 38 39 40 39 38 37 38 38 38 37 37 37 37 37 38 40 41 42 43 43 44 44 45 45 45 45 45 45 45 45
23 23 23 23 23 23 22 22 22 22 22 22 22 22 21 21 21 21 21 21 21 21 21 21 21 21 21 21 21 21 20 21 20 20 21 21 21 21 21 21 21 22 22 23 24 24 24 26 27 27 26 28 26 27 29 30 31 32 33 34 35 35 36 37 38 38 38 39 39 38 37 37 38 38 38 37 37 36 37 38 38 40 41 42 43 44 44 45 45 46 45 45 46 45 46 45
23 23 23 23 23 22 23 22 22 22 22 22 22 22 21 21 21 21 21 21 21 21 21 21 20 20 21 21 20 20 20 20 20 21 21 21 21 21 21 21 21 22 22 23 23 23 24 26 26 27 26 26 26 27 29 30 31 31 33 34 34 35 36 37 37 38 38 39 39 38 37 37 38 38 38 37 36 36 37 38 39 40 41 42 43 44 45 45 45 45 46 46 46 46 46 46
23 23 23 23 23 23 22 22 22 22 22 22 22 21 21 21 21 21 21 21 21 21 21 21 21 20 20 20 20 20 20 20 20 20 21 20 20 21 21 21 21 22 22 23 23 24 24 26 25 27 28 25 26 28 29 29 31 31 33 33 34 35 36 37 37 38 38 38 38 38 37 37 37 37 37 37 37 37 38 38 39 40 41 42 43 44 45 45 46 46 46 46 47 47 47 47
23 23 23 23 23 23 22 22 22 22 22 22 22 22 21 21 21 21 21 21 21 21 21 20 21 20 20 20 20 20 20 20 20 20 20 20 20 21 21 22 22 22 23 23 23 24 24 26 25 25 26 25 27 28 28 30 30 32 32 33 34 35 36 37 37 37 38 38 37 37 37 37 37 36 36 37 37 37 37 38 38 40 41 43 43 43 45 46 46 46 47 47 47 47 47 47
24 23 23 23 23 23 23 23 22 22 22 22 22 22 21 21 21 21 21 21 21 21 21 20 20 20 20 20 20 20 20 20 20 20 20 21 20 21 21 22 22 22 23 23 24 24 24 24 24 24 25 25 26 27 28 29 30 31 32 34 34 35 36 37 37 38 38 38 37 37 37 37 36 37 37 37 37 37 37 37 38 39 41 42 44 45 45 46 45 46 47 48 48 48 48 48
24 23 23 23 23 23 23 22 22 22 22 22 22 22 22 21 21 21 21 21 21 21 21 21 21 21 20 20 20 20 20 20 20 20 20 21 20 21 22 23 22 23 23 24 24 25 25 24 24 24 25 25 26 27 28 29 30 32 32 33 34 35 36 37 37 38 38 37 37 37 37 37 37 37 37 38 37 37 37 37 38 39 40 43 44 45 46 46 46 47 47 48 49 49 49 49
24 24 23 23 23 23 23 23 23 22 22 22 22 22 22 22 21 21 21 21 21 21 21 21 21 20 20 20 20 20 20 20 20 20 20 20 21 21 22 23 23 23 23 24 24 25 25 24 24 25 25 25 26 27 28 29 30 31 32 33 34 35 36 37 37 38 37 37 37 37 37 37 37 38 38 38 38 37 37 37 37 36 39 41 43 44 46 47 47 48 48 49 49 50 50 49
24 24 24 23 23 23 23 23 23 23 22 22 22 22 22 22 21 21 21 21 21 21 21 21 21 21 21 20 20 20 20 20 20 20 21 21 21 21 23 24 23 23 23 24 24 24 23 23 24 26 25 25 26 26 27 29 30 31 32 34 34 35 36 37 38 38 37 37 37 37 37 37 37 38 38 38 38 37 36 34 33 33 36 39 41 44 46 47 47 49 49 50 50 50 50 50
24 24 24 24 24 23 23 23 23 23 22 22 22 22 22 22 22 21 21 21 21 21 21 21 21 21 21 21 21 21 21 21 21 21 20 20 21 22 22 25 24 23 23 23 24 23 23 24 24 26 24 24 25 26 28 29 30 31 32 34 35 36 37 37 37 37 36 36 37 37 38 37 38 37 37 37 37 37 37 35 35 34 37 38 40 44 47 49 48 49 51 51 51 51 51 51
24 24 24 24 24 23 23 23 23 23 23 22 22 22 22 22 22 22 21 22 22 21 21 21 21 21 21 21 21 21 21 21 21 21 20 21 21 22 23 24 23 23 23 23 23 23 23 23 24 26 23 24 25 26 27 28 29 31 32 33 35 36 35 36 36 36 36 37 37 37 38 38 39 38 38 38 38 37 37 36 36 36 38 40 41 45 46 47 49 50 52 52 52 51 51 51
24 24 24 24 24 24 24 23 23 23 23 23 22 22 22 22 22 22 22 22 22 22 21 21 21 21 21 21 21 21 21 21 20 21 21 21 21 22 23 24 24 23 24 24 23 23 23 24 25 26 23 24 25 25 27 28 29 31 32 33 34 35 35 35 36 36 36 37 37 38 39 38 39 39 38 38 38 37 37 37 37 40 40 41 43 45 46 47 51 52 53 53 51 51 52 52
24 24 24 24 24 24 23 23 23 23 23 23 23 22 22 22 22 22 22 22 22 22 21 21 21 21 21 21 21 21 21 21 21 22 22 22 22 22 22 23 24 25 24 23 23 23 23 25 25 25 24 24 25 26 27 28 30 31 32 33 34 34 34 35 35 36 36 37 38 39 40 40 39 39 39 40 39 38 38 38 40 42 41 42 44 45 47 50 50 53 51 51 51 52 52 53
25 25 24 24 24 24 24 24 23 23 23 23 23 23 22 22 22 22 22 22 22 22 22 21 22 21 21 21 21 21 22 22 21 21 21 21 21 21 21 22 24 24 22 23 23 24 24 25 25 24 24 25 25 26 27 28 29 31 31 32 34 34 34 35 36 36 37 38 39 40 40 41 41 40 40 41 41 40 40 40 42 45 42 45 46 46 47 52 50 50 53 51 52 54 54 54
25 25 25 24 24 24 24 24 23 23 23 23 23 23 23 23 22 22 22 22 22 22 22 22 22 22 22 22 22 22 22 22 22 22 21 21 21 22 23 24 23 23 23 24 24 25 25 25 25 24 24 25 26 26 27 28 29 31 31 32 33 34 34 35 37 37 38 38 39 40 40 41 42 42 42 42 40 40 43 43 44 45 43 45 48 47 49 51 50 51 53 52 54 55 55 56
25 25 25 25 24 24 24 24 24 24 23 23 23 23 23 23 23 23 23 23 22 22 22 22 22 22 22 22 22 22 22 22 22 21 22 22 22 21 22 22 22 23 23 24 24 25 25 25 24 24 24 26 27 27 27 28 30 31 31 32 33 33 35 36 38 39 40 39 39 40 41 41 42 43 43 43 42 41 42 44 46 47 46 47 48 48 50 53 52 55 55 52 54 57 57 56
25 25 25 25 25 25 24 24 24 24 24 24 23 23 23 23 23 23 23 23 23 22 22 22 22 22 22 22 22 22 22 22 22 22 22 22 23 22 23 23 23 24 24 23 24 25 25 25 25 24 25 26 27 27 28 29 30 30 31 32 34 35 36 37 38 39 40 40 42 42 41 43 43 44 44 44 44 44 44 45 46 48 48 49 49 51 51 51 54 55 56 55 55 56 58 57
26 26 25 25 25 25 25 25 24 24 24 24 24 24 24 23 24 23 23 23 23 23 23 23 23 23 23 22 22 22 22 22 22 22 23 23 22 22 22 24 25 24 26 25 24 24 25 25 26 25 25 27 26 27 28 29 30 31 32 33 35 37 37 38 39 40 40 41 42 43 43 43 44 45 45 46 46 46 47 47 48 48 49 49 51 50 50 51 51 53 55 58 57 56 58 58
26 26 26 26 25 25 25 25 25 24 24 24 24 24 24 24 24 23 23 23 23 23 23 23 23 23 23 23 23 23 23 23 22 23 23 23 22 23 23 24 26 26 27 27 25 24 25 25 25 25 26 27 27 27 28 29 30 31 32 33 35 37 38 39 39 40 41 42 42 43 44 45 44 46 46 46 47 47 47 47 47 49 49 50 50 50 51 51 52 54 53 55 58 57 58 58
26 26 26 26 26 25 25 25 25 25 25 25 24 24 24 24 24 24 24 24 23 23 24 23 23 24 23 23 23 24 23 23 23 23 24 24 23 25 24 25 25 27 27 28 25 25 25 25 25 26 27 28 27 28 29 29 30 31 33 34 35 36 38 39 40 41 41 42 43 44 45 45 46 46 47 47 47 48 47 47 49 49 50 51 50 50 52 52 52 53 54 54 56 58 58 59
27 26 26 26 26 26 26 25 25 25 25 25 25 25 24 24 24 24 24 24 24 24 24 24 24 24 23 24 24 24 24 23 23 24 24 25 24 24 24 26 25 27 28 28 26 25 26 27 27 27 29 28 27 28 29 30 31 32 33 34 36 37 39 40 40 41 42 43 44 44 45 46 47 47 48 48 48 48 48 49 49 49 50 51 50 51 51 53 53 54 55 55 55 58 59 59
27 27 27 26 26 26 26 26 25 25 25 25 25 25 25 25 25 24 24 25 24 24 24 24 24 24 24 25 25 24 24 24 24 25 25 25 27 26 25 25 26 27 27 28 28 26 26 27 29 30 30 27 27 29 29 30 31 32 34 35 37 38 39 40 41 42 43 43 44 45 46 46 47 49 49 50 49 48 49 49 50 50 50 51 50 51 52 53 53 53 55 55 56 56 59 59
28 27 27 27 27 27 26 26 26 26 26 25 25 25 25 25 25 25 25 25 25 25 24 25 25 25 25 26 25 25 25 25 25 25 25 26 26 28 25 25 25 25 27 28 28 27 27 28 31 31 27 27 28 29 30 30 32 33 35 36 38 39 40 41 42 43 43 44 45 45 46 47 48 49 50 49 49 49 49 50 50 50 51 51 51 52 52 53 53 54 54 55 56 56 57 59
28 28 28 27 27 27 27 26 26 26 26 26 26 25 25 25 25 25 25 25 25 25 25 25 25 25 25 25 25 25 25 26 26 26 26 26 27 27 26 26 27 26 27 27 27 29 28 30 32 29 28 28 28 29 30 31 35 36 37 38 39 40 41 42 43 43 44 45 46 47 47 48 49 50 49 49 50 50 50 50 51 51 51 51 52 52 52 52 53 54 55 55 57 56 57 58
29 28 28 28 28 27 27 27 27 26 26 26 26 26 26 26 26 25 25 25 25 25 25 25 25 25 25 26 26 25 26 26 26 27 27 27 28 28 27 26 27 27 29 27 28 30 30 32 32 34 32 29 28 29 31 34 38 40 40 41 41 42 42 43 44 44 46 46 46 48 48 48 50 50 50 50 50 50 50 51 51 51 52 51 52 52 53 53 54 55 55 56 57 57 58 58
29 29 29 28 28 28 27 27 27 27 27 27 26 26 26 26 26 26 26 26 26 26 26 25 26 26 26 26 26 26 26 26 27 28 27 27 28 28 29 28 28 30 29 30 30 32 32 32 34 37 36 32 31 31 35 39 40 41 41 42 42 42 43 44 45 46 47 47 48 48 49 50 50 50 50 50 50 51 50 51 51 52 52 52 52 53 53 53 55 55 56 56 57 57 58 58
29 29 29 29 29 28 28 27 27 27 27 27 27 27 27 26 26 26 26 26 26 26 26 26 26 26 26 27 27 27 26 26 27 28 27 28 28 29 30 29 29 30 30 31 33 34 32 32 34 37 37 35 33 35 39 40 41 41 42 43 43 44 45 46 46 47 47 48 49 49 50 50 51 50 50 50 51 51 51 51 52 52 52 53 53 53 54 54 55 55 56 57 57 58 58 58
30 30 30 29 29 29 28 28 28 28 28 28 27 27 27 27 27 27 27 27 27 27 27 26 26 27 27 27 28 27 27 27 28 27 27 28 28 29 30 31 32 31 31 32 34 34 30 31 33 35 37 37 35 37 40 42 42 42 43 43 45 46 46 47 47 48 48 49 49 50 50 51 51 50 50 51 52 51 51 52 52 53 53 53 54 54 54 55 55 56 57 57 57 58 58 59
30 30 30 30 29 29 29 28 28 28 28 28 28 28 27 27 27 27 27 27 27 27 27 27 27 27 27 27 29 29 28 28 28 28 28 30 30 30 31 32 32 32 32 32 34 33 30 31 32 35 38 39 37 39 41 42 42 42 44 44 45 46 47 48 48 49 50 50 50 51 51 52 52 51 51 51 51 52 52 52 53 53 53 54 54 55 55 56 56 57 57 57 58 58 58 59
30 30 30 30 30 29 29 29 29 28 28 28 28 28 28 28 28 27 27 27 27 27 27 27 27 27 28 28 28 29 29 29 29 30 29 30 31 31 31 32 33 33 34 34 35 31 30 30 31 32 36 37 37 40 41 42 42 43 45 44 44 47 48 48 49 50 50 51 51 52 52 52 52 52 52 51 51 52 52 53 53 53 54 55 56 56 56 56 57 57 57 58 58 59 58 59
31 30 30 30 30 30 30 30 29 29 29 29 29 29 28 28 28 28 28 28 28 28 28 28 28 29 28 28 28 29 29 29 30 30 31 31 31 32 32 33 35 36 36 36 35 31 31 31 31 31 33 35 37 40 42 42 43 44 45 45 44 47 48 49 49 50 51 52 52 52 53 53 53 53 52 51 52 52 52 52 53 54 54 55 55 56 56 57 57 58 58 58 58 59 59 59
31 31 31 31 30 31 31 30 30 30 30 30 29 29 29 29 29 29 29 28 29 28 28 28 29 29 29 29 29 29 30 30 31 30 31 32 32 32 32 33 35 37 37 38 35 32 32 32 32 32 33 33 36 40 42 42 43 45 45 46 44 47 48 49 49 50 51 51 52 53 53 53 53 53 53 52 52 52 53 53 53 54 55 55 55 56 57 57 57 58 58 58 59 60 60 59
31 31 31 31 31 31 31 31 31 30 30 30 30 30 30 30 30 30 29 29 29 29 29 29 29 29 30 30 30 29 29 30 31 31 31 31 31 32 32 33 35 37 38 38 34 33 32 32 32 33 33 34 35 40 42 43 43 45 47 46 44 48 50 49 49 50 52 52 52 52 52 53 54 54 54 53 53 52 53 53 54 55 55 55 56 57 57 58 58 58 59 59 58 60 60 59
32 32 32 32 31 32 32 32 31 31 31 31 31 30 30 31 31 31 30 30 30 30 30 30 30 30 30 31 31 30 30 31 31 32 32 32 32 33 33 36 36 38 38 38 34 33 33 33 33 33 33 34 37 41 43 43 44 46 47 46 44 46 48 48 50 51 52 53 53 53 52 53 54 54 54 54 53 53 53 53 54 55 55 56 56 57 57 58 58 58 59 59 59 61 60 61
32 32 32 33 32 32 32 32 32 32 32 31 31 31 31 31 31 31 31 31 31 31 31 30 30 31 31 31 32 31 30 31 31 32 33 33 33 33 34 35 37 37 38 38 35 34 34 34 34 34 34 34 38 43 43 43 44 46 47 47 45 47 48 47 50 51 51 53 53 53 53 52 52 53 54 54 55 54 53 54 54 55 56 56 57 57 58 59 59 60 59 59 59 61 61 60
33 33 33 33 33 33 33 33 33 33 32 32 32 32 31 31 31 31 32 32 31 31 31 31 31 31 31 32 32 32 31 31 32 33 35 34 35 35 35 35 38 38 39 38 36 35 35 34 35 34 35 35 39 43 44 44 45 48 48 47 45 47 50 47 49 51 50 53 53 54 52 52 53 53 54 53 54 55 54 55 55 56 56 57 57 57 58 59 59 60 59 60 61 62 62 60
