inputs/bclim15.asc
NCOLS 210 
NROWS 174 
XLLCORNER 27.125 
YLLCORNER -2.20833333333333 
CELLSIZE 0.0416666666666667 
NODATA_value -32768 
[rows 0 to 54 of 174, columns 0 to 95 of 210]
61.000000000000000 61 61 62 62 62 62 62 62 62 62 63 62 63 63 63 63 63 63 63 63 64 63 64 64 64 64 63 64 64 64 64 64 64 64 64 64 64 64 64 64 64 64 64 64 64 64 64 64 64 64 64 64 64 64 64 64 64 64 64 64 64 65 64 65 65 65 65 65 65 65 65 65 65 66 66 66 66 66 66 66 66 67 66 67 67 67 67 67 67 68 68 68 68 67 68
61 61 61 61 61 61 62 61 61 61 62 62 62 62 62 62 63 63 62 63 63 63 63 63 63 63 63 63 63 64 64 64 64 64 64 64 64 64 64 64 64 64 64 64 63 64 64 64 64 64 64 64 64 64 64 63 64 63 63 64 64 64 64 64 65 64 65 65 65 65 65 65 65 65 65 65 65 66 66 66 66 67 67 67 66 66 67 67 67 67 67 67 67 68 67 68
60 60 61 61 61 61 61 61 61 61 61 61 62 62 62 62 62 62 62 62 62 62 63 63 63 63 63 63 63 63 63 63 64 63 63 64 63 63 63 63 64 63 63 63 63 63 63 63 64 64 63 63 63 63 63 63 63 63 63 63 63 63 64 64 64 64 64 64 64 64 64 65 65 65 65 65 65 65 66 66 66 66 66 66 66 66 67 67 67 67 67 67 67 67 68 67
60 60 60 60 60 60 60 61 60 60 61 61 61 61 61 61 61 61 62 62 62 62 62 62 62 63 62 63 63 63 63 63 63 63 63 63 63 63 63 63 63 63 63 63 63 63 63 63 63 63 63 63 63 63 63 63 63 62 63 63 63 63 63 63 63 63 64 64 64 64 64 64 64 65 64 65 65 65 66 66 66 66 66 66 66 66 66 66 67 67 67 67 67 67 67 68
59 59 59 59 59 60 60 60 60 60 61 60 60 60 61 61 61 61 61 61 61 62 62 62 62 62 62 62 63 62 62 63 62 63 62 63 63 63 62 63 62 63 63 62 63 62 63 62 63 63 62 62 62 62 62 62 62 62 62 62 62 63 63 63 63 63 63 63 64 64 64 64 64 64 64 65 65 65 65 65 65 66 66 65 66 66 66 66 67 67 67 67 67 67 67 66
59 59 59 59 59 59 59 60 60 60 60 60 60 60 60 60 61 61 61 61 61 61 61 62 62 62 62 62 62 62 62 62 62 63 62 62 62 62 62 62 62 62 62 62 62 62 62 62 62 62 62 62 62 62 62 62 62 62 62 62 62 62 62 62 63 62 63 63 63 63 63 63 63 64 64 64 64 64 64 65 65 66 65 65 65 66 66 66 66 66 66 67 67 67 67 67
58 58 58 58 58 59 59 59 59 59 59 59 60 60 60 60 60 60 61 60 61 61 61 61 61 61 62 62 62 62 62 62 62 62 62 62 62 62 62 62 62 62 62 62 61 61 62 62 62 62 61 62 61 61 61 61 61 62 62 61 62 62 62 62 62 62 63 63 63 63 63 63 63 63 63 64 64 65 64 64 65 65 66 65 65 65 65 65 66 66 67 67 66 67 66 67
58 58 58 58 58 58 58 58 58 59 58 59 59 59 60 59 60 60 60 60 60 61 61 61 61 61 61 61 61 62 61 61 61 61 61 62 62 61 61 61 62 61 61 61 61 61 61 61 61 61 61 61 61 61 61 61 61 61 61 61 61 61 61 62 62 62 62 62 63 62 62 63 63 63 63 64 64 64 64 64 65 65 65 65 65 65 65 65 66 66 66 66 67 66 66 67
57 57 58 57 57 58 58 58 58 58 58 59 59 59 59 59 59 59 59 60 60 60 60 61 61 61 61 61 61 61 61 61 61 61 61 61 61 61 61 61 61 61 61 61 61 61 61 61 61 61 61 61 61 60 61 60 60 60 61 61 60 61 61 61 62 62 62 61 62 62 62 63 63 63 63 63 64 63 64 64 64 64 64 64 65 65 65 65 65 65 66 66 66 66 66 66
57 57 57 57 57 57 57 58 58 58 58 58 58 58 58 58 59 59 59 59 59 59 59 60 60 60 60 60 61 61 61 60 61 61 61 61 61 61 60 61 60 60 60 60 61 60 60 60 60 60 60 61 60 60 60 60 60 60 60 60 60 61 60 61 61 61 61 61 62 62 62 62 62 62 63 63 63 63 64 64 64 64 64 64 65 65 65 65 65 65 65 66 65 66 66 66
56 56 57 57 57 57 57 57 57 57 57 57 58 58 58 58 58 58 59 59 59 59 59 59 60 60 60 60 60 60 60 60 60 60 61 60 60 60 60 60 60 60 60 60 60 60 60 60 60 60 60 60 60 60 60 60 60 60 60 60 60 60 60 61 60 61 61 61 61 61 61 62 62 62 62 62 63 63 63 63 63 63 64 64 64 64 65 65 65 65 66 65 65 66 66 66
56 55 56 56 56 56 56 56 57 57 57 57 57 57 57 58 58 58 58 58 58 59 59 59 59 59 59 60 60 60 60 60 60 60 60 60 60 60 60 60 60 59 60 60 60 59 60 60 59 60 60 59 60 60 59 59 59 60 60 60 60 60 60 60 60 60 60 61 61 61 62 62 62 62 62 62 62 63 63 63 63 64 63 64 64 64 64 65 65 65 66 66 65 66 66 66
55 55 55 55 56 56 56 56 56 56 57 57 57 57 57 57 57 57 57 58 58 58 58 59 59 59 59 59 60 60 60 60 59 59 59 60 59 59 59 59 59 59 59 59 59 59 59 59 59 59 59 59 59 59 59 59 59 59 59 59 59 59 60 60 60 60 60 60 61 61 61 61 61 62 62 62 62 63 63 62 63 63 63 63 63 64 64 64 64 65 65 65 65 65 65 65
55 55 55 55 55 55 55 56 56 56 56 56 56 57 57 57 57 57 57 57 58 58 58 58 58 58 58 59 59 59 59 59 59 59 59 59 59 59 59 58 59 59 59 59 58 59 59 59 59 59 59 59 59 59 59 58 59 59 59 59 59 59 59 60 60 60 60 60 60 60 60 61 61 61 61 62 61 62 62 62 63 63 63 63 63 64 64 64 64 64 65 65 65 65 65 66
54 54 54 55 55 55 55 55 55 56 56 56 56 56 56 56 57 57 57 57 57 57 57 57 58 58 58 58 59 58 59 59 58 58 59 58 58 59 58 58 58 58 58 58 58 58 58 58 59 58 58 59 59 58 59 59 58 59 59 59 59 59 59 59 60 60 60 60 60 60 60 60 61 61 61 61 61 62 62 62 62 63 63 63 63 63 63 64 64 64 65 65 65 65 65 66
54 54 54 54 54 55 55 55 55 55 55 56 56 56 56 56 56 56 57 57 57 57 57 57 57 58 58 58 58 58 58 58 58 58 58 58 58 58 58 58 58 58 58 58 58 58 58 58 58 58 58 58 58 58 58 58 58 58 58 59 59 59 59 59 59 59 60 59 59 60 60 60 60 60 61 61 61 61 61 61 62 62 63 63 63 63 64 64 64 64 64 65 65 65 65 65
54 54 54 54 54 54 54 55 55 55 55 55 55 55 56 56 56 56 56 56 56 56 56 57 57 57 57 57 57 57 57 57 57 57 57 57 57 57 58 58 57 57 57 57 57 58 58 58 57 57 58 58 58 58 58 58 58 58 58 58 58 59 59 59 59 59 59 59 59 60 60 60 60 60 60 60 60 61 61 61 62 62 62 62 62 63 63 63 64 64 64 65 65 65 65 65
53 53 53 53 53 54 54 54 54 54 55 55 55 55 55 55 55 55 55 56 56 56 56 56 56 56 57 56 57 56 57 57 57 57 57 57 57 57 57 57 57 57 57 57 57 57 57 57 57 57 57 57 57 58 57 57 58 58 58 58 58 58 59 59 59 59 59 59 59 59 59 59 59 60 60 60 60 60 61 61 61 62 62 62 62 63 63 63 64 64 64 64 65 65 65 65
53 53 53 53 53 53 53 54 54 54 54 54 54 55 55 55 55 55 55 55 56 56 56 56 56 56 56 56 56 56 56 56 56 56 56 56 56 56 57 56 57 57 57 56 57 57 57 57 57 56 57 57 57 57 57 57 57 57 57 58 58 58 58 58 58 58 58 59 58 59 59 59 59 59 59 60 60 60 60 60 61 61 61 62 62 63 62 63 64 64 64 64 65 65 65 65
52 52 52 52 53 53 53 53 53 54 54 54 54 54 54 55 55 55 55 55 55 55 55 55 55 55 55 56 55 56 56 56 56 56 56 56 56 56 56 56 56 56 56 56 56 56 56 56 57 56 56 56 57 57 57 57 57 57 57 57 57 58 58 58 58 58 58 58 58 58 58 59 59 59 59 59 59 59 60 60 61 60 61 61 62 62 63 63 63 64 64 65 65 65 65 65
52 52 52 52 52 52 53 53 53 53 54 54 54 54 54 54 54 54 54 54 54 55 55 55 55 55 55 55 55 55 55 55 55 55 55 56 56 55 56 56 56 56 56 55 56 56 56 56 56 56 56 56 56 56 56 56 57 57 57 57 57 57 58 57 58 57 58 58 58 58 58 58 58 58 59 59 59 59 59 60 60 60 61 60 61 62 62 63 63 64 64 64 65 65 65 65
51 51 52 52 52 52 52 53 53 53 53 53 53 53 54 54 54 54 54 54 54 54 54 54 54 55 54 55 55 55 55 55 55 55 55 55 55 55 55 55 55 55 55 55 55 55 55 55 55 56 56 56 56 56 56 56 56 56 56 57 57 57 57 57 57 57 57 57 57 58 57 58 58 58 58 58 58 59 59 59 60 60 60 60 61 61 62 62 63 64 64 64 65 65 65 65
51 51 51 52 52 52 52 52 52 53 53 53 53 53 53 53 54 54 54 54 54 54 54 54 54 54 54 54 54 54 54 54 54 54 54 54 55 54 55 55 55 54 55 55 55 55 55 55 55 55 55 55 55 55 56 56 56 56 56 56 56 57 57 56 57 57 57 57 57 57 57 57 58 57 58 58 58 58 59 59 59 59 59 60 60 61 61 62 63 63 64 65 65 65 65 65
51 51 51 51 52 51 52 52 52 52 52 52 53 53 53 53 54 53 54 53 54 54 53 54 54 53 54 54 54 54 54 54 54 54 54 54 54 54 54 54 54 54 54 54 55 55 55 54 55 55 55 55 55 55 55 55 55 55 56 56 56 56 56 56 56 56 57 56 57 57 57 57 57 57 58 58 58 58 58 59 58 59 59 59 60 60 61 62 63 63 64 65 65 65 65 65
50 51 51 51 51 51 51 51 52 52 52 52 52 52 53 53 53 53 53 53 53 53 53 53 53 53 53 53 53 53 53 53 53 53 53 53 54 54 53 53 54 54 54 54 54 54 54 54 54 54 54 55 54 55 55 55 55 56 56 56 56 56 56 56 56 56 56 56 57 56 57 56 57 57 57 57 57 57 58 58 58 58 59 59 59 60 61 61 62 63 64 65 65 66 65 65
50 50 50 51 51 51 51 51 51 52 52 52 52 52 52 52 53 53 53 53 53 53 53 53 53 53 53 53 53 53 53 53 53 53 53 53 53 53 53 53 53 53 53 54 53 53 53 54 54 54 54 54 54 54 54 55 55 55 55 55 55 55 55 55 55 56 56 56 56 56 56 56 56 56 57 56 57 57 57 57 58 58 58 59 59 60 60 61 62 62 62 64 65 65 65 64
50 50 50 50 50 50 50 51 51 51 51 52 52 52 52 52 52 53 52 52 52 53 53 52 53 52 52 52 52 52 52 52 52 53 52 52 52 53 52 52 53 53 53 53 53 53 53 54 54 54 53 54 54 54 54 54 54 55 55 55 55 55 55 55 55 55 55 56 55 56 56 56 56 56 56 56 56 56 57 57 57 58 58 59 59 59 60 61 61 61 61 63 64 64 64 64
49 49 49 50 50 50 50 50 51 51 51 51 51 52 52 52 52 52 52 52 52 52 52 52 52 52 52 52 52 52 52 52 52 51 52 52 52 52 52 52 52 52 52 53 53 52 53 53 53 53 53 53 53 53 53 54 54 54 54 54 54 54 54 55 55 55 55 55 55 55 55 55 55 56 56 56 56 56 56 57 57 57 57 58 58 59 59 60 60 61 61 62 63 63 63 63
49 49 49 49 49 50 50 50 50 50 51 51 51 51 52 52 52 52 52 52 52 52 52 52 51 52 51 51 51 51 51 51 51 51 51 51 51 51 52 51 52 52 52 52 52 52 52 52 52 53 53 53 53 53 53 53 53 54 54 54 54 54 54 54 54 55 54 55 55 55 55 55 55 55 56 56 56 56 56 56 56 56 56 58 57 58 58 58 60 59 60 61 62 62 62 62
49 49 49 49 49 49 50 50 50 50 50 51 51 51 51 51 52 52 52 52 52 52 51 51 51 51 51 51 51 51 51 50 51 51 51 51 51 51 51 51 51 51 51 51 52 52 52 52 52 52 52 52 53 53 53 53 53 53 53 54 53 54 54 54 54 54 54 54 54 54 55 55 55 55 55 55 55 56 56 56 56 56 56 57 56 57 57 58 59 58 59 60 61 61 62 62
48 48 48 48 49 49 49 49 50 50 50 50 50 51 51 51 51 51 51 52 51 51 51 51 51 51 51 50 50 50 50 50 50 50 50 50 50 50 51 50 51 51 51 51 51 51 51 51 52 52 52 52 52 52 52 52 53 53 53 53 53 53 53 53 54 54 54 54 54 54 54 54 54 54 54 55 55 55 55 55 55 55 55 55 55 56 57 57 57 58 59 60 60 61 61 61
48 48 48 48 48 48 49 49 49 49 50 50 50 50 51 51 51 51 51 51 51 51 51 50 50 50 50 50 50 50 49 50 50 50 50 50 50 50 50 50 50 50 50 50 51 51 51 51 51 51 51 52 52 52 52 52 52 52 52 53 53 53 53 53 53 53 53 53 54 54 54 54 54 54 54 54 54 54 54 55 55 54 55 55 55 55 56 56 57 58 59 59 59 60 61 61
47 48 48 48 48 48 48 49 49 49 49 49 50 50 50 50 51 51 51 51 51 50 50 50 50 50 49 49 49 49 49 49 49 49 49 49 49 49 49 50 49 50 50 50 50 50 50 51 51 51 51 51 51 51 51 52 52 52 52 52 52 53 52 53 53 53 53 53 53 53 53 54 54 54 54 54 54 54 54 54 54 54 54 54 55 55 56 56 57 57 58 59 59 60 60 60
47 47 47 47 47 48 48 48 48 48 49 49 49 49 49 50 50 50 50 50 50 49 50 49 49 49 49 48 49 49 48 49 48 48 49 49 49 49 49 49 49 49 49 49 50 50 50 50 50 50 50 51 51 51 51 51 51 51 52 52 52 52 52 52 52 52 52 53 53 53 53 53 53 53 53 54 54 54 53 54 53 53 54 54 54 55 55 55 56 56 57 58 59 59 59 60
47 47 47 47 47 47 47 47 48 48 48 49 49 49 49 49 49 49 50 50 49 49 49 49 48 48 48 48 48 48 48 48 48 48 48 48 48 48 48 48 49 48 49 49 49 49 49 50 50 50 50 50 50 51 51 51 51 51 51 51 51 51 51 52 52 52 52 52 52 52 53 53 53 53 53 53 53 53 53 53 53 53 53 54 54 54 55 55 55 55 56 57 58 58 59 60
46 46 46 46 46 47 47 47 47 47 48 48 48 48 48 48 49 49 49 49 49 49 48 48 48 48 48 48 47 47 47 47 47 47 47 47 48 48 48 48 48 48 48 48 48 49 49 49 50 50 50 50 50 50 50 50 50 51 51 51 51 51 51 51 51 51 52 52 52 52 52 52 52 53 53 53 53 53 53 53 53 53 53 54 54 54 55 55 55 55 56 56 57 58 58 59
46 46 46 46 46 46 46 47 47 47 47 47 47 48 48 48 48 48 48 48 48 48 48 48 47 47 47 47 47 47 47 47 47 47 47 47 47 47 47 47 47 48 48 48 48 48 49 48 49 49 49 49 49 50 50 50 50 50 50 50 50 50 50 51 51 51 51 51 51 51 52 52 52 52 52 52 52 52 52 53 52 53 53 53 53 54 54 54 54 54 55 55 55 56 58 59
45 45 45 46 46 46 46 46 46 46 47 47 47 47 47 47 47 47 47 47 47 47 47 47 47 47 46 46 46 46 46 46 46 46 46 46 46 46 46 47 47 47 47 47 47 48 48 48 48 48 49 49 49 49 49 49 50 50 50 50 50 50 50 50 50 50 51 51 51 51 51 51 52 52 51 51 52 52 52 52 52 52 53 53 53 53 54 54 54 54 54 54 55 56 58 59
45 45 45 45 45 45 45 45 45 46 46 46 46 46 46 47 46 46 47 46 47 46 46 46 46 46 46 46 46 45 46 45 46 45 45 46 45 46 46 46 46 46 47 47 47 47 47 48 48 48 48 48 49 49 49 49 49 49 49 49 49 49 50 49 50 50 50 50 50 50 51 51 51 51 51 51 52 52 52 52 52 52 53 53 53 53 54 54 54 53 54 54 54 56 57 58
44 44 44 45 45 45 45 45 45 45 45 46 46 46 46 46 46 46 46 46 46 46 46 45 45 45 45 45 45 45 45 45 45 45 45 45 45 45 46 45 46 46 46 47 46 47 47 47 47 48 48 48 48 48 48 49 48 48 49 49 49 49 49 49 49 49 50 50 50 50 50 50 50 51 51 51 51 51 51 51 52 52 52 52 52 53 53 53 53 53 53 53 53 55 56 57
44 44 44 44 44 44 44 45 45 45 45 45 45 45 45 45 45 45 45 45 45 45 45 45 45 45 45 45 45 44 44 44 44 44 45 44 44 45 45 45 45 45 46 46 46 46 46 46 46 47 47 48 48 48 48 48 48 48 48 48 48 48 49 48 49 49 49 49 49 50 50 50 50 50 51 51 51 51 51 51 51 51 52 52 52 52 52 52 52 52 52 52 53 53 55 56
44 44 44 44 44 44 44 44 44 44 44 44 45 45 45 45 45 45 45 45 45 45 44 44 44 44 44 44 44 44 44 44 44 44 44 44 44 44 44 44 45 45 45 45 45 45 45 46 46 46 47 47 47 47 48 48 48 48 48 48 48 48 48 48 48 48 49 49 49 49 49 50 50 50 50 50 50 51 51 51 51 51 51 51 51 51 51 51 51 51 51 51 52 53 54 54
43 43 43 43 43 43 44 43 43 44 44 44 44 44 44 44 44 44 44 44 44 44 44 44 44 44 44 43 44 43 43 43 44 43 44 43 43 44 44 44 44 44 45 45 45 45 45 45 46 45 46 46 47 47 47 47 47 47 47 47 47 47 48 48 48 48 48 48 49 49 49 49 49 49 50 50 50 50 50 50 50 51 51 51 51 51 51 51 51 50 50 51 51 52 53 53
43 43 43 43 43 43 43 43 43 43 43 43 43 43 44 43 44 44 43 44 43 43 43 43 43 43 43 43 43 43 43 43 43 43 43 43 43 43 44 44 44 44 44 44 44 44 45 45 45 45 45 46 46 46 46 46 47 46 46 47 47 47 47 47 47 48 48 48 48 48 49 49 49 49 49 49 50 50 50 50 50 50 50 50 50 50 50 50 50 50 50 50 51 51 52 53
42 42 42 42 42 42 42 42 42 43 42 43 43 43 43 43 43 43 43 43 43 43 43 43 43 43 42 42 42 42 42 42 42 43 43 43 43 43 43 43 43 43 43 43 44 44 44 44 44 45 45 45 45 45 45 46 46 46 46 46 46 46 46 47 47 47 47 47 48 48 48 49 49 49 49 49 49 49 50 49 50 50 50 50 50 50 50 50 50 50 50 50 50 51 51 52
42 42 42 42 42 42 42 42 42 42 42 42 42 42 42 42 42 43 42 42 42 42 42 42 42 42 42 42 42 42 42 42 42 42 42 42 42 42 42 43 43 43 43 43 43 43 43 44 44 44 44 45 44 44 44 45 45 46 45 46 45 46 46 46 46 46 47 47 47 47 48 48 48 48 48 49 49 49 49 49 50 50 50 50 50 50 50 50 50 50 50 50 51 51 51 52
41 41 41 41 41 42 41 41 41 41 41 42 42 42 42 42 42 42 42 42 42 42 42 42 42 41 41 41 42 41 41 42 42 42 42 42 42 42 42 42 42 42 42 43 43 43 43 43 43 44 44 44 44 44 44 44 45 45 45 45 45 45 45 45 46 46 46 47 47 47 47 47 48 48 48 48 49 49 49 49 49 50 50 49 50 50 50 50 50 50 51 50 50 51 51 51
41 41 41 41 41 41 41 41 41 41 41 41 41 41 41 41 41 41 41 41 41 41 41 41 41 41 41 41 41 41 41 41 41 41 41 41 41 42 42 42 42 42 42 42 42 42 43 43 43 43 43 43 43 43 43 44 44 44 44 45 45 45 45 45 46 46 46 46 46 46 47 47 47 47 48 48 48 48 49 49 49 49 49 49 49 50 50 49 50 51 51 51 51 51 51 51
41 40 40 40 40 40 41 40 41 41 41 40 41 40 41 41 41 41 41 41 41 41 41 41 41 41 41 40 41 41 40 41 41 41 41 41 41 41 41 41 41 42 42 42 42 42 42 42 42 42 42 43 43 43 43 44 44 43 43 44 44 44 44 45 45 45 45 45 45 46 46 47 47 47 47 48 48 48 48 48 49 49 49 49 50 50 50 50 50 51 51 51 51 51 51 51
40 40 40 40 40 40 40 40 40 40 40 40 40 40 40 40 40 40 40 40 40 40 40 40 40 40 40 40 40 40 40 40 40 40 40 40 40 40 41 41 41 41 41 41 41 42 42 42 42 42 42 42 42 42 43 43 43 43 43 43 43 44 44 44 44 45 45 45 45 45 46 46 47 46 47 47 47 48 48 48 48 49 49 49 49 49 49 50 50 50 50 51 51 51 51 51
40 40 40 40 40 39 39 40 39 40 40 39 40 39 39 39 40 40 40 40 40 40 40 39 39 40 40 40 40 40 40 40 40 40 40 40 40 40 40 40 40 41 41 41 41 41 41 41 41 41 41 41 41 42 42 42 42 42 43 43 43 43 44 44 44 44 44 45 45 45 46 46 46 46 46 47 47 47 47 48 48 49 49 49 49 49 50 49 50 50 50 51 51 51 51 51
39 40 39 39 39 39 39 39 39 39 39 39 39 39 39 39 39 39 39 39 39 39 39 39 39 39 39 39 39 39 39 39 39 39 39 39 40 40 40 40 40 40 40 40 40 41 41 41 41 41 41 41 41 41 41 42 42 42 42 42 43 43 43 43 44 43 44 44 45 45 45 45 46 46 46 47 47 47 47 47 48 48 48 49 49 49 49 49 49 49 50 51 51 51 51 51
39 39 39 39 39 39 39 38 39 38 38 38 38 38 39 38 39 39 39 39 39 39 39 39 39 39 39 39 39 39 39 39 39 39 39 39 39 39 39 40 40 40 40 40 40 40 40 41 41 41 40 41 41 41 41 41 42 41 42 42 42 42 42 42 43 43 43 44 44 44 45 45 45 45 46 46 46 47 47 47 47 48 48 48 49 49 49 49 49 49 49 50 50 51 50 51
39 39 39 38 38 38 38 38 38 38 38 38 38 38 38 38 38 38 38 38 38 38 38 38 38 38 38 38 38 39 38 39 38 39 39 39 39 39 39 39 39 39 40 40 40 40 40 40 40 40 40 41 40 41 40 41 41 41 41 41 42 42 42 42 42 43 43 43 43 44 44 44 45 45 45 46 46 46 47 47 47 47 48 48 49 49 49 48 48 48 48 50 50 51 51 50
38 38 38 38 38 38 38 38 37 37 37 37 37 37 38 38 38 38 38 38 38 38 38 38 38 38 38 38 38 38 38 38 38 38 38 38 39 39 38 39 39 39 39 39 39 40 40 40 40 40 40 40 40 40 40 40 40 40 41 41 41 41 41 42 42 42 42 42 43 43 44 44 44 44 45 45 46 46 46 46 47 47 47 48 48 48 48 48 48 47 48 50 50 50 50 51
