inputs/bclim6.asc
NCOLS 210 
NROWS 174 
XLLCORNER 27.125 
YLLCORNER -2.20833333333333 
CELLSIZE 0.0416666666666667 
NODATA_value -32768 
[rows 0 to 41 of 174, columns 96 to 191 of 210]
187 188 189 190 190 191 192 192 193 194 194 195 195 196 196 196 196 197 196 196 196 196 196 196 196 196 196 196 196 196 195 196 196 196 196 196 196 196 196 196 196 197 196 196 197 197 197 197 197 197 197 197 196 196 196 196 196 197 196 196 196 196 197 197 198 199 198 198 198 199 199 200 201 202 202 203 204 205 205 205 206 207 207 207 207 207 208 208 208 208 209 209 209 209 210 210
187 188 189 189 190 191 191 192 193 193 194 194 195 196 196 196 196 196 196 196 196 196 196 195 195 196 196 196 196 196 195 195 196 196 195 195 196 195 195 196 195 195 196 196 196 196 196 196 197 197 196 197 196 196 196 195 196 196 196 195 195 196 197 197 197 198 197 196 195 196 198 199 200 201 202 203 203 205 205 205 206 207 207 207 207 206 209 209 209 210 210 210 210 210 210 210
186 187 188 189 190 191 191 192 193 193 194 194 195 195 195 195 195 195 195 195 196 196 195 195 195 195 195 195 195 195 195 195 195 196 195 195 193 194 195 195 195 195 196 195 196 196 196 196 196 196 196 197 196 196 195 195 195 195 195 195 194 195 196 195 196 196 196 194 190 192 196 198 199 200 201 203 204 204 205 204 206 207 207 208 209 209 209 210 210 210 210 210 211 210 206 208
186 187 188 188 189 191 192 192 193 193 194 194 194 195 194 195 195 195 195 195 196 195 195 195 195 194 194 194 194 195 195 195 194 194 195 193 180 190 194 194 195 195 195 195 195 195 196 196 195 196 196 196 196 196 195 195 194 194 194 194 193 194 195 194 195 193 192 188 187 191 195 197 199 200 201 202 203 204 205 205 206 207 207 208 209 209 209 210 210 210 210 211 211 209 205 207
186 186 186 188 189 190 191 190 192 192 192 194 194 194 194 194 194 194 195 194 195 195 195 195 194 194 194 194 194 194 195 194 194 194 194 193 182 184 192 194 195 194 195 195 195 195 195 195 196 196 196 196 195 196 195 194 194 194 193 193 193 194 194 192 194 191 189 186 187 190 193 197 198 199 201 202 203 204 205 205 206 207 208 207 208 209 209 210 210 210 211 212 211 211 210 211
185 185 187 188 189 190 190 190 191 191 192 194 194 193 192 192 193 193 193 194 194 194 194 194 194 194 194 194 193 193 194 193 193 193 194 193 176 168 190 193 194 194 194 194 195 194 195 194 194 195 195 195 195 195 194 194 194 193 192 192 192 192 193 192 191 191 189 186 189 192 194 196 198 200 201 202 203 204 205 206 206 207 208 207 208 208 210 210 210 210 212 212 212 213 212 212
184 183 186 188 189 190 190 190 190 192 193 194 193 192 193 192 193 193 192 193 193 193 193 193 194 193 193 193 193 193 193 193 193 193 193 193 183 166 175 190 193 193 194 194 194 194 194 194 194 195 195 194 194 195 194 193 193 192 191 191 190 190 191 192 191 190 190 189 190 192 194 196 198 199 200 201 203 204 205 206 206 207 207 207 207 209 210 210 211 212 212 212 213 213 213 212
182 184 186 188 189 189 189 189 190 191 193 194 193 193 192 192 192 192 191 192 192 192 193 193 192 193 193 193 192 193 192 193 192 192 193 193 189 176 178 183 192 193 194 194 194 193 193 193 194 194 193 182 192 193 194 193 192 191 190 190 189 188 190 191 191 190 189 189 190 192 195 196 197 198 200 201 203 204 205 206 207 207 208 208 208 210 210 210 211 211 212 213 213 213 213 212
181 183 186 188 188 188 188 190 191 192 193 194 193 192 192 191 191 191 190 191 191 191 190 192 192 192 192 192 192 192 191 191 192 192 191 192 192 190 188 186 191 192 193 193 193 193 193 193 194 193 194 185 180 192 192 192 192 190 189 188 188 187 188 190 189 189 189 188 189 191 194 195 196 198 199 201 203 204 205 206 207 208 208 209 209 210 210 211 211 211 213 213 213 213 213 212
180 183 186 187 188 187 187 189 191 192 193 193 193 193 192 192 191 191 187 188 190 188 188 191 191 191 191 191 191 191 191 191 191 191 191 192 192 191 189 177 174 185 189 192 193 192 192 192 193 193 193 190 181 191 191 191 189 189 188 187 187 186 187 188 188 187 187 186 189 191 193 194 195 197 199 201 202 204 205 206 207 208 208 209 210 210 211 211 211 212 213 213 213 214 214 213
181 183 185 186 187 187 188 190 191 192 192 192 193 193 192 191 191 191 185 188 189 190 190 191 191 191 191 190 190 190 190 191 190 190 190 191 191 192 191 183 180 169 177 191 192 192 192 192 192 192 192 192 185 189 190 189 185 177 184 185 185 184 186 186 185 183 184 184 188 190 192 193 195 197 199 201 203 203 205 206 207 208 209 209 210 210 211 211 212 213 213 213 213 214 215 214
181 182 184 183 187 187 188 190 191 192 191 191 192 193 192 191 190 190 187 188 187 188 189 189 190 190 190 189 189 189 189 190 190 189 189 190 190 191 191 191 190 184 164 189 190 192 192 192 191 192 191 191 191 188 188 186 184 178 174 180 182 183 182 183 182 177 181 183 187 187 191 193 195 196 199 201 202 202 203 205 207 208 209 209 210 210 211 212 212 213 213 213 214 214 215 215
180 182 183 184 186 186 188 189 190 192 191 189 191 193 192 191 190 189 186 182 185 184 187 177 186 190 189 187 188 188 189 189 189 189 188 189 190 190 191 191 191 190 182 188 184 190 192 191 191 191 190 190 189 178 178 185 179 175 174 179 180 181 180 179 178 177 179 182 183 186 190 193 195 197 199 200 201 193 190 202 207 208 209 209 210 210 211 212 212 213 213 213 214 215 215 215
180 181 182 183 185 187 188 189 190 191 190 189 191 192 192 191 190 188 188 185 184 183 186 185 176 189 189 180 186 187 188 188 188 188 187 188 188 189 191 191 192 191 191 191 186 189 191 190 190 190 189 188 187 181 172 182 170 169 174 177 179 179 172 171 173 175 178 179 183 187 190 193 195 197 198 200 199 189 166 195 206 208 208 209 210 211 211 212 213 213 213 214 214 215 215 215
179 180 182 183 184 187 188 189 191 191 190 189 191 192 191 191 190 188 188 187 185 184 186 188 186 189 188 187 186 187 187 188 187 187 187 187 187 189 190 191 191 192 191 191 190 189 190 190 189 189 188 187 186 183 173 175 162 157 166 170 175 175 155 165 171 174 175 175 182 187 190 192 194 196 197 199 198 181 171 200 206 207 208 209 210 211 211 212 213 213 214 214 215 215 216 215
177 179 180 183 184 186 188 189 190 191 190 189 191 191 192 191 190 188 186 186 184 183 186 188 188 187 185 188 186 186 183 186 187 187 187 187 187 188 190 191 191 191 191 191 191 190 188 189 189 188 188 186 184 180 160 146 157 140 146 149 165 168 151 164 169 172 172 170 177 185 189 191 193 195 196 198 197 180 189 202 205 207 208 208 210 210 211 212 213 213 214 214 215 215 216 216
177 178 180 182 185 186 188 189 191 191 190 190 191 190 191 191 190 189 187 184 182 184 185 184 187 187 182 185 187 181 182 186 185 187 187 187 187 189 190 191 191 191 191 191 191 190 190 188 188 188 187 186 182 175 177 170 158 134 126 129 151 160 154 163 166 169 169 170 179 183 188 190 192 194 196 197 193 178 191 203 205 206 207 208 209 210 211 212 213 213 214 214 215 215 216 216
176 178 179 181 184 186 188 189 190 191 191 190 190 190 190 191 191 190 187 186 185 186 186 185 184 184 182 184 186 180 177 185 180 186 187 186 187 185 189 190 191 190 191 191 191 190 188 182 186 187 186 185 177 160 163 170 159 147 135 128 142 155 154 161 164 166 166 170 177 184 187 189 191 193 195 196 191 177 175 203 205 206 207 208 209 210 211 212 213 213 214 214 215 216 216 216
176 177 179 181 183 186 188 189 189 191 191 190 190 190 190 191 191 190 189 189 188 188 187 186 184 182 183 185 183 181 183 183 178 186 186 184 185 185 182 189 190 190 190 190 189 190 186 160 168 182 185 184 179 173 160 162 154 137 128 122 127 139 147 158 163 165 169 175 180 184 187 189 191 193 194 195 193 176 181 202 204 205 206 208 209 210 211 212 213 213 214 214 215 216 216 216
177 178 180 182 185 186 187 188 189 191 191 190 189 189 189 190 190 191 191 190 189 189 188 187 185 183 181 182 175 175 181 181 177 184 185 180 185 183 180 186 188 189 189 189 187 186 181 159 166 179 185 183 179 176 172 164 165 149 137 133 124 130 144 157 164 171 175 178 180 183 186 189 190 192 193 194 195 193 187 201 203 205 206 208 209 210 211 212 213 213 214 214 215 216 216 216
176 178 179 182 185 186 187 187 188 191 192 191 189 189 189 187 189 190 190 189 188 188 187 186 185 183 182 179 175 176 179 179 176 181 184 178 182 180 174 156 174 188 189 189 188 187 177 130 127 168 184 183 181 178 173 169 168 165 148 149 148 139 147 154 155 163 172 173 169 167 184 187 188 190 192 194 196 198 200 202 203 205 206 208 209 210 211 212 212 213 214 214 215 216 216 216
176 177 178 182 184 185 186 186 186 189 192 192 190 190 191 189 189 189 189 187 186 186 187 186 185 184 182 181 179 178 178 177 176 173 174 181 181 179 151 135 151 177 187 188 187 187 182 141 135 174 178 183 181 179 176 174 171 169 165 160 158 157 148 138 122 138 150 165 144 139 173 184 186 189 191 194 194 194 194 201 203 205 207 208 209 210 211 212 212 213 214 215 215 215 216 217
175 176 178 181 184 185 186 185 183 184 191 192 191 191 190 190 188 188 187 184 183 185 185 184 183 182 179 179 180 178 177 176 176 166 165 169 180 182 180 168 139 140 178 186 187 185 184 169 142 174 179 183 181 179 177 175 173 172 169 167 162 161 159 145 117 145 152 153 146 150 176 181 185 188 190 192 193 186 176 195 203 205 206 207 208 210 210 211 212 212 214 214 215 215 216 217
175 176 178 180 182 183 185 185 181 182 186 192 192 191 190 191 187 190 186 181 181 183 182 182 183 182 180 177 178 178 177 176 175 169 149 140 161 178 181 180 150 129 132 167 184 185 183 180 175 173 180 182 181 180 177 175 174 173 171 169 166 164 163 160 156 158 155 150 157 159 165 177 183 186 189 191 191 181 173 181 185 202 205 206 208 209 210 211 212 212 214 214 215 215 216 217
175 176 178 179 180 182 184 185 181 179 180 188 193 192 192 191 190 189 185 179 179 180 180 182 184 183 181 179 177 176 176 176 175 174 156 132 123 147 179 167 154 128 110 126 145 179 183 180 178 176 179 181 180 179 178 177 176 175 173 171 168 166 165 164 162 162 161 157 152 155 171 177 182 185 187 189 191 186 177 170 164 189 204 205 207 208 209 211 212 213 213 214 215 215 216 217
175 176 178 178 179 182 185 184 181 178 179 182 185 193 193 191 189 187 184 180 179 178 180 180 181 184 183 182 180 177 177 177 175 176 171 154 152 138 137 133 127 120 103 94 100 144 179 177 177 179 179 179 180 178 177 175 175 173 173 172 170 169 167 166 165 164 162 159 156 150 158 171 179 182 185 187 188 188 186 168 156 184 203 204 206 208 209 210 211 213 213 214 214 214 214 216
175 176 177 177 180 182 185 184 180 177 179 178 176 183 193 192 191 188 183 182 181 182 182 180 182 185 184 183 182 180 178 179 178 177 176 172 157 148 140 137 145 136 95 89 96 117 150 176 171 178 178 178 179 178 177 175 173 172 171 171 170 170 169 167 166 164 163 161 158 153 140 162 176 180 181 182 183 188 187 170 168 185 202 204 206 207 209 210 211 212 213 213 214 213 212 213
174 175 176 177 181 183 184 185 181 178 179 177 174 175 184 194 191 188 185 184 184 184 183 185 186 186 185 184 182 181 179 180 180 179 179 177 174 167 160 149 156 148 113 97 108 98 140 166 152 173 177 177 177 177 174 172 171 171 170 169 169 167 166 165 165 165 163 162 160 157 154 164 174 175 176 177 180 187 190 192 194 197 201 203 205 207 208 210 211 211 212 213 213 212 200 207
174 175 177 179 180 181 182 184 182 181 179 177 174 173 178 188 191 183 187 186 186 184 185 186 187 186 185 184 183 182 181 181 181 179 178 177 176 175 169 160 157 149 112 114 144 143 155 169 161 155 175 175 176 177 175 163 152 160 167 167 166 166 163 161 157 161 163 161 159 151 155 155 159 161 165 169 179 186 190 192 195 198 201 204 206 207 208 209 210 211 212 211 211 207 192 206
175 176 178 179 178 180 180 183 183 180 177 174 171 171 172 184 181 189 188 188 187 186 186 187 186 184 183 183 183 183 182 182 180 179 177 175 171 172 174 167 154 131 117 124 156 163 162 166 162 134 170 173 174 175 175 167 147 139 154 162 164 165 160 156 153 142 138 139 132 113 129 146 162 170 174 175 179 186 189 192 195 198 200 204 205 207 208 209 210 211 211 210 209 200 172 201
175 176 177 177 177 179 180 182 180 178 175 173 170 171 175 180 179 169 189 189 188 188 188 187 185 185 184 183 182 181 181 180 178 177 175 173 172 166 159 164 140 135 136 133 157 166 164 166 165 164 171 173 174 174 174 171 151 133 143 158 162 164 161 157 150 147 146 143 133 132 133 143 157 164 163 178 182 185 188 192 195 199 201 203 203 205 207 208 209 210 210 209 208 198 170 200
174 175 175 177 176 177 179 180 180 178 176 175 170 170 174 172 169 166 178 191 190 190 188 186 187 186 186 184 182 180 180 179 177 175 173 173 172 171 170 169 165 158 161 149 158 166 167 166 166 167 170 172 174 173 173 172 158 130 135 150 158 162 161 157 153 152 151 151 146 128 132 131 143 144 143 161 178 177 183 191 194 198 201 202 201 202 205 208 209 209 209 208 206 199 181 204
174 173 175 175 175 177 178 179 179 180 178 177 173 169 168 165 162 164 169 186 189 188 188 188 188 188 185 184 183 181 179 177 175 174 174 173 173 172 170 169 167 164 160 162 162 166 167 160 165 166 169 171 173 172 172 172 169 150 146 148 155 157 161 158 155 154 154 153 147 135 138 139 140 141 140 140 168 156 173 186 193 197 200 201 198 199 204 207 208 209 208 203 204 200 200 208
172 172 174 173 173 176 178 179 180 181 181 181 176 171 168 167 164 161 172 181 189 186 185 186 187 188 187 186 184 181 180 178 176 176 174 172 171 169 167 164 165 165 155 166 165 166 167 166 165 162 167 171 171 171 171 170 170 161 159 147 149 154 157 158 156 155 155 155 155 152 148 149 147 143 138 133 139 138 165 178 192 197 199 200 198 200 204 206 208 208 207 193 196 204 207 209
171 171 172 172 175 177 179 179 180 181 183 182 177 172 169 175 176 173 181 182 188 189 187 186 187 188 186 186 184 183 181 180 178 175 173 171 170 168 167 158 164 164 165 166 166 166 167 166 164 162 167 169 170 170 169 168 167 167 162 143 136 152 155 157 157 157 157 155 155 154 152 149 145 143 141 139 138 134 148 177 191 195 197 199 199 202 204 206 207 208 206 199 194 203 207 209
169 170 171 173 174 177 178 179 180 181 183 183 179 175 173 184 187 186 188 190 190 190 190 188 186 187 187 184 184 182 181 180 177 175 173 171 169 167 165 163 163 164 164 165 166 166 166 165 165 163 166 167 168 170 166 162 166 165 164 151 142 148 155 158 158 158 156 150 152 152 147 147 147 145 141 137 137 135 150 174 190 193 195 198 200 202 203 205 207 207 207 199 199 206 208 209
169 169 170 171 172 174 176 178 180 181 182 182 183 187 190 190 189 189 190 191 190 190 189 187 185 186 185 183 181 181 180 179 177 175 172 170 168 166 164 162 162 163 163 163 165 165 165 165 164 163 165 166 167 168 166 164 164 163 162 162 153 146 152 158 160 158 156 152 152 151 148 149 149 147 143 138 139 138 156 176 187 192 195 197 199 201 203 205 206 206 204 199 198 207 208 210
168 168 168 168 170 172 175 177 180 181 182 184 186 188 188 188 187 188 189 189 187 189 187 187 183 184 184 182 180 179 177 177 175 173 171 168 166 163 162 161 162 163 163 162 163 165 164 164 164 164 164 164 166 166 166 165 164 164 161 155 156 155 142 154 160 155 152 152 154 153 151 150 151 149 145 139 141 137 169 179 186 190 194 189 193 200 202 204 205 201 202 195 194 205 209 210
166 166 167 168 170 172 175 177 179 181 181 183 185 185 184 182 184 183 186 186 185 187 185 184 183 182 184 182 180 177 175 174 173 171 168 167 165 163 162 161 161 162 163 162 163 164 164 164 163 164 164 164 164 165 164 165 165 164 151 140 150 158 151 151 161 154 152 153 156 155 152 153 152 150 145 143 144 141 157 179 185 189 192 186 177 194 200 202 203 198 201 191 187 201 208 210
165 165 167 167 168 170 173 176 178 180 181 182 183 182 180 178 180 181 184 184 184 184 181 181 183 180 180 182 180 178 175 173 171 169 167 165 164 163 162 162 161 161 162 163 163 163 163 163 163 164 164 163 164 165 166 166 166 164 139 119 148 156 161 155 161 158 156 156 157 155 153 154 153 150 145 147 147 143 163 180 184 187 191 190 186 195 198 201 201 200 192 187 196 205 207 210
165 165 165 166 168 171 172 174 176 178 179 181 181 178 177 177 178 179 181 182 181 182 181 179 181 180 176 180 180 179 176 173 170 167 166 165 164 163 162 162 161 161 161 163 163 162 162 162 163 163 162 161 164 166 165 166 166 164 146 150 153 161 163 163 162 161 160 159 159 157 154 155 154 152 150 151 150 147 157 177 183 187 190 191 191 196 199 201 200 198 191 184 189 203 207 209
164 164 165 166 168 170 171 172 174 176 178 179 178 176 176 176 176 177 179 178 178 180 180 178 179 179 176 173 179 180 177 173 171 169 167 165 165 163 163 163 162 162 162 162 162 162 162 163 164 163 163 164 165 165 165 165 166 165 163 164 164 163 164 164 163 163 162 161 159 157 156 155 154 153 152 153 153 151 148 174 183 186 189 192 194 195 197 198 197 192 178 178 169 200 206 208
