inputs/bclim16.asc
NCOLS 210 
NROWS 174 
XLLCORNER 27.125 
YLLCORNER -2.20833333333333 
CELLSIZE 0.0416666666666667 
NODATA_value -32768 
[rows 42 to 83 of 174, columns 94 to 187 of 210]
547 536 528 524 511 496 480 471 466 462 463 457 454 452 456 467 472 474 469 464 468 467 470 464 462 475 477 474 481 503 493 476 469 483 483 486 492 492 495 491 487 484 479 483 483 477 474 468 459 456 452 452 443 437 437 436 433 432 425 418 414 405 399 392 384 377 366 358 352 354 349 341 332 325 318 319 308 296 290 295 280 210 192 183 175 172 167 162 159 166 172 203 208 199
548 533 521 507 495 478 467 463 462 459 462 460 453 456 467 477 482 484 481 490 482 477 480 475 472 475 486 480 487 506 523 500 480 474 471 477 487 497 498 489 486 483 488 491 489 485 483 477 467 462 456 454 450 449 446 449 448 446 440 429 422 417 408 398 390 381 370 360 351 352 347 338 330 320 313 313 300 293 286 293 286 223 197 187 178 173 168 163 163 164 174 194 210 208
541 532 507 490 476 467 462 460 458 457 456 457 457 473 485 495 495 498 499 514 499 496 489 488 486 481 493 496 498 515 533 531 512 502 478 478 485 487 489 484 483 487 492 496 494 491 489 483 480 470 464 461 461 490 473 462 475 461 454 442 432 426 417 408 397 386 376 366 354 350 344 336 325 317 309 308 295 291 279 280 277 232 201 194 185 176 170 167 167 173 176 188 193 205
529 513 497 487 478 466 461 455 453 451 453 452 470 494 499 508 509 512 516 531 521 514 504 508 505 501 510 516 510 519 535 544 535 519 501 479 480 481 482 488 491 495 497 497 495 492 492 493 495 477 469 471 471 469 479 484 477 472 463 453 445 436 428 419 407 393 381 371 360 350 342 333 321 312 306 301 291 286 276 272 268 257 224 207 195 181 175 170 172 177 189 198 219 220
530 513 498 480 468 464 458 455 454 455 447 466 492 503 506 509 513 520 527 536 540 520 524 532 524 523 531 532 524 525 542 549 546 535 520 515 510 512 501 498 493 496 502 504 502 497 495 497 498 481 474 473 474 476 482 492 481 479 472 464 456 449 439 426 415 401 387 374 362 351 341 328 317 308 302 295 286 282 274 266 264 263 259 232 208 190 178 174 182 201 196 208 218 236
522 507 493 472 463 456 453 453 448 447 446 487 505 510 513 514 517 523 529 536 535 527 553 543 537 541 544 549 540 541 556 562 553 545 531 521 532 535 523 508 504 499 503 507 507 502 500 499 499 484 479 480 478 479 480 497 478 478 477 472 467 460 448 433 419 406 394 378 365 355 341 326 315 306 297 290 283 281 272 264 263 261 257 254 224 194 182 180 195 229 223 233 227 210
510 491 481 470 463 455 446 443 444 437 445 488 502 507 511 517 522 528 534 541 531 532 563 556 549 549 561 557 550 559 573 573 557 548 540 531 525 537 527 518 516 503 507 508 508 507 504 502 500 489 481 482 483 479 475 476 477 477 479 477 473 465 454 439 423 409 396 383 369 354 341 325 313 302 294 287 284 277 269 265 261 256 256 261 236 199 194 183 189 221 222 225 229 198
505 496 480 464 453 446 441 439 432 432 463 495 501 505 513 519 522 528 537 540 540 547 559 563 557 556 564 559 558 564 579 575 562 553 548 541 523 528 534 527 521 511 506 508 508 509 510 505 498 491 485 482 485 479 475 473 474 477 480 477 474 466 454 439 424 411 401 389 371 354 340 326 313 302 293 289 285 275 270 265 260 256 260 274 242 208 204 191 187 195 208 228 246 214
504 487 474 456 443 438 433 430 427 439 477 488 495 498 509 510 517 529 534 536 543 550 558 563 568 565 566 566 563 569 571 575 569 559 553 545 531 521 535 534 525 516 512 507 507 507 507 507 501 494 489 485 482 477 474 472 473 476 475 473 478 462 449 438 426 412 401 388 372 354 341 326 315 303 295 291 286 274 272 265 263 261 261 273 278 221 215 199 195 194 220 248 250 185
498 484 459 445 438 431 428 423 426 462 471 480 486 494 501 503 517 525 528 534 542 551 556 560 568 570 571 570 568 575 574 575 573 563 554 543 536 522 523 530 530 520 517 512 512 508 504 502 499 495 490 483 480 480 474 468 469 471 468 468 474 457 442 433 425 415 401 388 371 354 341 328 316 306 302 299 290 279 272 267 263 264 264 276 273 244 227 210 204 208 212 205 190 168
502 480 452 446 437 427 424 419 430 453 459 472 476 484 489 503 509 517 526 533 541 550 552 556 562 571 575 573 573 573 576 578 575 562 550 544 536 529 520 524 526 523 518 511 506 503 499 496 495 490 486 480 477 475 470 467 466 465 462 462 464 455 437 427 420 415 401 386 371 355 342 330 318 310 306 330 298 283 273 267 265 265 265 272 270 266 241 229 224 224 224 191 183 181
484 466 450 436 427 421 424 415 424 436 444 456 467 469 482 492 504 515 523 536 539 544 545 552 557 566 577 580 573 572 577 578 574 561 550 539 539 533 524 517 515 513 510 507 504 499 499 498 493 490 486 483 478 473 470 471 463 457 459 456 453 441 434 429 421 415 403 385 370 356 343 331 320 312 304 310 300 287 277 269 266 266 265 266 267 270 256 252 262 229 205 184 180 168
481 459 446 431 425 424 419 414 412 417 432 439 443 467 484 496 507 514 523 528 526 534 538 544 553 563 573 576 576 578 579 576 572 559 547 539 537 529 524 515 511 509 504 503 501 500 498 500 493 490 489 487 483 477 470 465 459 458 457 459 444 437 433 435 424 415 402 385 371 356 344 332 322 312 302 298 292 287 280 271 267 267 266 268 270 271 273 275 274 232 202 187 176 166
470 460 443 431 421 418 418 412 410 410 423 417 437 467 479 490 496 504 509 516 518 521 531 543 549 557 560 567 572 574 573 569 567 556 548 541 531 527 519 516 506 503 503 502 500 497 496 496 494 490 491 490 485 480 474 466 457 454 453 450 439 435 437 440 427 411 404 387 372 357 345 333 324 313 302 294 291 287 279 272 270 271 272 270 272 277 278 282 285 246 208 192 185 175
454 450 434 424 415 409 407 404 404 401 405 417 436 458 470 473 486 493 500 505 507 518 527 538 539 547 552 563 566 564 565 562 563 558 548 539 531 525 518 511 502 496 494 493 496 497 497 496 495 493 491 491 488 482 477 468 457 451 451 444 461 458 444 452 417 412 408 392 375 358 346 334 324 313 303 296 291 286 280 275 274 272 271 273 280 281 289 294 291 239 211 201 192 181
446 435 430 423 415 414 410 401 399 395 402 415 430 447 454 464 472 481 489 497 505 515 522 531 531 542 551 556 559 558 557 554 555 550 545 539 532 525 513 503 500 494 489 487 491 492 491 493 495 496 491 490 487 485 480 471 462 453 451 444 447 447 437 434 412 409 419 418 376 363 347 335 325 315 304 296 291 286 282 275 273 272 273 275 278 284 291 301 302 273 223 211 213 188
441 435 431 422 421 424 407 396 387 389 396 402 421 437 451 461 476 484 486 494 498 507 516 517 524 535 544 553 552 554 550 546 545 543 543 535 529 522 511 505 498 493 489 485 485 486 488 492 492 493 490 488 485 482 480 474 464 456 450 444 439 436 430 424 417 415 423 412 383 367 349 338 327 316 306 300 294 287 282 275 273 270 271 274 278 283 294 308 323 316 255 237 228 201
440 439 429 425 429 422 404 391 387 385 389 412 427 439 449 462 474 479 487 494 500 505 508 509 518 524 534 546 546 546 544 541 538 537 535 530 525 522 514 506 501 492 487 485 487 485 486 489 491 491 489 489 489 486 482 478 469 462 454 448 451 435 427 419 410 401 399 408 401 370 354 339 328 319 310 301 294 288 281 276 272 271 272 274 279 286 299 331 376 379 313 265 227 216
452 435 429 428 431 413 397 383 387 392 383 398 412 429 440 453 461 467 478 485 492 500 499 499 508 512 519 531 538 537 536 536 532 528 529 525 521 518 515 508 503 494 486 485 489 489 487 486 489 490 492 492 491 488 482 478 475 468 458 451 452 448 434 422 409 400 391 385 405 377 356 342 331 322 313 304 297 289 284 278 277 274 277 279 282 289 304 342 410 437 356 270 226 211
447 433 431 432 426 407 392 388 385 385 379 381 403 416 430 441 449 460 472 471 477 490 491 495 499 503 511 519 529 531 529 527 525 522 525 521 518 517 511 507 504 495 487 484 488 493 490 488 489 489 490 491 490 487 485 483 478 471 464 457 450 446 433 423 410 401 392 385 378 367 355 344 333 325 318 308 299 293 289 282 278 275 276 281 287 291 300 325 374 374 327 299 247 232
453 435 440 436 419 405 394 385 381 373 371 381 394 405 416 433 451 462 461 460 471 483 483 484 489 500 505 513 523 523 523 521 520 516 517 515 515 513 509 507 501 498 493 486 487 493 494 491 491 496 494 492 494 494 489 486 478 471 464 457 451 441 434 422 413 403 395 387 378 367 358 347 337 330 322 312 305 299 294 289 283 280 279 283 285 289 297 309 329 336 316 300 276 260
454 449 449 426 411 403 396 378 369 370 371 384 390 400 413 431 446 453 448 449 462 472 473 479 486 490 495 504 513 515 514 514 511 510 512 512 512 511 509 504 498 495 493 489 488 495 498 498 496 498 497 495 493 493 493 488 479 470 465 457 450 442 435 424 415 407 399 390 380 371 361 351 344 334 326 317 311 305 299 294 290 288 284 282 287 291 296 298 305 309 305 297 284 282
471 475 454 415 408 404 394 365 362 364 372 386 399 406 415 424 437 437 437 443 454 463 474 478 482 488 492 498 505 508 506 505 504 503 505 508 510 507 504 500 497 494 493 493 493 497 501 502 500 502 502 503 498 494 492 485 480 472 464 458 450 443 435 426 420 412 402 393 384 375 366 357 347 339 331 323 317 311 304 299 294 291 289 287 286 288 290 293 294 294 293 288 290 292
484 482 439 414 409 400 378 354 357 366 381 391 395 402 409 425 426 427 440 455 459 464 465 471 477 482 488 491 498 500 500 498 497 496 498 501 500 501 499 497 495 495 494 494 496 499 499 502 502 506 508 511 507 499 492 486 480 476 470 462 453 444 439 430 423 415 406 397 387 378 371 362 353 345 338 331 324 318 312 304 298 294 292 290 287 290 290 290 289 286 283 286 290 297
482 466 433 413 406 395 358 350 358 366 375 381 390 394 398 412 420 428 438 449 458 466 467 465 468 472 476 481 489 491 492 490 490 491 491 492 493 494 494 495 498 499 500 499 499 499 498 501 504 508 512 517 514 505 501 492 484 476 473 468 458 448 440 435 427 420 408 400 391 384 376 368 359 351 345 338 332 325 319 313 305 299 294 289 286 289 293 289 286 282 282 284 280 288
475 461 425 410 403 376 343 345 351 359 368 384 398 404 406 418 425 429 436 445 451 457 464 465 465 467 468 473 479 484 485 484 485 486 486 484 486 490 494 496 496 498 501 503 503 500 500 495 498 505 511 516 515 507 501 494 485 477 470 463 461 453 443 435 431 424 413 402 394 386 380 372 365 359 353 349 343 336 330 322 312 304 296 291 287 289 293 291 286 281 277 275 275 278
464 444 408 402 389 345 334 340 348 359 372 386 397 405 410 414 419 425 433 446 451 456 462 463 463 465 467 469 475 480 478 478 482 481 481 481 484 490 496 497 496 498 500 503 504 502 500 494 492 495 503 507 511 507 502 494 486 480 474 466 460 456 447 439 434 425 413 405 397 389 382 376 370 364 361 358 352 345 340 353 320 308 299 293 289 286 291 300 286 276 271 270 269 270
470 461 412 393 354 324 324 332 343 354 367 377 390 395 401 409 414 419 431 442 453 462 463 460 463 465 467 469 471 474 472 474 478 477 479 479 483 490 495 498 498 497 496 499 500 499 496 491 489 490 494 499 503 502 500 495 486 482 477 471 462 456 451 441 436 426 418 406 399 392 385 380 375 371 368 370 364 361 348 342 325 313 305 298 294 289 288 298 289 277 269 266 264 263
466 428 427 345 319 317 320 327 337 347 359 370 378 387 398 399 403 411 432 440 449 458 464 466 470 470 468 467 467 467 467 469 471 473 475 478 484 488 493 496 496 491 493 495 496 493 491 490 487 488 487 489 495 494 490 491 488 482 480 474 465 459 454 448 439 429 419 409 400 395 392 386 381 375 372 387 377 375 397 397 339 321 313 305 299 296 294 293 297 281 268 264 261 256
381 413 389 314 311 314 317 322 330 341 351 359 368 377 382 390 399 417 430 437 441 448 458 463 464 462 461 464 465 465 464 464 466 469 472 478 482 489 494 493 489 485 486 488 492 488 487 485 484 484 485 488 488 485 481 479 480 481 479 472 470 463 453 448 440 431 420 409 400 395 392 387 383 379 377 377 377 451 476 382 346 330 321 315 310 306 303 298 302 288 274 264 258 254
362 321 303 304 307 312 313 317 325 334 343 351 358 367 378 403 419 423 430 438 442 450 454 453 457 458 460 460 460 458 459 459 465 466 469 474 478 482 485 485 481 478 479 484 488 486 485 481 481 483 485 487 484 483 476 470 469 469 469 471 468 463 454 446 433 425 415 407 401 396 392 388 386 383 381 380 376 404 401 365 347 339 332 326 323 318 314 306 306 292 278 268 261 255
303 298 297 299 301 305 307 311 318 326 335 344 353 364 392 418 430 425 430 431 439 447 446 447 451 449 452 454 454 454 453 455 460 461 465 468 471 474 475 475 475 477 477 481 482 482 481 479 479 478 481 481 483 480 475 466 461 459 462 465 464 459 453 444 433 423 412 406 400 394 392 388 388 387 387 383 378 375 369 361 354 350 345 340 337 332 327 321 314 300 286 275 267 259
296 294 293 294 295 296 300 306 312 321 330 341 356 388 411 425 431 428 438 436 441 441 437 439 441 440 443 447 453 450 450 450 453 458 463 465 469 472 471 472 474 474 473 475 477 477 477 475 475 475 475 477 476 474 471 465 460 463 467 470 470 466 459 450 439 426 414 402 394 390 388 386 387 392 392 387 382 376 371 366 362 361 359 355 351 346 341 335 325 311 297 285 275 269
291 288 289 289 290 291 295 301 307 318 329 346 385 417 424 434 436 429 430 437 440 434 428 430 432 430 434 440 441 444 446 446 452 454 457 461 466 466 466 468 470 468 470 473 473 483 481 473 475 473 474 471 471 470 468 460 464 468 473 476 478 476 468 457 446 432 418 406 394 387 386 384 387 390 391 388 384 379 376 374 373 373 372 369 366 362 358 349 340 327 312 296 287 278
288 286 285 284 285 286 289 296 305 319 349 396 412 423 439 451 443 438 441 440 437 428 422 419 420 421 429 432 435 437 439 444 449 452 454 459 461 461 461 462 464 464 465 469 476 485 481 472 470 469 468 469 468 466 460 463 468 474 480 484 487 487 479 467 453 439 424 410 396 384 382 381 384 391 389 388 385 384 382 383 383 384 381 382 380 382 380 366 357 386 404 322 299 289
288 285 283 281 281 281 284 293 316 377 402 420 429 436 452 455 447 449 441 435 429 421 415 412 411 416 422 426 428 431 436 440 445 449 451 454 455 456 457 457 461 462 464 467 474 479 477 469 467 464 462 460 457 456 458 465 473 478 486 492 498 498 491 478 461 447 431 416 403 392 384 384 385 389 388 388 389 389 390 392 392 391 391 392 390 407 402 407 406 461 438 343 312 301
293 290 287 283 280 280 284 312 379 408 430 436 449 451 457 457 459 452 438 433 424 418 410 404 403 407 411 417 425 434 439 441 442 443 447 447 451 452 454 452 455 458 461 466 470 473 472 468 466 460 456 450 449 453 461 470 476 483 490 498 506 511 501 488 471 455 440 425 412 400 393 394 394 394 395 396 397 398 399 399 399 401 403 404 405 409 406 455 465 406 369 340 324 312
299 297 294 291 288 286 308 380 406 430 449 449 462 456 462 465 467 452 438 430 424 414 405 398 396 400 408 418 430 436 445 446 440 440 441 443 445 447 447 448 451 455 458 463 467 469 469 467 463 458 452 448 452 458 465 472 480 487 496 502 510 514 506 493 478 464 450 436 422 412 406 406 404 405 404 404 405 406 407 407 406 409 412 411 412 415 415 438 455 392 363 348 335 324
306 304 302 300 298 331 402 426 431 442 447 461 466 461 463 465 461 451 433 427 419 410 400 392 389 398 406 415 422 429 440 440 435 437 437 439 439 440 442 444 447 451 456 460 463 466 470 467 462 455 453 454 458 463 469 476 482 490 497 504 510 512 507 498 484 471 459 448 436 427 421 419 417 416 414 414 413 413 413 413 413 413 415 416 418 421 418 411 406 386 372 359 347 333
313 313 312 310 349 409 431 441 442 465 458 459 470 463 464 467 465 452 435 426 416 410 402 394 393 398 407 414 424 433 440 443 444 444 443 442 442 440 440 443 446 450 454 457 460 463 466 465 460 457 456 457 462 466 472 477 484 492 498 505 510 512 507 500 489 479 469 459 448 443 436 433 428 427 424 422 420 421 419 420 421 421 422 422 423 423 416 410 403 391 380 369 357 344
321 321 325 375 422 432 436 441 447 458 471 469 474 470 471 463 448 439 431 424 416 409 401 399 400 405 413 426 437 446 450 452 452 450 448 446 444 443 443 443 444 448 451 454 457 458 461 460 458 457 456 459 462 467 473 478 486 493 499 504 509 509 507 502 494 487 479 470 462 457 450 446 440 438 433 431 428 426 426 426 426 426 425 422 421 419 412 410 404 398 388 377 366 353
330 347 417 439 442 446 449 459 492 482 486 478 467 463 458 453 441 434 429 422 419 414 405 404 405 411 423 440 453 461 464 463 460 455 452 449 447 445 443 443 443 445 448 450 453 456 456 457 455 456 457 459 463 467 472 478 486 494 499 504 508 510 508 505 500 493 487 481 476 472 466 460 454 447 442 438 435 432 431 430 429 428 427 426 424 418 416 413 409 403 394 384 374 364
