inputs/bclim6.asc
NCOLS 210 
NROWS 174 
XLLCORNER 27.125 
YLLCORNER -2.20833333333333 
CELLSIZE 0.0416666666666667 
NODATA_value -32768 
[rows 42 to 83 of 174, columns 96 to 191 of 210]
164 164 164 165 166 167 169 171 172 174 176 177 176 174 173 173 174 175 176 176 176 177 178 177 176 177 176 172 174 177 178 174 173 171 169 167 165 164 164 163 163 162 161 161 161 161 163 163 163 162 164 165 165 164 164 164 165 166 165 166 165 165 164 164 164 163 162 158 157 157 157 156 156 154 154 155 154 151 153 172 181 185 188 191 193 196 196 190 185 164 161 165 166 199 205 207
164 164 164 165 165 166 166 168 169 171 174 173 171 170 170 170 171 170 172 174 174 175 176 176 175 176 175 172 169 173 176 176 176 174 170 167 165 166 165 164 163 161 161 160 160 160 162 163 164 164 164 164 164 163 163 162 163 165 165 165 165 166 165 164 164 164 163 160 158 158 157 158 157 155 156 156 156 151 151 168 178 183 186 190 193 195 194 192 184 170 160 161 152 182 200 203
164 163 163 163 163 163 163 165 167 169 170 167 166 166 166 167 167 166 169 170 172 173 174 175 174 173 173 170 167 167 170 171 175 174 171 170 168 168 166 164 162 161 160 160 160 160 160 162 163 163 163 151 157 161 154 160 161 164 166 165 165 165 166 165 165 164 163 161 159 158 159 158 158 156 157 156 157 155 154 165 177 180 184 188 192 193 191 187 182 174 171 163 153 149 189 200
163 162 161 160 160 160 160 161 163 165 164 162 162 162 163 163 164 162 165 167 169 169 171 172 171 170 171 170 167 165 166 169 171 174 173 171 170 168 166 164 163 162 161 161 160 159 157 162 163 163 162 162 158 155 157 158 161 163 165 165 165 164 164 165 164 163 162 161 160 159 160 159 159 157 158 157 159 158 157 158 167 173 178 185 190 191 188 184 176 169 157 156 141 125 145 193
162 161 160 158 157 156 156 157 159 160 159 160 160 161 161 161 161 161 161 165 166 166 168 168 168 168 170 170 167 165 165 166 168 168 168 166 167 167 166 165 163 161 160 161 161 159 158 162 163 163 162 162 159 152 157 158 160 162 164 164 164 164 164 163 163 163 162 162 160 160 160 160 159 159 160 159 159 159 158 156 156 164 173 181 187 190 183 171 172 165 158 147 140 117 151 186
162 160 159 157 155 153 152 153 155 157 157 158 158 159 160 160 160 160 161 164 161 164 166 166 166 166 168 168 166 164 164 165 166 167 164 162 164 165 165 165 163 161 160 161 160 160 159 162 163 163 163 162 162 152 162 161 160 161 163 163 164 165 164 163 162 163 162 160 160 161 161 160 160 160 160 159 160 160 159 158 158 157 166 180 186 186 176 158 159 153 154 162 154 147 180 188
162 160 158 156 153 150 149 149 152 156 156 157 157 158 158 159 159 159 162 163 158 162 164 165 165 166 167 167 164 163 164 165 165 166 166 162 163 164 164 165 163 162 161 160 160 160 160 162 164 163 162 163 164 163 163 163 162 160 161 164 165 163 164 163 161 161 161 161 161 162 161 162 162 161 160 160 161 161 160 161 159 156 163 179 180 185 180 162 161 158 155 170 160 147 169 191
161 160 158 156 153 149 145 145 152 155 156 156 156 156 157 157 157 159 160 160 159 160 163 164 164 166 167 167 164 164 164 164 164 165 166 164 162 163 163 164 164 163 162 161 159 160 161 162 164 163 163 163 164 165 164 163 162 162 159 162 165 165 164 163 160 159 161 163 162 163 162 163 162 162 160 162 162 162 162 161 159 153 163 176 175 182 183 178 169 158 147 163 178 174 183 194
161 161 160 158 154 151 147 149 155 155 155 155 156 156 157 156 157 158 159 159 160 160 161 163 164 165 166 166 165 164 163 163 163 164 165 166 162 161 162 163 163 163 162 161 160 160 161 162 163 163 164 164 164 165 164 163 163 163 153 162 166 164 163 162 161 160 161 163 163 163 163 163 162 162 161 163 162 163 162 161 159 154 151 170 172 178 179 179 165 150 147 179 185 192 195 197
162 162 161 160 158 155 153 155 155 155 155 155 155 156 156 156 157 158 158 159 159 161 161 162 164 165 166 165 165 164 162 163 163 164 164 166 164 162 161 162 162 162 161 161 161 161 161 162 163 164 164 164 165 166 165 164 164 163 155 163 166 165 162 160 161 161 162 163 163 164 164 164 162 160 161 162 163 163 163 161 160 154 154 162 168 174 176 173 170 173 179 186 188 195 197 199
163 162 163 163 163 161 160 157 156 155 155 155 156 155 156 156 157 157 158 158 160 161 162 162 163 164 165 164 164 163 162 163 163 164 164 164 164 163 162 161 161 162 162 162 162 162 162 163 164 164 165 164 165 166 165 165 165 164 160 161 166 166 164 160 161 162 163 164 164 165 165 164 161 151 158 162 164 164 163 161 160 157 156 156 164 167 169 168 166 180 183 182 191 196 198 199
163 164 165 167 167 168 166 162 159 157 156 156 156 156 156 156 156 156 157 158 160 161 162 162 162 162 164 164 163 162 161 163 163 164 163 163 163 163 163 163 162 162 162 162 162 162 163 163 163 163 165 166 166 164 165 166 165 164 163 166 165 163 163 160 160 162 164 165 165 165 165 164 163 158 159 162 164 165 164 163 161 160 158 156 160 161 155 167 176 185 185 188 193 193 195 198
162 165 166 167 171 173 173 170 162 159 158 155 154 154 155 155 155 157 158 159 160 162 162 162 162 162 162 162 161 161 161 163 163 163 162 163 162 163 163 162 162 162 162 162 161 161 162 163 162 163 164 165 166 166 166 165 163 162 165 166 164 159 159 159 160 162 164 165 165 165 165 165 165 164 163 163 163 165 165 163 162 160 158 157 155 153 152 167 179 184 187 190 191 193 195 195
161 163 165 167 170 171 172 172 164 163 158 154 154 154 155 156 157 157 159 160 161 161 162 163 164 163 162 162 162 162 161 162 162 162 162 162 162 162 163 163 162 162 162 162 162 162 162 163 162 162 164 165 165 166 166 165 164 164 166 165 162 156 158 161 159 162 164 166 166 166 166 166 167 166 165 164 165 166 165 162 161 160 158 156 155 153 150 163 176 183 184 187 190 192 193 193
160 162 164 167 170 172 172 169 164 160 157 154 154 155 156 157 157 158 160 160 161 161 163 163 164 163 162 162 162 162 161 160 161 162 162 161 161 162 163 163 163 162 162 161 161 161 161 162 162 162 163 164 164 165 167 167 165 166 155 154 157 150 162 160 158 160 163 166 166 166 166 167 167 167 166 165 166 166 164 163 162 160 157 155 153 150 150 167 176 179 182 184 184 188 191 192
159 159 160 160 160 163 162 161 158 156 155 154 155 156 157 157 158 159 159 160 161 161 163 163 163 163 162 163 163 163 161 161 161 161 161 161 162 162 162 162 163 163 163 163 162 162 161 161 163 163 163 163 164 165 166 167 166 167 162 159 160 158 164 161 152 150 163 164 166 167 167 167 168 167 167 166 166 166 165 164 162 160 158 155 153 150 148 155 172 176 174 182 186 187 189 190
156 157 155 154 155 154 152 152 152 153 153 154 154 155 155 156 158 159 160 160 160 162 163 163 163 162 162 162 162 163 162 161 160 161 161 161 162 162 162 161 162 163 163 163 163 162 162 162 163 164 164 164 164 164 166 167 167 167 167 166 164 163 162 159 152 153 161 164 166 167 167 168 168 167 167 167 167 167 166 165 163 161 158 155 152 148 138 138 162 166 168 177 184 184 186 187
154 154 152 152 151 147 142 142 147 150 152 153 154 154 155 156 157 158 159 160 161 163 163 164 163 162 162 162 162 163 163 162 161 162 161 161 161 161 161 161 162 163 162 163 164 163 163 163 164 164 164 164 164 164 166 166 167 167 162 167 167 167 167 166 162 155 154 163 165 168 168 168 168 168 168 168 168 167 166 165 163 161 158 154 150 137 112 108 137 158 168 171 181 182 183 183
152 151 150 151 149 143 141 142 144 148 151 153 155 156 157 158 158 159 160 160 162 164 164 164 164 163 162 162 163 162 163 163 162 162 161 161 160 160 160 161 162 162 161 162 163 164 164 164 163 164 164 164 165 165 165 165 166 167 163 161 165 166 168 168 168 166 153 161 166 168 168 168 168 167 167 168 167 167 165 164 162 159 157 153 148 131 100 88 117 152 169 173 178 172 178 176
151 149 149 150 148 146 143 143 146 151 152 155 156 158 159 159 159 161 162 161 163 164 165 165 164 163 162 162 163 163 163 163 162 162 161 161 161 160 159 160 161 161 161 160 162 163 164 164 165 164 165 165 165 165 165 166 166 166 166 164 166 167 168 169 169 168 166 166 167 168 168 168 167 167 167 167 166 166 166 165 163 159 155 152 148 139 115 112 129 140 161 165 171 160 173 172
146 147 150 151 150 148 146 147 151 153 155 157 159 160 159 159 161 163 163 163 164 165 165 165 164 163 162 162 162 162 163 163 163 163 162 161 161 160 160 160 160 161 161 160 161 162 163 163 164 165 164 164 165 165 166 167 167 167 166 167 168 168 169 169 168 168 167 168 168 168 168 167 167 167 167 166 165 164 164 163 162 159 155 152 149 144 134 128 134 139 148 151 155 144 159 162
139 148 151 151 151 151 152 152 154 156 159 161 162 161 161 162 164 166 165 164 165 165 165 166 165 164 162 162 163 163 164 164 163 163 162 161 160 160 161 161 160 160 160 159 159 160 162 163 164 165 166 165 165 166 167 168 168 168 168 168 168 169 169 169 169 168 168 168 168 168 167 168 167 167 166 165 165 163 162 161 159 158 154 150 148 146 143 139 138 139 140 138 136 129 144 145
136 150 152 152 153 156 157 158 160 160 161 163 164 164 163 166 167 167 167 166 165 165 165 164 164 163 162 162 163 163 164 164 163 163 162 161 161 162 162 161 161 160 159 158 158 159 161 162 164 164 165 166 166 167 167 168 169 169 169 169 169 169 168 168 168 169 168 168 168 167 167 167 167 166 166 165 164 163 161 160 158 155 153 151 149 147 145 142 140 140 137 133 123 108 117 151
142 151 152 154 158 162 163 162 162 164 166 167 168 166 167 169 167 165 165 165 166 165 165 165 164 164 162 162 163 163 164 164 163 162 163 162 163 162 162 162 161 160 160 158 158 159 161 161 162 162 164 166 167 167 168 168 168 168 169 169 169 169 169 168 169 168 168 168 168 167 167 167 166 165 164 163 163 162 161 159 157 154 152 149 148 146 145 144 142 139 136 131 125 123 107 133
144 151 153 156 164 167 166 167 167 170 172 173 174 171 171 170 168 166 165 164 165 166 166 166 166 165 163 163 163 164 164 163 163 163 163 163 164 163 161 161 160 160 159 159 159 159 160 160 161 161 163 165 165 167 168 169 168 168 168 169 169 168 168 168 168 169 169 168 168 167 167 166 166 165 163 162 161 160 159 158 156 155 153 149 145 145 144 143 141 139 137 133 127 130 116 108
147 153 155 162 170 170 171 172 173 172 171 173 173 172 171 170 170 168 167 166 165 165 166 166 166 165 164 163 164 164 164 163 163 164 164 164 163 163 162 161 159 159 158 159 159 161 161 161 161 161 162 164 165 166 167 169 169 169 168 169 169 169 168 167 168 169 168 169 167 167 167 166 165 164 162 160 158 156 157 157 156 155 152 149 144 142 142 142 142 141 139 135 130 131 131 130
154 156 160 171 175 175 175 174 174 174 173 174 174 174 174 172 170 167 166 166 164 165 165 165 165 165 164 163 164 164 163 163 163 164 164 163 163 162 162 161 160 159 158 159 159 162 162 163 162 162 161 163 164 165 167 167 168 169 169 168 169 169 168 168 169 169 169 169 168 167 167 165 164 163 162 160 156 148 155 156 157 155 153 150 145 140 142 143 143 142 140 137 133 129 136 139
154 159 170 179 180 179 179 178 177 177 176 178 178 177 176 175 171 168 165 162 162 164 164 164 163 163 163 163 164 163 163 164 164 165 164 164 163 163 161 162 161 160 159 160 161 162 164 164 163 163 163 163 162 164 166 166 167 167 169 168 168 168 167 168 168 169 169 169 168 168 167 166 164 160 159 155 156 153 156 157 156 155 153 151 147 141 142 143 144 143 141 139 132 126 129 132
150 173 181 183 183 183 182 182 181 180 181 181 180 180 179 178 171 168 165 162 160 160 159 160 162 162 163 164 164 164 165 165 165 165 165 164 164 163 162 163 162 161 161 162 163 164 165 164 165 165 163 164 166 164 165 166 166 166 167 168 167 166 167 168 168 169 169 168 167 166 167 166 164 155 156 152 142 138 153 157 157 156 154 152 148 145 141 143 145 144 142 142 137 127 130 139
162 182 184 184 186 186 186 185 184 185 184 184 184 183 181 175 171 168 167 165 161 160 159 161 162 162 162 163 164 165 165 165 165 164 164 164 164 163 163 164 163 162 162 163 165 165 166 166 166 165 165 165 167 167 167 166 165 167 167 167 168 166 166 166 168 169 169 168 167 167 167 166 165 162 159 127 116 145 154 158 158 156 154 152 149 146 141 142 145 146 144 143 140 134 130 135
186 187 187 187 189 189 189 188 188 188 187 186 185 179 174 173 170 167 165 162 161 161 160 160 160 161 162 163 164 165 164 165 165 165 165 165 165 164 165 165 164 163 162 164 165 166 167 167 166 166 166 165 168 169 169 168 168 166 166 167 167 167 168 168 169 169 169 168 167 168 167 167 165 164 162 147 145 155 159 159 159 156 155 153 150 147 142 143 145 146 145 145 142 139 129 128
189 189 190 191 192 192 192 191 191 190 189 187 181 174 170 171 169 168 165 162 162 161 160 161 161 161 162 163 165 165 165 166 165 166 165 165 166 166 165 164 164 164 164 165 166 167 168 168 167 167 166 166 167 170 171 171 170 167 168 169 169 169 169 169 169 170 170 169 167 168 167 167 165 165 164 163 161 161 161 159 159 157 156 154 150 146 143 143 144 146 147 146 144 142 130 118
191 192 193 195 195 195 195 194 193 191 189 180 175 172 170 170 166 166 163 162 163 162 161 162 162 162 161 164 165 166 166 166 165 165 165 165 165 165 165 165 165 165 165 166 167 168 168 169 169 168 168 167 168 170 171 172 171 170 169 170 171 170 171 170 169 170 171 169 168 168 167 166 166 166 165 164 163 163 161 161 159 158 157 155 152 145 143 142 144 144 145 146 146 143 139 132
193 194 196 197 197 197 197 195 194 190 181 173 172 170 169 170 169 165 162 163 164 163 163 164 163 163 163 164 165 167 166 166 166 166 165 165 166 166 165 166 166 166 167 168 168 168 168 168 168 169 169 168 168 170 172 173 172 171 170 170 172 172 171 171 171 171 171 169 168 169 167 167 166 166 165 164 164 163 162 160 159 159 157 156 152 148 141 139 140 142 144 145 147 145 139 132
195 196 197 198 198 198 197 194 187 177 174 172 168 165 166 167 165 163 162 163 164 164 164 165 163 163 164 165 166 167 166 165 166 165 165 166 166 167 167 167 167 168 168 169 169 169 169 169 169 168 168 170 170 171 172 173 173 173 172 170 171 173 172 172 172 171 170 168 168 169 168 166 167 167 166 164 164 163 161 161 161 159 158 155 150 148 137 121 110 136 143 144 146 146 144 137
196 197 198 198 198 197 193 179 174 171 170 169 166 164 165 163 163 163 163 164 164 165 165 165 164 164 165 166 166 166 166 165 165 165 166 166 167 167 167 167 168 168 168 169 169 170 169 169 169 169 169 171 172 172 173 174 174 173 173 172 171 172 173 173 172 171 170 169 167 168 169 166 167 167 166 165 164 163 162 162 161 159 158 151 136 126 119 95 99 132 142 144 144 145 146 139
196 196 197 198 198 192 177 172 169 168 167 166 164 164 162 162 164 163 163 163 164 165 166 166 166 166 166 165 164 165 166 166 166 166 166 166 166 167 167 167 167 168 168 169 170 169 169 170 169 170 171 172 172 172 174 174 175 174 173 172 171 172 172 173 173 172 171 169 168 168 169 167 167 167 166 165 164 164 163 161 160 159 157 154 142 106 97 117 129 138 142 144 145 145 145 145
195 196 197 197 192 176 172 168 166 167 164 165 163 162 160 162 163 163 162 163 164 165 166 166 166 165 163 163 160 162 165 166 166 166 166 166 167 167 167 167 167 168 168 168 170 170 170 170 170 171 172 173 173 173 174 175 174 174 173 171 171 173 173 173 173 172 171 169 168 169 169 167 167 167 166 165 164 164 163 161 160 159 157 154 140 115 103 126 137 141 142 143 144 143 142 143
195 195 196 188 172 169 168 166 166 164 164 164 163 162 161 161 164 163 163 164 165 165 166 166 166 166 165 165 162 164 166 166 166 166 166 166 167 167 167 167 167 167 167 168 169 169 170 171 171 172 172 173 173 174 175 175 175 174 174 172 172 173 174 173 173 172 172 170 169 169 168 167 168 167 166 166 164 164 163 162 160 159 156 153 146 140 134 139 141 142 142 142 141 140 140 142
195 195 184 170 166 166 166 163 164 165 163 164 163 161 158 160 163 163 164 164 164 165 166 166 166 166 166 166 166 166 166 166 166 166 166 166 166 166 166 167 167 167 167 168 168 169 170 171 171 172 172 173 173 174 175 175 175 174 173 172 173 174 174 173 172 171 171 171 170 169 168 168 168 166 166 166 164 163 162 160 160 158 156 153 151 149 146 145 144 142 140 140 139 137 137 139
193 178 169 166 165 166 164 164 162 163 162 162 160 160 163 164 164 164 164 164 166 166 166 166 166 165 165 166 166 166 166 166 166 166 166 166 166 166 166 167 167 167 167 168 169 169 170 171 172 172 172 171 173 173 174 174 174 174 173 173 174 174 173 173 171 170 171 171 170 168 168 167 167 167 166 165 164 163 162 160 160 158 157 154 153 151 149 145 141 139 137 137 136 136 137 138
172 168 167 165 164 163 155 159 158 161 163 163 162 162 164 165 164 165 164 164 166 166 166 166 166 165 165 165 165 165 165 165 166 166 166 166 166 165 166 167 167 167 168 168 169 170 170 171 171 172 172 170 172 173 173 173 173 173 172 174 174 174 174 172 170 169 169 169 169 167 167 167 167 167 165 165 164 163 162 161 159 158 156 155 154 151 149 146 141 138 133 132 133 134 136 136
