inputs/bclim16.asc
NCOLS 210 
NROWS 174 
XLLCORNER 27.125 
YLLCORNER -2.20833333333333 
CELLSIZE 0.0416666666666667 
NODATA_value -32768 
[rows 84 to 125 of 174, columns 94 to 187 of 210]
359 437 451 459 460 462 463 484 492 486 472 466 458 459 452 448 438 432 429 422 418 415 409 408 412 421 437 453 469 477 477 472 466 459 455 451 447 445 444 443 444 445 447 448 450 452 453 455 456 458 460 461 464 469 474 480 487 493 499 503 507 511 510 508 505 501 496 492 488 484 480 471 463 455 450 444 440 437 435 433 431 430 431 429 429 428 422 417 412 408 399 390 382 368
443 464 463 475 477 474 476 494 496 485 480 467 456 455 444 444 435 429 428 420 416 415 410 412 416 429 446 467 488 496 489 478 470 461 454 450 448 445 444 444 444 445 446 448 450 452 454 457 459 461 463 465 467 469 475 482 489 494 498 501 507 511 512 511 510 507 503 499 497 491 484 479 470 462 455 450 444 440 438 436 434 437 452 439 446 446 432 424 417 413 406 397 386 373
468 479 485 491 493 484 479 486 491 482 484 460 450 444 440 438 431 428 423 418 415 412 413 413 420 434 452 470 490 499 489 478 468 459 453 449 446 444 444 443 443 445 446 447 449 451 455 458 462 464 466 467 468 470 476 480 487 493 498 501 508 512 514 515 516 513 511 508 505 498 489 481 474 466 460 453 447 443 440 441 459 480 499 495 498 484 459 438 422 417 413 404 392 379
469 484 486 493 492 483 485 489 480 478 467 453 442 438 436 435 426 423 418 415 415 414 413 413 423 435 450 466 479 484 480 471 463 454 447 443 443 442 442 442 443 445 446 447 447 452 457 461 466 468 470 471 471 473 477 481 487 492 497 501 505 511 515 518 519 520 519 517 510 500 490 484 475 469 461 453 449 445 443 459 520 546 546 536 530 519 482 449 431 426 421 409 395 384
471 481 479 483 484 486 484 484 471 469 453 441 437 432 428 425 420 418 415 414 415 414 412 413 423 435 445 457 466 470 468 460 452 446 442 441 440 439 438 440 442 444 445 449 451 453 456 465 471 475 476 475 474 474 477 481 485 490 496 500 505 511 516 521 523 526 525 522 510 499 491 483 474 466 460 454 449 444 453 488 565 564 552 550 556 536 500 469 445 441 425 414 401 392
469 473 473 476 481 477 476 470 459 451 441 438 435 430 424 421 417 417 412 411 409 410 411 412 422 431 440 449 454 457 455 451 441 436 435 435 435 434 435 437 441 444 447 451 454 457 463 471 479 484 484 482 478 476 477 480 485 489 494 499 502 510 516 521 524 528 529 522 511 500 490 479 471 465 459 453 447 444 461 510 580 563 566 571 574 558 528 519 461 437 425 418 408 400
468 472 467 469 472 469 462 457 445 440 438 437 431 425 420 418 416 416 412 407 408 407 407 413 421 427 434 441 444 447 445 441 434 429 429 429 431 432 433 435 440 446 449 453 459 466 473 482 490 495 493 488 482 478 476 481 484 489 494 497 502 509 516 520 521 521 523 521 511 499 485 474 466 461 455 450 446 447 477 583 594 565 584 588 586 574 533 496 455 432 420 411 402 398
463 467 461 460 454 455 447 444 441 437 431 429 425 419 418 414 412 412 409 406 403 405 406 413 419 424 428 433 436 436 436 433 429 424 422 425 426 429 430 434 439 446 451 455 463 472 481 492 503 508 502 495 488 482 478 482 484 489 492 495 500 508 512 517 520 517 512 508 500 490 477 468 461 457 451 449 446 443 480 574 592 581 593 600 598 582 558 510 468 434 412 402 396 394
450 450 446 445 443 439 437 436 434 430 428 422 419 414 414 411 408 408 408 403 400 402 405 412 417 421 424 427 429 427 426 425 422 418 417 419 420 426 430 432 439 447 453 460 468 478 489 499 512 519 512 502 493 488 483 484 486 489 493 496 498 504 509 513 515 515 502 495 484 473 467 458 453 448 445 447 478 447 448 519 594 580 600 605 603 597 570 541 484 449 411 396 390 389
436 438 441 443 436 435 433 427 422 420 419 417 412 409 410 407 406 405 400 400 397 401 406 411 416 419 421 421 423 422 421 420 415 412 411 413 416 424 428 432 439 447 455 462 471 483 493 503 513 517 515 507 500 493 488 487 488 490 493 495 498 500 504 507 508 504 493 481 471 462 455 448 442 439 436 439 477 495 504 513 569 579 603 607 604 600 592 567 527 476 410 389 386 386
440 437 437 436 432 428 426 423 419 413 412 411 408 406 405 404 404 401 400 398 399 403 407 410 414 417 418 418 418 416 417 415 413 410 410 411 415 423 427 432 440 449 457 465 474 485 495 504 513 518 517 511 502 496 491 489 490 490 493 495 498 499 500 498 497 493 484 472 462 450 442 436 432 430 428 429 462 506 524 613 621 576 605 606 604 601 594 573 525 460 403 387 385 385
438 434 432 432 428 424 430 421 415 411 407 405 404 403 402 402 401 400 398 396 401 405 408 411 413 416 417 416 415 415 414 414 410 411 411 412 414 420 426 432 442 450 458 466 477 486 495 503 511 518 518 514 506 498 492 489 490 491 494 496 499 500 499 496 491 484 474 463 451 442 432 428 424 421 421 425 535 632 598 551 604 604 599 604 602 598 589 569 536 472 408 391 390 391
438 430 430 431 428 423 420 420 417 411 405 400 400 399 399 401 401 400 396 399 403 406 410 412 413 415 415 417 414 414 413 414 411 412 412 413 415 416 422 432 441 450 459 468 479 487 493 499 506 514 519 514 504 495 491 488 488 490 494 497 500 501 499 494 488 480 469 456 442 431 424 418 416 413 414 423 558 608 541 520 562 599 595 596 598 592 584 557 514 473 423 415 416 407
436 430 427 428 435 431 424 423 420 412 402 398 396 397 399 401 401 398 399 402 405 407 410 413 414 414 416 416 415 414 415 414 411 412 414 415 416 419 423 433 441 450 458 466 477 482 487 491 498 506 512 507 495 488 484 484 485 488 493 498 501 502 501 496 488 480 467 454 439 426 415 412 409 409 412 421 459 496 500 537 622 581 580 583 586 580 570 549 516 482 442 453 445 429
432 427 428 437 452 441 432 430 428 410 403 398 396 396 403 408 399 400 402 404 407 410 411 413 415 416 417 418 417 416 415 416 415 414 415 417 418 417 425 433 440 448 457 464 470 474 477 480 484 490 491 487 480 476 476 478 481 485 492 498 502 504 502 497 490 482 471 455 437 419 409 408 407 406 410 424 433 461 489 528 640 605 583 568 559 559 552 531 515 492 468 478 466 449
435 434 427 425 435 433 435 436 435 422 423 410 407 392 396 404 397 399 401 405 407 410 412 414 416 418 419 418 419 418 417 417 419 419 416 417 417 417 424 432 440 447 454 459 465 466 466 468 469 472 471 468 464 464 467 470 476 483 490 494 500 503 502 500 495 488 478 462 442 421 414 410 409 409 413 436 458 478 497 521 631 635 602 587 573 560 546 534 519 507 496 509 488 468
429 438 429 421 422 425 442 440 439 428 429 423 414 398 391 397 395 393 395 399 406 410 413 414 417 418 420 421 420 419 419 420 421 421 420 420 418 421 426 432 439 446 451 456 460 459 456 452 453 453 453 451 451 452 458 463 471 479 485 491 496 501 502 502 500 497 490 478 458 438 427 424 418 416 417 434 449 478 498 510 523 580 637 617 596 583 574 573 587 581 559 534 507 484
445 441 438 428 426 431 437 438 430 420 419 424 418 400 385 387 388 391 389 393 393 401 412 416 417 420 421 422 422 423 424 423 423 426 424 424 420 423 427 433 438 444 449 453 455 454 448 442 439 439 438 439 442 445 451 459 466 474 481 487 491 497 501 504 505 505 505 494 478 461 447 444 438 428 427 444 468 494 510 515 520 539 616 635 633 647 649 651 628 597 572 548 521 496
465 461 451 437 426 429 445 441 437 435 429 424 415 387 380 379 381 382 387 392 400 398 406 414 418 421 421 424 424 425 426 426 427 428 431 426 422 424 429 433 439 445 450 452 453 452 447 441 435 431 429 430 433 440 450 455 461 470 480 485 488 496 500 503 507 510 510 502 490 479 473 466 460 463 470 480 499 519 520 524 529 541 559 604 645 629 616 625 625 603 577 553 529 507
456 455 454 447 437 429 422 426 442 437 428 418 415 404 387 377 377 378 380 386 389 395 397 412 418 421 422 424 425 426 427 429 428 430 434 428 422 421 425 432 439 444 450 452 455 455 450 441 433 429 424 421 429 439 447 452 461 467 476 481 485 490 495 501 507 510 508 505 498 490 484 481 490 503 511 520 531 536 536 541 544 545 566 604 620 622 611 610 621 610 580 559 537 513
441 443 441 445 443 433 435 430 430 427 416 405 404 398 382 378 373 376 375 382 389 391 396 404 417 417 418 424 425 421 422 423 421 415 427 426 417 418 424 431 438 446 452 454 454 454 455 445 435 429 424 418 426 439 451 455 461 465 473 477 481 488 493 498 503 506 508 506 504 506 506 509 519 525 536 553 554 551 555 561 561 556 561 583 619 623 624 616 626 621 593 567 543 521
427 427 432 432 432 435 435 429 426 413 406 402 392 389 380 373 371 370 372 376 382 388 395 399 411 415 422 424 423 422 419 415 419 417 422 420 412 415 421 430 439 447 453 457 455 454 455 447 441 439 434 434 435 456 459 459 460 465 473 475 480 486 492 495 502 504 506 508 508 509 514 518 529 547 578 566 560 565 568 577 574 571 579 599 631 630 630 624 629 636 610 583 556 535
429 420 423 427 424 422 421 421 413 405 399 390 381 375 371 367 365 365 368 373 378 385 392 407 416 418 422 421 423 424 422 420 423 414 407 409 402 409 420 431 441 450 457 460 459 458 455 452 446 448 450 449 448 455 456 461 460 466 471 473 479 485 489 492 501 505 509 509 514 517 527 536 543 554 569 567 578 580 582 593 594 585 580 596 605 627 635 628 648 650 635 606 567 546
417 419 417 415 416 416 412 416 405 391 392 382 374 368 364 361 359 359 364 369 376 384 390 396 403 419 418 419 422 422 418 419 418 417 405 401 400 410 424 436 447 455 461 465 462 465 458 455 451 452 461 457 458 459 462 467 462 466 471 473 477 483 486 492 501 506 509 512 515 528 533 544 559 573 578 600 627 625 619 616 607 600 591 590 604 626 643 642 661 647 647 629 579 525
413 410 408 411 405 400 401 395 389 381 379 375 368 361 359 356 354 357 362 366 373 382 390 395 399 405 416 421 415 417 416 414 414 412 408 402 406 421 432 443 454 463 467 469 466 466 462 458 459 457 461 465 464 465 465 466 466 465 470 473 477 479 485 494 503 509 509 514 516 544 554 565 590 596 604 613 629 628 627 625 620 618 613 609 615 627 651 646 655 666 663 646 567 518
408 403 401 397 392 390 384 381 376 372 372 368 363 356 354 352 352 354 359 366 373 381 393 404 413 417 412 418 408 405 413 415 415 414 415 409 416 429 440 452 463 471 475 473 473 470 466 466 462 460 461 463 466 469 470 468 467 468 470 475 480 486 491 494 506 511 512 516 518 533 553 576 605 624 622 631 639 632 633 636 634 630 623 629 626 624 637 649 676 702 694 674 637 532
398 391 391 385 379 377 376 369 366 367 364 361 356 352 350 350 352 354 360 366 374 380 393 408 409 407 410 412 410 401 408 408 406 405 410 416 422 435 447 460 471 479 483 480 478 478 473 466 466 465 471 466 470 474 479 479 481 473 473 474 484 491 494 500 509 515 512 516 520 526 545 573 605 620 633 636 639 637 640 647 651 650 649 643 633 625 651 671 691 701 707 687 657 584
382 378 376 370 367 366 366 359 360 357 354 351 350 347 347 348 350 354 359 364 371 379 391 404 405 407 402 408 408 406 406 407 407 406 408 417 425 439 452 467 479 488 491 488 484 477 473 472 470 472 471 474 482 488 489 489 496 482 476 482 487 492 492 500 513 517 509 514 517 522 541 568 584 592 609 617 638 656 662 662 667 669 658 644 635 636 671 689 695 715 715 696 666 624
373 367 360 359 355 357 354 352 350 349 347 346 344 344 346 348 351 355 358 364 371 378 388 399 403 407 402 404 402 402 401 406 413 415 418 425 434 445 459 475 488 497 499 493 485 478 471 473 472 472 485 500 503 506 509 507 507 498 486 482 486 490 491 501 505 506 511 517 517 516 544 551 557 566 598 630 653 678 680 691 688 674 660 653 656 663 676 687 703 711 713 696 669 620
360 353 348 346 345 346 344 343 342 341 340 340 342 343 344 346 350 353 357 362 369 377 385 394 402 406 403 403 403 403 403 408 417 428 434 443 449 457 468 484 496 500 502 494 485 477 481 480 480 487 497 509 522 531 534 530 522 511 499 494 492 490 489 491 493 495 500 510 516 514 524 532 535 565 629 658 674 698 707 700 683 668 663 668 670 661 669 680 701 714 707 693 674 646
346 342 339 337 338 337 336 335 336 338 338 339 340 343 342 344 348 350 355 363 370 377 387 392 398 404 406 408 410 411 414 423 434 443 451 463 473 480 488 496 501 501 496 493 489 486 487 492 499 505 518 534 551 563 566 558 546 531 518 509 508 499 493 492 493 494 501 502 500 501 499 505 522 557 620 640 664 685 687 676 669 680 675 665 658 655 660 685 705 709 702 695 678 657
334 331 329 328 330 331 328 331 331 334 335 334 335 337 340 340 343 351 355 363 368 374 381 389 398 406 413 415 424 431 433 452 457 470 483 494 502 508 513 513 507 503 498 502 499 499 504 514 516 527 542 563 582 590 599 588 568 551 538 526 522 511 498 494 493 493 489 491 492 483 481 489 550 570 592 606 642 662 665 677 680 683 686 683 678 682 688 695 718 719 710 692 676 666
326 326 325 322 321 322 321 325 325 327 328 331 333 334 336 337 342 350 357 363 371 375 382 393 403 415 425 430 440 454 464 485 494 509 526 531 544 544 540 536 532 520 514 516 518 519 525 531 540 551 569 589 612 623 630 610 588 567 549 535 522 510 502 495 492 485 481 478 474 468 465 488 514 517 552 567 595 630 663 679 679 686 687 682 681 689 708 710 726 723 694 673 662 671
320 320 317 317 313 314 317 320 321 322 322 326 328 329 331 337 343 350 355 356 364 376 385 398 410 424 441 452 467 487 503 523 541 561 579 579 583 579 571 562 553 544 539 538 536 539 546 551 560 573 588 608 629 636 641 622 599 579 559 543 529 515 506 497 488 480 475 467 461 454 451 458 469 471 485 533 565 596 628 657 681 686 688 684 683 684 694 711 712 707 699 692 694 683
313 312 310 310 308 308 311 312 315 317 321 321 322 327 330 332 335 343 352 364 376 385 397 410 421 438 459 479 496 520 541 561 585 609 630 630 624 613 601 588 580 572 565 562 558 560 564 572 579 590 605 621 635 644 641 625 606 585 567 550 535 520 508 497 487 493 477 461 452 444 438 429 421 421 476 520 558 604 632 659 684 691 684 675 673 688 700 710 717 712 707 705 704 674
307 306 304 303 302 302 305 307 311 313 317 318 319 325 329 335 344 354 365 376 388 400 413 424 442 458 484 505 529 555 577 603 628 650 663 666 656 644 631 619 609 599 591 586 584 583 585 590 598 606 617 628 636 641 634 623 607 589 571 554 539 524 510 498 486 475 464 454 445 435 425 416 410 411 428 455 515 584 636 677 687 687 672 662 668 673 692 705 711 703 689 682 688 663
302 300 298 297 296 296 300 303 306 309 313 321 324 331 337 344 353 365 379 393 405 416 431 445 465 485 513 539 564 588 614 639 665 684 693 694 684 672 659 647 635 624 615 610 606 605 606 609 613 618 626 632 636 637 630 620 606 591 573 556 541 526 511 498 486 472 460 449 438 427 418 409 404 407 413 441 486 548 627 656 681 665 657 652 652 681 698 699 673 644 640 643 646 645
297 295 294 292 292 293 293 297 299 305 316 324 332 339 346 354 365 375 392 410 425 442 457 475 496 520 545 571 599 622 651 675 697 713 719 717 710 699 685 673 661 649 641 634 628 625 624 625 626 630 633 635 636 634 627 617 605 589 572 557 541 526 512 496 483 471 458 445 434 423 412 406 405 410 413 423 446 500 545 587 625 642 652 636 637 642 637 622 640 591 570 600 594 593
294 291 289 289 288 289 290 291 294 303 315 325 336 345 354 365 376 390 408 429 449 468 484 508 531 556 579 606 636 663 686 710 727 739 744 741 733 723 710 698 684 673 663 654 649 643 641 639 640 639 640 639 637 632 625 614 602 588 572 556 540 526 510 496 482 469 456 443 431 420 410 402 397 400 403 428 450 479 537 586 634 638 614 617 609 600 583 577 571 556 532 516 505 498
292 288 286 287 286 286 286 287 290 300 312 325 339 352 363 375 389 406 426 450 475 496 520 541 565 592 619 646 674 699 722 742 757 766 768 765 757 746 733 719 705 693 683 675 667 661 656 653 649 648 645 641 638 632 622 613 599 586 571 556 540 525 510 497 482 468 454 442 430 419 409 401 396 394 401 415 452 485 536 558 573 573 561 559 562 565 543 534 536 535 523 507 497 489
290 288 286 286 284 284 284 284 288 298 310 326 344 360 377 391 404 426 450 477 505 528 552 577 602 629 656 684 711 737 759 777 788 793 793 788 779 767 754 741 728 714 703 693 684 676 670 664 659 655 650 645 639 631 621 611 598 584 570 555 540 524 510 496 481 466 454 441 429 418 409 403 398 398 405 416 429 456 487 502 504 515 515 524 520 523 517 518 520 517 510 501 493 487
290 288 286 284 284 283 282 282 288 298 308 327 351 372 392 411 430 451 477 507 535 561 587 612 637 664 693 722 749 775 797 812 820 822 819 811 799 788 775 760 745 733 720 709 700 690 682 674 668 662 656 647 640 631 621 609 596 582 568 554 539 523 508 494 480 467 453 441 429 419 410 404 399 399 406 412 431 443 459 465 474 485 493 502 502 504 504 506 506 503 499 493 489 485
