inputs/bclim6.asc
NCOLS 210 
NROWS 174 
XLLCORNER 27.125 
YLLCORNER -2.20833333333333 
CELLSIZE 0.0416666666666667 
NODATA_value -32768 
[rows 0 to 41 of 174, columns 0 to 95 of 210]
185.000000000000000 185 184 184 183 182 181 180 181 181 181 181 180 179 179 178 177 177 175 176 175 174 173 173 172 172 172 171 170 170 170 170 169 169 168 168 167 167 168 167 166 165 165 164 164 164 165 165 164 163 162 163 163 162 163 163 163 162 163 165 166 167 167 168 170 171 172 172 171 171 172 173 174 175 175 175 176 176 176 178 178 177 178 178 179 180 181 182 183 184 184 184 184 184 186 187
184 184 183 182 182 181 180 180 180 181 180 180 180 178 178 177 176 176 175 175 174 173 173 172 172 172 172 170 170 170 169 169 168 168 167 167 167 166 167 167 166 165 164 164 164 165 165 165 165 163 163 163 162 162 161 163 162 162 163 164 166 167 167 168 170 171 172 172 171 170 170 172 174 174 174 174 175 175 176 178 178 177 177 177 178 179 179 181 182 183 183 184 184 184 185 186
183 183 182 182 181 181 181 180 180 179 180 179 179 177 176 176 175 175 173 173 173 172 172 172 172 172 171 170 169 169 168 168 168 167 166 167 166 165 165 166 166 165 164 164 163 164 165 165 165 165 164 163 163 162 161 162 161 162 162 164 166 167 167 168 169 170 171 172 168 170 170 172 173 173 174 173 174 175 176 177 178 178 177 177 177 177 178 180 181 182 183 183 183 183 184 186
183 183 182 181 181 181 181 181 179 178 179 177 176 176 176 176 175 174 172 172 172 172 172 172 172 171 170 170 168 168 167 167 167 167 166 166 166 165 164 165 165 166 165 165 163 164 165 165 164 164 163 163 162 162 161 162 162 162 162 164 166 167 168 168 169 170 172 173 172 172 171 172 172 172 173 173 173 174 176 176 177 176 177 177 176 176 177 179 181 181 182 183 183 183 182 185
184 183 182 181 181 181 181 180 179 179 178 177 176 175 175 175 174 173 172 172 172 172 172 172 172 170 170 170 168 167 167 166 166 167 166 166 166 165 164 165 164 165 166 165 164 164 164 165 165 164 164 163 162 161 161 162 163 163 163 164 166 168 169 170 170 170 171 172 173 172 170 170 171 172 172 173 174 175 175 175 176 177 176 176 176 175 176 178 180 181 181 182 182 183 183 184
183 182 181 181 181 180 181 181 180 179 178 176 175 174 174 173 173 173 173 172 173 171 172 171 171 169 169 169 168 167 166 166 166 166 166 165 165 165 164 164 164 165 165 165 164 164 165 166 166 165 164 163 162 162 162 162 163 164 164 165 166 168 169 170 170 170 172 172 173 172 171 170 170 171 172 173 173 174 174 175 176 177 176 176 176 176 175 177 179 179 181 182 182 182 180 184
182 182 181 181 181 181 181 180 178 177 177 176 175 175 173 173 173 174 173 173 173 172 172 170 170 169 168 168 167 166 165 165 165 166 165 166 165 165 165 165 164 165 165 165 164 164 165 165 166 165 164 163 162 162 162 163 164 165 165 166 167 168 169 170 171 171 172 172 173 172 170 170 170 170 172 172 172 174 174 175 176 175 176 176 176 175 175 176 177 178 180 181 181 181 179 184
182 182 181 182 182 180 180 179 178 177 176 176 175 175 173 172 173 173 173 172 172 171 170 169 169 168 168 168 167 165 164 165 165 165 165 165 165 165 164 165 165 165 165 165 164 165 165 165 166 165 164 164 164 164 163 164 164 165 166 166 167 168 169 171 171 170 171 171 171 171 170 171 171 171 172 172 172 173 174 174 175 175 175 175 175 175 175 175 176 176 179 180 180 179 179 182
182 182 182 182 181 179 179 179 177 176 176 176 175 174 172 171 172 172 172 172 172 171 169 169 168 167 167 167 167 166 164 164 165 165 165 165 165 165 164 164 164 165 166 165 165 165 165 166 166 166 166 166 165 165 165 164 164 164 165 167 167 168 169 169 171 171 170 171 171 170 171 171 171 171 172 172 172 172 173 173 174 174 174 175 175 174 174 174 174 175 176 179 180 178 180 180
182 182 182 182 180 179 178 178 177 176 176 176 174 173 172 171 171 172 172 171 171 170 169 168 167 167 168 167 166 165 164 163 164 165 165 165 165 165 165 165 164 165 165 166 165 165 165 166 166 166 166 166 166 166 166 166 165 165 166 167 167 168 169 169 170 170 170 170 170 170 171 171 171 171 172 172 172 173 173 173 173 173 173 174 174 173 173 174 174 174 175 178 179 178 178 179
183 182 181 181 180 179 178 178 176 176 176 175 173 174 172 171 171 171 171 170 169 169 168 168 168 168 168 167 165 164 164 163 163 164 165 165 164 165 165 165 164 165 166 166 165 165 166 167 167 167 167 167 167 167 167 167 167 167 168 167 167 168 169 169 169 169 169 170 170 171 171 171 172 172 171 172 172 173 172 172 173 172 171 172 173 173 173 174 174 174 175 176 177 177 178 180
182 181 180 180 180 179 178 177 176 176 176 175 174 173 172 171 171 170 170 168 168 168 167 167 168 167 167 167 166 164 164 163 163 163 164 164 165 164 164 164 164 165 166 166 166 166 166 167 168 167 168 168 168 168 168 167 168 169 169 169 169 169 168 168 168 169 170 170 171 171 171 171 171 172 171 172 172 172 171 171 172 171 171 171 171 172 173 173 173 174 174 175 175 177 178 179
181 181 180 179 179 178 177 177 176 176 176 175 174 173 172 171 171 170 170 169 167 167 168 168 168 167 166 166 166 165 164 164 164 163 164 165 165 164 164 164 163 165 166 166 166 166 167 168 169 169 169 168 169 169 170 169 169 170 170 170 170 170 170 170 170 170 170 171 171 171 172 171 172 172 171 171 171 171 171 171 171 171 171 170 170 171 171 172 172 173 174 174 175 176 178 179
181 179 179 178 178 177 176 177 176 176 175 174 173 173 172 171 171 170 170 169 168 168 168 167 166 166 166 166 166 165 165 164 165 164 164 165 165 164 164 164 164 164 165 165 165 166 167 168 169 169 170 170 170 170 170 170 171 171 171 171 171 171 171 171 171 171 171 171 171 171 171 172 172 172 171 171 171 170 170 170 170 170 170 170 170 170 170 171 171 172 173 174 174 175 176 178
181 180 178 178 178 177 176 176 176 175 175 174 173 172 171 171 171 170 170 169 168 168 167 167 166 166 167 167 166 165 164 164 164 164 164 164 164 165 165 165 164 165 166 166 166 167 166 167 168 170 170 170 171 170 171 172 172 172 172 172 172 172 172 172 172 172 172 172 172 172 172 172 171 171 171 171 170 169 169 169 169 169 170 170 170 170 170 170 171 172 172 173 174 175 176 177
181 179 179 178 178 177 176 176 176 175 175 174 173 172 171 170 170 170 170 169 169 168 167 167 166 166 167 166 165 165 165 164 164 163 163 164 165 166 166 166 166 166 167 167 168 168 167 168 169 170 170 170 171 171 172 172 172 173 173 173 173 173 173 173 172 173 172 172 172 172 172 171 171 171 170 170 169 169 168 168 168 168 169 169 169 169 169 169 170 171 172 172 174 174 175 176
181 180 178 177 177 177 176 176 176 175 174 173 172 172 172 171 170 170 170 170 169 168 168 167 167 167 166 165 165 165 165 165 164 164 164 165 165 166 167 167 167 167 168 169 169 169 169 170 169 170 170 171 172 172 173 172 172 173 173 173 173 173 174 173 173 172 172 172 172 172 172 171 171 170 170 170 169 168 168 168 167 167 168 167 167 168 168 169 170 170 171 172 173 174 175 176
180 179 178 177 177 177 177 176 176 175 174 173 173 172 171 171 170 170 170 170 169 169 169 168 167 167 167 166 165 165 164 165 164 165 166 166 166 167 168 168 168 169 169 170 170 170 170 170 171 171 171 172 172 173 173 173 173 172 173 174 174 173 174 174 174 173 172 171 171 172 171 171 170 170 170 169 168 167 167 167 167 167 166 166 166 166 167 167 168 169 170 172 172 173 174 175
179 179 178 177 177 177 176 177 176 175 173 173 173 172 171 171 170 170 170 170 169 169 169 168 167 167 167 167 166 165 165 165 165 166 167 167 167 168 169 168 169 170 170 170 171 171 172 172 171 172 172 173 174 174 174 174 174 174 174 175 174 174 174 174 174 173 172 171 171 171 171 171 170 170 169 169 168 167 166 166 166 166 165 165 165 166 166 167 167 168 169 171 172 173 174 175
178 178 177 176 177 177 176 176 175 174 174 174 173 172 171 171 171 170 170 170 170 169 169 168 168 168 167 167 167 167 167 167 167 167 168 168 169 169 170 170 170 170 170 170 171 171 172 172 173 172 172 173 174 174 174 175 175 174 175 175 174 174 175 174 174 173 172 171 171 171 171 171 170 170 169 169 167 166 166 166 165 164 164 164 164 164 165 165 166 167 169 170 171 173 174 175
178 178 177 177 177 177 177 175 175 174 174 173 173 172 171 171 171 171 171 170 169 169 169 168 168 168 168 168 168 168 168 167 167 168 169 169 170 170 170 170 170 170 170 171 171 171 172 172 173 173 174 175 175 175 175 175 175 175 176 175 175 175 175 175 174 174 173 172 171 171 171 170 170 169 169 168 167 166 166 165 164 163 163 162 162 163 163 164 165 167 168 170 171 172 173 175
178 178 177 176 176 177 176 175 175 175 174 173 172 172 172 171 171 171 171 170 170 170 169 168 168 168 169 169 169 169 168 168 169 169 169 170 171 171 171 171 172 171 171 171 171 172 172 173 174 174 176 175 176 176 176 175 176 176 176 176 175 176 176 174 174 174 173 172 172 171 170 170 169 169 169 168 167 166 165 164 163 163 161 161 160 161 161 163 164 166 167 169 171 172 173 174
178 178 177 176 176 176 176 175 175 175 174 173 173 172 172 172 172 172 171 170 170 169 169 169 169 169 170 170 169 169 169 170 170 170 171 171 172 171 172 173 172 172 172 172 173 174 174 174 174 175 176 176 177 176 176 176 177 177 176 176 176 176 175 175 174 174 173 172 172 171 171 169 169 169 168 168 167 165 165 164 163 162 161 160 158 159 160 162 164 166 167 169 170 172 173 174
178 178 178 177 176 177 176 175 175 174 174 173 173 173 172 172 172 172 172 171 170 170 170 170 170 170 170 170 170 169 170 171 171 171 172 173 173 173 173 173 173 173 173 174 174 174 175 175 175 176 177 177 177 177 177 177 178 177 177 177 177 177 176 175 174 174 173 173 172 171 171 170 169 169 168 167 167 166 165 164 163 162 161 159 159 159 160 162 164 165 167 169 170 171 172 174
178 178 178 177 177 177 175 175 175 174 174 174 173 173 173 172 172 172 172 171 171 170 170 170 171 171 171 170 170 171 171 172 172 172 173 173 173 173 174 174 174 174 174 175 175 175 176 176 176 177 178 178 177 178 178 178 178 178 177 178 177 176 175 175 174 174 173 174 173 172 171 171 169 168 168 167 166 166 164 164 163 162 161 160 159 160 161 162 164 166 167 169 170 171 172 174
178 177 178 177 177 176 175 175 175 174 174 174 174 173 173 173 172 172 171 171 171 171 171 171 171 171 171 172 172 172 172 173 173 174 174 174 174 174 174 174 174 175 175 176 176 176 177 177 177 177 178 178 179 179 179 179 178 178 178 178 177 176 176 175 175 175 174 174 173 173 171 171 170 168 168 166 166 165 165 164 164 162 162 161 161 161 162 163 164 166 168 169 170 171 173 174
178 177 178 178 177 175 175 176 175 174 175 175 174 174 173 173 173 172 172 171 171 172 172 172 172 172 172 172 172 173 173 174 174 175 175 175 175 175 175 175 175 176 176 177 177 176 177 178 178 179 179 179 180 179 179 179 179 178 178 177 177 177 176 176 176 176 175 174 173 173 172 170 170 169 168 167 166 165 165 165 164 163 163 162 162 162 163 164 165 167 168 169 170 171 173 174
178 178 178 178 177 176 175 176 175 175 175 174 174 173 173 173 173 172 172 171 171 172 172 173 173 173 173 173 174 174 175 175 175 175 175 176 176 175 175 176 176 177 177 178 178 178 179 179 180 179 180 180 179 179 179 179 178 178 178 178 178 178 177 177 176 176 175 174 173 173 172 171 170 169 168 167 166 166 165 165 164 164 163 164 163 164 164 165 166 167 168 169 170 172 172 173
178 177 177 177 177 177 176 176 176 175 174 173 173 173 172 172 172 172 172 172 172 172 173 172 173 173 174 174 175 175 175 175 175 175 176 176 176 176 177 177 178 179 179 179 179 180 180 179 180 180 180 180 180 180 179 179 179 179 179 179 179 179 178 178 177 176 175 175 174 173 172 171 170 169 169 168 167 167 166 165 165 164 164 164 164 165 165 165 166 167 168 169 170 172 172 173
178 177 176 176 177 177 176 176 175 175 175 174 173 173 173 172 172 172 172 172 173 173 173 173 174 174 175 175 175 175 176 175 176 176 177 177 177 178 178 178 179 179 179 180 180 180 180 180 180 180 180 180 180 180 180 180 180 180 180 179 179 178 178 177 177 176 176 175 174 173 172 172 171 170 170 169 169 167 167 166 165 165 164 165 165 165 166 166 167 167 168 169 170 171 172 173
178 177 176 175 176 177 177 176 175 175 175 174 173 173 173 173 172 172 172 173 173 173 173 174 175 175 175 175 176 176 177 177 177 178 178 178 178 179 179 179 180 180 179 180 180 181 181 181 180 180 180 181 181 181 181 181 181 181 181 180 179 179 178 178 178 177 176 175 174 174 173 173 172 170 169 169 168 168 167 166 165 165 165 165 165 165 166 167 167 168 168 169 170 171 173 174
177 176 176 175 175 176 176 177 175 175 175 175 174 174 174 174 173 173 173 173 173 174 174 175 175 176 176 176 176 177 178 178 178 179 179 179 179 180 181 180 181 181 181 180 180 181 181 181 181 182 182 182 182 182 182 182 182 181 181 180 180 179 179 179 178 177 176 176 175 175 174 173 173 171 170 169 169 168 167 166 166 165 165 166 166 166 166 167 167 168 169 170 171 172 173 174
177 177 176 176 175 175 175 176 176 176 175 175 175 174 174 174 174 174 173 174 174 174 174 174 175 176 177 177 177 178 179 179 180 180 180 181 181 182 182 182 182 181 181 181 181 181 182 182 182 182 182 181 182 182 182 182 181 181 181 181 181 180 179 179 178 178 177 177 176 175 174 173 173 172 171 171 170 169 168 167 166 165 165 166 166 166 166 166 167 168 169 170 171 172 173 173
177 176 175 175 174 175 175 174 175 175 174 174 174 173 173 174 174 174 174 174 174 175 175 175 175 176 177 178 178 179 180 181 181 181 182 182 182 182 182 182 182 182 182 182 182 182 182 182 182 182 182 182 182 182 182 182 182 181 181 181 181 180 180 179 178 178 177 176 176 175 174 174 173 172 172 171 171 170 169 167 166 165 165 166 166 166 166 166 167 168 169 170 171 172 172 172
177 177 176 175 174 174 174 174 174 174 174 174 174 173 173 174 174 174 174 174 175 175 175 175 175 176 177 179 180 179 179 180 181 182 182 183 183 183 183 183 183 183 182 183 183 183 183 183 182 182 181 181 182 182 181 182 182 181 181 181 180 181 180 179 178 178 178 177 176 175 175 174 174 173 172 170 171 170 169 167 166 166 166 166 165 166 167 167 167 167 169 170 171 171 171 170
176 176 176 175 174 173 173 174 174 173 174 174 173 174 173 173 173 174 174 174 175 175 176 177 177 177 178 179 179 180 180 181 182 182 183 183 184 184 184 184 184 184 184 184 184 183 182 183 183 183 182 182 181 182 181 181 182 181 180 180 180 181 180 179 178 178 178 177 176 175 175 174 174 173 172 171 169 169 168 167 167 167 166 167 166 166 167 167 167 166 169 168 168 168 168 167
176 176 176 175 174 174 174 174 174 174 174 174 173 173 173 174 173 174 174 174 175 176 177 177 179 179 178 179 180 180 181 181 182 183 183 183 184 184 184 184 184 184 184 184 184 183 182 181 184 183 182 181 181 181 180 181 181 181 181 180 180 180 180 179 178 178 178 176 176 175 174 174 174 174 171 171 171 169 169 168 167 167 167 167 167 167 167 167 166 166 166 165 165 165 167 168
177 176 176 176 174 175 175 174 175 174 174 174 174 173 173 174 174 174 174 175 175 176 177 177 178 179 180 180 180 181 182 182 182 184 183 183 183 183 184 184 184 184 184 184 183 183 183 182 184 183 181 182 181 180 180 181 181 180 180 180 179 179 180 179 178 177 177 177 176 175 174 174 174 174 172 169 169 170 169 169 168 168 167 167 167 168 168 167 166 165 164 163 164 165 167 167
176 176 176 175 175 175 175 175 175 174 174 174 174 174 174 175 174 174 175 175 176 177 178 178 178 179 180 181 182 182 182 183 183 184 183 183 182 183 184 183 184 184 184 184 184 182 181 182 181 182 183 183 182 181 180 180 180 180 179 179 179 179 179 178 177 177 177 176 176 175 174 174 174 174 173 170 171 171 170 169 168 168 168 168 168 168 167 166 166 165 164 163 163 166 167 167
176 175 176 175 175 175 175 176 175 175 175 175 175 175 175 176 176 176 176 176 176 177 178 178 178 179 180 181 182 182 183 183 184 184 183 182 183 184 184 183 184 184 183 184 183 182 181 180 178 181 183 183 182 181 180 179 179 179 179 178 177 178 178 177 176 176 177 177 176 176 176 175 174 173 173 172 172 172 171 169 169 169 169 169 168 168 167 166 166 164 163 162 163 165 166 165
176 176 176 176 176 175 176 176 175 175 176 176 176 176 176 176 177 177 177 176 177 178 179 179 179 180 181 181 182 183 183 184 184 183 184 182 183 184 183 183 184 184 183 184 184 179 178 177 179 182 182 183 182 181 181 180 180 179 179 178 178 178 177 177 177 178 178 177 177 176 175 175 175 174 172 173 173 172 171 170 169 169 169 168 168 167 166 166 165 165 163 163 164 164 166 166
176 176 176 176 176 176 177 177 177 177 177 177 177 177 178 178 177 176 176 176 177 178 179 180 180 180 181 182 182 183 185 185 184 184 184 184 183 183 183 183 184 183 183 184 183 178 177 176 177 180 181 182 182 181 181 182 182 181 179 179 179 179 178 178 178 178 177 177 177 176 175 175 175 175 174 174 174 173 172 170 170 168 168 168 167 166 165 165 165 164 163 164 165 165 165 165
