inputs/bclim5.asc
NCOLS 210 
NROWS 174 
XLLCORNER 27.125 
YLLCORNER -2.20833333333333 
CELLSIZE 0.0416666666666667 
NODATA_value -32768 
[rows 126 to 167 of 174, columns 94 to 187 of 210]
280 279 279 278 278 279 280 279 280 281 283 283 284 283 283 284 283 282 280 283 284 284 282 282 281 280 280 279 278 278 276 276 276 276 275 274 274 274 275 276 276 276 276 278 278 279 280 280 282 282 283 284 285 285 286 287 288 289 290 291 292 293 293 295 295 297 297 298 300 300 301 302 303 305 305 306 306 306 306 308 309 310 311 311 312 313 314 314 314 315 316 315 316 316
279 278 278 275 277 278 279 278 279 280 282 284 282 284 282 283 284 282 282 284 284 283 282 282 281 280 278 279 278 277 276 276 276 276 276 275 275 275 275 276 276 276 277 277 278 279 280 280 281 281 283 283 285 285 286 287 288 289 289 290 291 292 293 294 295 296 297 298 299 300 301 302 303 304 305 306 306 306 305 306 309 310 311 311 312 313 314 314 314 315 315 316 316 316
277 277 273 273 278 277 277 278 280 281 282 283 282 283 282 282 283 282 282 283 284 284 281 282 281 280 278 278 276 276 275 276 276 276 276 275 275 275 275 276 275 277 277 277 278 279 279 280 281 281 283 283 284 285 286 286 288 288 290 290 291 292 293 294 295 296 297 298 299 300 301 302 303 304 305 306 306 305 305 306 309 310 311 312 312 312 313 313 314 314 315 315 315 315
276 277 275 278 278 275 275 276 278 279 281 283 282 282 281 282 282 282 282 284 284 283 282 282 281 280 280 279 277 275 276 276 275 275 275 275 275 275 275 275 276 277 277 277 278 279 279 280 281 282 282 283 284 284 286 286 288 288 290 290 291 292 293 294 295 296 297 298 299 300 301 302 303 304 305 305 306 307 306 308 309 310 309 309 310 312 313 312 313 312 310 307 307 301
276 277 278 277 275 273 277 276 278 278 279 281 282 282 281 281 282 282 282 283 284 283 282 281 280 280 279 279 278 275 275 276 275 275 275 274 275 275 275 276 276 277 277 277 278 278 279 280 280 282 282 283 284 284 286 286 287 288 289 290 291 292 293 294 294 296 297 298 299 300 301 302 302 304 305 304 306 307 308 308 309 310 302 303 309 311 310 308 306 303 303 301 301 297
275 276 278 275 275 276 274 275 277 277 278 279 280 281 280 280 279 281 283 284 283 282 282 281 280 279 279 277 276 274 276 275 275 275 274 273 275 275 276 276 276 277 276 278 278 278 280 280 280 281 282 283 284 285 285 286 287 288 289 290 291 292 293 294 294 296 296 298 298 299 300 298 302 304 304 305 305 307 308 308 309 310 309 309 310 309 308 306 304 305 303 301 298 295
275 276 277 276 274 274 269 270 273 275 277 277 280 279 279 281 282 282 282 283 283 282 281 280 280 279 278 277 277 276 276 276 275 275 273 275 275 276 276 276 276 276 277 278 278 278 279 280 281 281 282 283 283 285 285 286 287 288 289 289 291 291 293 293 294 296 296 298 298 299 298 292 300 304 305 301 296 304 307 308 307 310 310 311 310 309 307 305 301 302 301 297 295 292
274 275 276 274 271 270 271 272 272 273 275 276 278 278 279 281 281 281 282 283 282 281 280 280 280 279 277 278 277 277 276 276 275 275 275 275 276 276 276 276 276 276 277 278 278 279 279 279 281 281 281 283 283 284 285 286 286 288 288 289 290 291 292 293 294 295 296 297 298 299 301 301 302 303 304 298 290 304 305 304 307 309 309 307 307 306 306 304 301 297 289 288 281 278
274 275 273 272 271 272 273 270 271 272 276 277 278 278 279 279 280 281 282 282 281 281 280 280 279 278 278 277 277 277 277 276 275 276 276 276 276 276 276 276 276 277 277 277 277 279 279 279 280 281 282 282 283 284 284 286 286 288 288 289 290 291 292 293 294 295 296 297 298 299 300 301 301 299 295 301 296 303 305 300 306 306 306 304 304 302 301 301 298 293 287 278 271 270
274 274 268 269 273 272 271 266 267 272 275 276 277 278 279 278 279 280 281 281 280 280 279 279 279 278 278 277 277 277 277 276 275 275 276 276 276 276 276 276 276 277 277 277 278 278 278 280 280 281 282 282 283 284 284 285 286 287 288 289 290 291 292 292 294 294 296 297 298 299 300 301 302 295 273 283 288 302 305 304 301 301 302 301 302 301 297 297 297 292 287 271 267 266
273 272 264 266 272 270 268 270 268 270 275 275 277 277 277 278 278 279 280 280 279 280 279 279 278 278 278 277 276 276 276 275 275 275 276 276 276 276 275 276 277 277 277 277 278 278 279 280 280 281 281 282 283 283 284 285 286 287 287 289 289 291 291 292 294 294 296 297 297 298 300 301 298 275 277 285 297 303 302 297 298 299 300 300 300 300 297 294 293 290 278 270 266 269
272 270 270 268 271 271 269 267 270 269 272 274 275 275 276 277 278 279 279 279 279 278 278 278 277 277 277 276 276 276 276 275 275 275 276 275 276 276 275 276 276 276 277 277 278 279 279 279 280 281 281 282 283 283 284 285 286 286 287 288 289 290 291 292 293 294 295 296 297 298 299 300 298 289 292 297 301 294 291 296 298 299 300 301 301 299 298 295 289 282 275 271 270 272
269 268 267 267 265 268 269 268 268 266 267 273 275 275 276 277 278 278 278 278 278 277 277 277 277 277 277 276 276 275 275 275 275 275 276 275 275 275 275 276 276 276 277 278 278 279 279 279 279 280 281 282 282 283 284 284 286 286 288 288 289 290 291 292 293 294 295 296 296 298 299 300 300 293 294 296 286 290 295 298 300 301 301 300 299 298 292 291 285 276 274 270 267 269
264 267 265 265 262 263 267 265 263 264 270 272 274 274 276 276 277 277 277 277 277 277 277 276 276 275 275 276 276 275 275 275 275 275 275 275 275 275 275 276 276 276 277 277 278 279 278 279 280 280 281 282 282 283 284 284 285 286 287 288 289 290 290 292 292 293 295 296 296 298 299 300 300 297 293 292 292 293 296 299 300 301 301 300 297 294 289 281 284 274 278 274 267 262
260 265 263 265 261 259 263 267 269 270 271 270 273 274 275 275 276 276 276 276 276 276 275 275 276 275 275 275 275 275 275 275 274 275 274 275 275 275 275 276 276 276 277 277 278 278 278 280 280 280 280 281 282 283 283 284 285 286 287 287 289 289 290 291 292 293 294 295 296 297 298 299 300 300 299 298 296 295 297 299 300 298 298 297 297 294 287 284 285 277 273 270 264 257
262 263 267 264 264 260 260 267 269 268 270 270 272 273 274 274 275 275 275 275 275 275 275 275 275 275 275 275 274 274 275 275 274 274 274 275 275 275 275 276 276 276 277 277 278 278 278 279 279 280 281 281 281 283 283 284 284 286 286 287 288 289 290 291 291 293 294 295 295 297 298 299 300 301 301 302 298 297 297 299 300 298 292 295 293 294 293 279 278 277 270 267 263 260
266 266 267 265 260 259 259 265 268 269 270 271 272 272 273 273 273 274 274 274 274 275 274 275 275 274 274 275 274 274 274 274 274 274 274 275 275 275 275 275 276 276 277 277 278 278 278 279 279 280 280 281 282 282 283 284 284 286 286 287 288 288 290 290 291 293 293 294 295 297 297 298 299 300 302 303 303 301 299 299 299 295 291 292 292 290 287 280 277 275 272 266 265 263
268 268 267 265 265 262 264 265 269 270 270 271 271 271 271 271 273 273 273 273 274 274 274 274 274 274 273 274 274 274 274 274 274 274 274 275 274 274 275 275 275 276 276 276 277 277 278 279 279 280 280 281 282 282 283 284 284 285 285 287 287 288 289 290 291 292 293 293 295 296 297 298 299 301 301 303 303 301 299 297 295 294 291 290 291 289 283 274 271 273 269 267 259 265
269 267 266 266 266 264 267 268 267 270 270 270 270 271 271 271 272 272 273 273 273 273 273 273 273 273 273 273 273 274 273 273 274 274 274 275 274 274 275 275 275 276 276 276 277 277 278 278 279 280 280 280 281 282 283 283 284 285 285 286 287 287 289 289 290 292 292 293 295 296 297 298 299 300 301 302 304 302 300 295 289 289 290 290 290 289 287 281 269 270 268 273 263 271
270 269 268 268 268 267 268 269 269 270 270 270 267 270 271 271 272 273 276 272 272 273 272 273 273 272 273 273 272 273 273 273 274 273 273 274 274 274 275 275 275 276 276 276 277 277 278 278 278 279 280 280 281 281 282 283 284 284 285 286 286 288 288 289 290 291 292 293 295 296 297 298 299 300 301 300 304 303 297 296 294 291 286 285 288 288 285 279 272 267 274 277 271 274
270 269 268 270 267 268 269 269 270 270 270 270 270 271 271 271 269 269 271 271 272 272 272 272 272 272 272 273 272 273 273 273 273 273 273 274 274 274 275 275 275 276 276 276 277 277 278 278 278 279 279 280 281 281 282 283 284 284 285 286 287 287 288 289 290 291 292 293 294 295 296 298 299 298 299 297 299 299 293 293 293 291 288 283 285 287 284 279 265 268 280 278 274 275
271 271 270 270 268 269 270 270 269 270 269 270 270 270 270 270 269 271 269 269 271 271 272 272 271 272 272 272 272 272 273 273 273 273 273 274 274 274 275 275 274 276 275 277 276 277 278 278 279 279 280 280 281 282 282 283 284 284 285 286 286 287 288 289 290 291 292 293 294 296 297 297 298 296 296 294 293 293 293 290 290 290 291 290 288 288 287 281 273 273 282 279 276 276
270 272 271 270 270 270 270 270 268 270 270 270 270 270 267 270 270 268 269 267 271 271 271 271 271 272 271 272 272 272 272 272 272 273 273 273 274 273 274 274 274 275 275 276 276 277 277 278 278 279 280 280 281 281 283 283 283 284 285 285 287 287 288 289 290 291 292 293 294 295 296 296 294 293 294 292 289 289 289 290 290 287 288 288 288 289 288 285 279 282 283 279 276 274
273 273 272 271 271 271 270 270 270 271 270 270 270 270 266 269 269 267 267 266 270 270 270 271 270 271 271 272 272 271 272 272 272 273 272 273 273 273 274 274 275 275 275 276 277 277 278 278 279 279 280 281 281 282 282 283 284 284 285 286 286 287 288 289 290 290 292 293 294 295 295 294 292 286 288 286 287 286 286 284 285 283 282 285 285 286 288 286 285 281 279 277 275 271
272 271 271 271 271 271 270 270 271 270 270 270 270 270 266 267 267 267 264 267 270 270 270 270 270 271 271 271 271 271 272 272 272 273 272 273 273 273 274 274 275 275 276 276 276 278 278 278 279 279 280 281 281 282 282 283 283 284 285 286 286 287 288 289 290 290 291 292 292 292 293 291 288 286 288 288 289 284 284 283 282 279 277 281 281 283 283 285 285 282 278 269 267 267
261 271 270 271 271 271 271 271 270 270 270 270 270 269 265 266 266 264 262 266 270 270 269 270 270 270 271 271 271 271 272 272 272 272 272 273 273 273 274 274 275 275 276 276 276 277 278 279 279 280 280 281 281 282 283 283 284 285 285 286 286 287 288 289 289 290 291 292 291 292 291 290 288 288 292 293 293 290 288 286 285 279 276 276 275 277 278 279 279 280 277 268 262 262
256 260 271 271 271 270 270 270 269 269 270 270 270 270 270 270 266 263 265 268 270 269 269 269 270 270 271 270 271 271 271 272 272 272 272 273 273 274 274 274 275 275 276 276 277 277 278 278 280 280 280 281 281 282 283 283 284 284 285 285 286 287 287 288 289 290 291 291 293 294 292 287 290 293 294 294 293 291 288 286 285 283 280 277 270 269 273 271 274 273 273 264 259 265
258 253 268 270 270 271 269 267 268 270 270 270 269 269 266 269 266 260 265 269 269 269 269 269 269 270 270 270 271 271 271 271 271 272 272 273 273 274 274 275 275 276 276 277 277 277 278 279 279 280 281 281 282 282 283 283 284 285 285 286 286 287 288 288 289 290 290 288 286 292 294 295 295 291 292 291 289 288 287 284 280 274 274 277 272 266 266 267 267 267 266 264 275 281
262 257 259 271 268 271 268 266 268 269 269 269 269 268 264 268 266 263 266 269 269 269 269 269 269 270 270 270 271 270 271 271 272 272 272 273 273 274 274 275 275 276 276 277 277 278 278 279 279 280 280 282 282 283 283 283 284 284 285 286 286 287 287 288 289 289 290 289 289 291 293 294 295 295 295 294 290 287 281 275 274 281 286 280 278 269 265 263 262 261 273 281 281 281
258 256 255 272 270 269 266 266 267 269 269 267 269 266 267 268 264 262 267 268 269 269 268 269 269 270 270 270 270 270 271 271 272 272 273 273 274 274 275 275 276 276 277 277 278 278 279 279 280 280 281 282 282 283 283 284 284 284 285 285 287 287 287 288 288 289 288 290 290 290 287 290 290 292 293 293 292 292 291 293 296 295 293 290 286 281 276 269 270 279 284 282 283 281
261 258 255 271 269 267 265 266 267 268 266 269 269 265 263 266 262 267 268 268 269 269 269 269 269 270 269 270 270 270 271 271 272 273 273 274 274 274 275 276 276 277 277 278 278 279 279 280 280 280 281 281 283 283 283 284 284 285 285 286 286 286 288 287 288 288 289 290 290 291 286 284 285 288 293 294 296 297 297 297 297 297 295 292 288 280 280 283 287 285 286 286 286 282
256 260 255 272 266 265 266 265 266 268 265 269 265 264 267 267 266 269 268 269 269 268 269 269 269 269 269 270 270 271 271 272 272 273 273 274 275 275 275 276 276 277 277 278 279 279 279 280 280 281 281 282 282 283 284 284 285 285 285 286 286 287 287 287 285 284 288 290 291 291 289 292 294 295 295 296 296 297 297 296 296 295 295 295 294 289 287 288 286 286 286 287 285 284
256 258 255 272 266 266 267 268 267 268 268 268 261 263 262 265 263 268 269 269 268 268 269 269 269 269 270 270 270 271 272 272 273 273 274 274 275 275 276 276 277 277 278 278 279 279 280 280 281 281 282 282 282 283 283 284 285 285 286 286 286 287 287 286 281 280 284 287 287 290 288 288 292 294 295 296 296 296 296 296 294 291 287 290 293 289 288 288 288 286 287 286 286 285
260 260 256 272 269 268 266 267 268 269 269 265 263 252 256 265 260 269 269 269 268 269 269 269 269 269 270 270 271 271 272 273 273 274 274 275 275 276 276 277 277 278 278 279 279 280 280 281 281 281 282 282 283 283 283 284 285 285 286 286 287 287 287 287 285 284 283 284 285 288 287 286 291 294 295 295 295 295 294 292 287 279 286 290 291 291 289 285 284 284 284 284 282 282
265 259 256 271 272 270 268 266 268 269 268 262 259 254 256 264 263 269 268 267 266 269 269 270 270 270 270 271 271 272 272 273 274 274 275 275 276 276 277 277 277 278 278 279 279 280 281 281 281 282 282 283 283 283 284 285 285 286 286 287 287 287 288 288 288 287 285 282 280 283 283 288 290 292 293 288 293 294 290 287 277 276 285 288 279 286 286 281 278 279 281 280 277 278
265 254 259 271 274 270 266 267 270 269 266 263 252 254 263 264 267 269 269 268 268 269 269 270 270 271 271 271 272 272 273 273 274 275 275 276 276 277 277 277 278 278 279 280 279 280 281 281 282 282 283 283 283 284 285 285 285 286 286 287 287 287 287 288 288 288 285 284 282 278 278 280 286 287 289 286 290 290 288 283 274 273 285 286 274 282 283 277 274 277 279 275 272 276
263 259 255 272 272 270 269 270 270 269 262 259 250 252 261 264 266 269 269 269 269 270 270 271 271 271 271 272 272 273 273 274 274 275 276 276 277 277 277 278 278 279 279 279 280 281 281 282 282 282 283 283 284 284 285 285 286 286 287 287 287 287 286 287 287 286 286 285 280 274 273 274 276 279 286 286 285 285 280 282 283 282 286 283 275 279 281 278 275 274 275 273 268 272
265 257 255 272 271 267 266 270 270 269 259 258 251 254 267 263 270 270 270 270 270 270 271 271 272 272 273 272 273 273 274 274 275 276 276 277 277 278 278 278 279 279 279 280 281 281 282 282 282 283 283 284 284 285 285 286 286 286 287 288 287 288 289 288 287 286 286 284 280 277 276 280 277 282 285 280 283 286 286 285 284 285 285 285 282 278 276 276 274 272 270 268 268 271
265 256 255 274 274 273 267 271 270 264 260 256 254 261 267 264 272 271 271 271 271 271 271 272 272 273 273 274 274 274 275 275 276 276 277 277 278 278 278 279 279 279 280 281 281 282 282 282 281 283 284 284 284 285 286 286 285 287 287 288 287 283 284 288 289 288 285 284 283 282 283 282 281 279 279 281 286 287 285 281 277 282 284 282 281 276 272 273 271 271 268 268 272 272
266 257 259 276 276 270 268 269 270 263 261 259 253 267 267 266 272 272 272 272 272 272 272 272 273 273 274 274 275 275 275 276 276 277 277 278 278 278 279 279 280 280 281 281 281 282 282 282 281 283 284 284 285 286 286 281 281 286 287 286 287 284 281 281 285 289 284 283 276 281 280 281 280 279 277 281 286 287 282 282 276 283 282 281 280 277 271 272 271 269 271 272 274 274
264 256 265 277 274 265 270 269 271 267 260 266 268 271 266 270 274 273 273 273 273 273 273 273 274 274 275 275 276 276 276 276 277 277 278 278 279 279 279 280 280 281 281 281 282 281 283 283 284 284 284 285 286 286 286 281 284 288 287 287 288 287 287 285 282 285 287 289 286 283 282 281 278 276 279 285 286 288 287 284 280 280 281 282 281 276 273 274 273 272 275 275 277 276
261 259 271 277 272 266 272 272 273 267 259 261 268 270 269 275 275 274 274 274 274 274 274 274 274 275 275 276 276 276 277 277 277 278 278 279 279 279 280 280 281 281 281 281 281 282 283 284 284 284 285 286 286 286 281 286 288 288 288 288 288 287 287 287 286 285 285 287 288 287 284 281 278 277 279 289 288 289 291 287 280 274 279 284 283 275 276 277 278 278 278 278 278 277
