inputs/bclim16.asc
NCOLS 210 
NROWS 174 
XLLCORNER 27.125 
YLLCORNER -2.20833333333333 
CELLSIZE 0.0416666666666667 
NODATA_value -32768 
[rows 0 to 41 of 174, columns 0 to 93 of 210]
610.000000000000000 611 612 611 611 612 614 612 607 605 602 600 598 599 596 594 592 592 589 585 584 583 580 577 577 572 569 572 569 566 566 566 566 567 568 567 568 568 569 570 572 574 573 576 576 576 573 575 579 581 584 584 584 585 583 582 583 587 584 578 571 571 569 567 560 556 553 554 555 555 551 546 540 533 529 525 522 519 515 504 501 502 497 495 488 483 477 473 467 462 458 455 454 452
612 612 613 614 613 613 615 613 611 607 606 601 600 601 598 596 595 594 592 589 586 585 582 580 577 574 572 573 571 569 569 566 568 569 568 568 568 570 571 570 571 573 577 577 579 577 575 574 577 580 583 583 587 589 590 586 588 587 586 580 576 571 575 572 565 561 556 556 559 564 562 552 542 539 535 532 529 524 516 507 503 503 503 497 494 489 486 477 469 465 459 456 456 454
617 614 615 616 616 616 614 612 611 610 606 605 604 603 603 599 597 596 595 593 589 588 585 582 578 575 573 573 573 570 573 569 567 569 570 569 570 572 573 572 571 573 577 579 581 579 577 576 577 579 582 585 587 590 593 590 592 592 589 585 580 576 575 576 571 568 562 560 580 567 564 553 548 544 538 537 534 527 518 512 507 503 501 501 498 498 490 480 473 468 462 459 457 456
616 616 616 616 616 615 614 612 612 613 609 609 608 606 603 601 599 598 600 596 592 587 585 582 579 578 575 575 576 572 573 571 569 567 571 569 570 574 575 574 573 573 576 578 581 579 579 577 580 582 585 587 589 591 595 592 592 594 595 590 584 579 577 578 576 571 567 562 565 564 564 559 555 548 545 542 537 529 520 515 508 509 504 500 502 501 497 483 475 469 465 459 459 457
615 616 616 617 617 616 614 613 612 611 611 610 609 609 606 604 602 600 600 598 593 589 586 582 580 580 578 575 578 575 574 574 572 569 571 572 570 572 575 575 577 576 576 578 582 583 582 579 581 584 585 586 592 594 596 596 593 593 595 593 588 585 581 580 579 577 572 568 564 565 570 566 560 554 549 542 536 529 523 520 511 507 507 506 504 503 500 488 480 473 468 462 462 461
618 619 619 618 616 616 615 612 612 612 612 612 613 612 609 607 605 601 598 597 592 591 587 584 583 583 580 576 578 578 578 575 573 570 572 572 572 573 576 578 579 577 577 580 583 585 583 581 582 584 586 591 594 598 600 599 597 596 600 595 593 590 587 583 585 585 577 573 570 570 574 571 567 560 552 546 540 533 530 521 514 508 507 506 506 504 504 495 486 478 472 465 462 462
620 619 619 617 616 615 614 614 615 614 614 614 613 611 612 610 604 601 598 595 592 590 588 587 584 586 583 579 579 580 579 578 576 573 573 573 573 574 575 578 580 577 579 581 585 586 583 584 583 588 592 595 599 603 605 603 602 601 602 601 599 594 595 590 588 588 583 579 572 574 577 575 571 564 557 551 546 537 530 523 516 514 508 506 506 504 501 501 493 486 475 469 465 469
619 619 619 618 615 617 617 615 617 617 616 615 612 612 612 612 606 604 600 598 594 592 592 591 587 588 584 581 580 581 582 580 576 576 574 575 574 576 577 578 580 578 583 584 586 588 587 588 587 591 595 598 599 602 605 606 609 609 609 607 608 603 600 595 593 595 591 587 583 582 579 576 569 563 559 555 547 540 534 527 519 514 514 509 506 506 504 501 498 496 480 473 470 481
620 619 619 616 618 619 619 617 618 619 617 614 614 615 615 615 610 607 602 599 598 594 596 592 592 591 587 582 580 580 583 580 579 578 577 577 577 577 579 581 582 581 582 584 588 590 590 590 589 592 595 596 599 602 607 610 618 619 617 613 616 611 607 607 600 599 599 593 590 587 582 577 573 565 558 554 549 545 537 530 523 520 517 511 509 507 504 504 506 501 494 478 473 485
622 620 619 618 619 620 621 621 620 620 618 616 617 617 616 616 612 607 603 603 601 598 597 596 595 590 586 582 584 582 582 584 581 580 578 579 581 579 578 581 584 583 584 585 589 591 592 591 592 594 598 599 601 603 606 612 620 623 622 622 624 620 614 614 610 607 606 599 596 592 585 579 574 569 562 554 547 542 538 532 527 525 522 515 512 512 510 507 504 504 501 485 478 483
620 620 620 622 620 621 622 622 622 620 619 618 619 618 616 617 615 611 607 609 607 602 602 599 594 590 587 585 585 585 582 584 584 583 581 582 583 582 582 584 587 587 586 587 591 594 594 594 595 597 599 603 604 606 610 612 619 621 623 627 629 627 624 623 621 617 613 606 602 595 587 581 574 569 566 559 551 544 539 535 529 527 527 521 515 511 509 505 504 503 503 495 488 486
621 623 623 623 623 622 623 623 623 621 620 619 619 619 618 618 616 613 611 613 612 608 606 600 594 593 589 586 585 586 585 585 587 587 584 585 585 587 590 590 594 589 588 589 592 596 596 595 595 599 601 602 605 608 612 618 620 623 625 626 627 628 631 632 628 624 616 609 603 596 590 585 579 570 565 558 551 548 545 540 532 530 528 526 523 515 511 508 507 502 502 503 500 492
625 625 626 625 625 626 626 625 625 624 621 620 621 621 620 620 617 616 612 614 613 612 605 600 598 596 594 592 588 586 585 585 587 591 588 587 589 591 596 596 597 593 593 593 597 597 597 596 597 599 602 605 606 608 612 620 620 622 625 626 627 627 632 631 629 625 619 612 606 598 591 585 578 572 565 560 556 554 547 539 533 530 528 527 526 521 516 512 510 505 503 503 503 495
627 628 629 629 629 629 628 626 626 623 623 623 623 622 622 621 619 617 615 615 614 612 607 605 604 601 597 594 590 590 590 589 589 592 592 591 591 594 597 599 601 601 600 600 601 602 602 600 600 600 602 605 609 611 616 620 619 622 623 627 629 631 633 630 631 624 619 613 608 601 593 586 579 573 568 565 557 556 549 544 535 532 529 526 524 524 518 515 514 511 504 501 501 499
629 629 630 630 630 631 630 628 627 625 625 624 625 626 625 623 622 619 617 615 614 613 612 611 608 605 598 595 594 594 596 596 595 596 595 597 596 597 597 599 602 601 599 600 600 603 605 606 604 603 606 607 610 615 617 618 622 625 627 628 630 632 634 635 634 627 621 613 607 600 594 587 584 576 574 566 563 558 551 548 540 534 528 525 522 520 516 516 512 510 508 504 503 503
629 630 631 631 631 632 631 631 628 627 628 628 628 627 627 624 623 621 619 616 615 614 614 611 611 606 601 600 600 598 597 599 600 603 602 601 599 598 598 599 600 600 600 599 600 603 607 604 608 607 610 614 613 614 618 619 620 623 626 627 631 634 637 640 638 628 621 617 612 604 596 592 584 580 576 567 563 561 556 551 544 537 529 527 521 518 516 516 511 510 511 507 505 505
631 631 632 635 633 632 632 631 629 629 629 630 630 628 627 628 625 624 621 618 617 618 616 613 612 609 608 607 607 604 603 603 606 606 605 602 603 601 599 598 599 601 602 601 601 602 604 604 608 610 612 615 613 615 617 621 624 626 627 630 634 638 638 641 641 635 628 622 615 606 599 592 587 583 576 569 567 563 559 551 545 538 531 530 525 519 516 514 511 511 511 512 510 507
632 634 635 636 635 634 632 632 630 631 632 632 631 630 630 629 626 625 624 620 620 618 616 614 613 611 611 609 609 608 609 607 608 605 604 603 602 602 599 601 601 600 601 601 600 600 603 606 608 610 613 611 614 617 619 622 627 630 631 632 635 639 636 636 636 634 629 626 618 608 601 593 591 584 577 571 568 566 560 550 543 538 534 528 525 522 520 517 514 513 518 521 520 511
636 636 636 637 636 635 635 632 633 634 635 633 632 632 633 631 628 626 625 622 621 619 618 617 616 613 612 612 613 612 612 611 609 606 605 604 603 603 601 602 601 600 600 601 603 603 604 606 607 610 614 612 613 615 616 620 624 627 628 627 632 636 634 635 634 632 631 627 618 609 603 595 591 585 579 573 570 569 562 553 546 539 535 530 527 522 518 516 516 521 515 515 515 511
638 639 639 638 638 636 636 635 636 637 635 634 634 633 634 633 630 628 627 624 624 623 620 620 618 617 615 616 613 612 612 609 610 609 605 605 603 601 600 601 602 603 604 605 605 606 605 606 608 611 613 612 611 618 619 619 622 625 624 627 631 633 631 631 629 628 628 625 621 612 605 598 593 585 579 573 573 570 562 553 549 542 537 531 526 524 520 519 517 516 514 513 513 511
639 641 640 640 639 638 637 637 638 638 636 636 636 636 635 633 631 630 628 627 628 626 624 621 621 621 618 616 614 613 611 612 612 609 607 605 604 602 604 604 605 606 606 608 608 609 608 609 610 612 610 611 614 615 616 619 623 623 623 626 629 629 628 627 630 626 626 624 621 614 606 599 596 589 582 576 574 571 562 555 550 544 540 533 529 524 522 521 520 518 516 515 514 513
641 640 641 642 641 640 639 640 640 639 638 639 639 637 637 636 633 632 629 628 629 628 628 625 625 621 619 617 615 615 614 614 611 610 608 606 604 604 607 605 605 606 607 611 610 609 610 610 611 609 608 610 611 614 618 620 620 619 622 625 627 625 623 627 627 626 626 624 617 613 608 602 599 591 584 577 574 571 564 561 552 545 541 534 531 528 526 521 522 522 521 519 517 515
642 641 644 644 642 642 640 642 642 640 641 641 640 639 638 637 635 633 632 633 632 630 629 628 625 622 619 619 618 618 616 615 611 610 609 607 605 607 606 605 606 607 608 610 608 607 608 608 609 610 608 608 611 617 616 617 617 617 621 625 624 622 627 626 625 624 625 621 615 611 609 606 603 593 585 579 576 574 568 560 555 547 543 538 535 529 529 527 525 525 524 525 524 517
642 642 643 645 643 643 644 644 643 644 644 643 640 641 641 639 635 634 634 634 633 633 630 629 626 624 622 621 621 620 617 614 613 610 610 607 606 605 605 606 606 607 608 609 606 607 607 606 610 610 608 606 611 614 614 614 614 616 620 621 620 620 623 625 625 623 621 616 612 612 608 604 601 594 587 583 579 574 568 564 559 549 547 541 538 532 530 531 532 530 529 527 526 521
645 643 643 646 644 644 647 645 644 645 646 644 643 643 642 640 638 637 635 635 634 633 633 630 627 625 624 624 622 620 618 615 614 612 608 608 609 608 608 606 606 606 607 607 605 607 605 607 609 607 605 606 610 609 610 610 611 613 614 616 617 619 623 622 624 623 617 612 613 608 606 602 602 598 591 590 585 577 573 566 560 553 549 547 543 536 536 534 532 528 529 529 526 520
645 647 646 647 645 647 648 647 646 648 646 644 644 643 643 640 640 641 639 638 638 636 633 631 628 628 626 624 622 621 619 616 614 611 609 610 611 610 609 609 608 608 607 605 604 605 605 605 605 607 604 606 607 606 607 610 610 613 612 615 618 620 620 622 619 617 612 611 609 607 605 603 601 603 595 597 589 584 578 571 564 559 556 554 545 543 542 542 540 540 542 533 529 521
647 648 648 646 648 649 650 649 650 649 647 645 645 644 644 644 644 642 642 640 640 637 635 631 630 630 627 624 623 622 618 616 613 612 611 611 610 612 611 610 608 607 605 604 604 605 604 602 603 604 602 604 603 606 607 610 611 613 615 617 618 617 616 615 615 613 611 609 609 607 606 604 604 602 601 598 594 590 581 574 572 566 565 557 550 548 551 547 546 550 549 538 530 525
648 647 647 648 650 651 650 649 650 648 649 650 649 648 649 647 647 646 644 643 641 638 637 634 632 631 628 626 624 621 618 617 617 614 613 612 611 611 611 610 607 605 604 603 605 603 602 600 601 601 601 602 605 606 607 609 611 612 612 611 611 612 611 611 610 609 611 611 609 608 604 602 601 602 600 598 597 595 591 586 578 581 578 561 557 557 559 554 550 553 555 544 537 527
650 651 652 651 650 651 651 651 651 652 652 653 653 652 652 651 650 648 648 647 643 641 639 637 634 632 630 627 625 621 620 619 619 617 615 615 613 612 610 608 605 604 601 603 601 599 599 601 601 601 601 604 603 606 608 609 609 608 608 606 607 607 608 608 607 608 608 607 606 606 605 604 605 601 599 597 595 591 595 595 592 601 594 568 579 573 568 566 560 567 560 548 538 531
652 654 657 655 652 653 653 653 654 655 655 655 656 656 654 653 653 651 651 648 644 642 642 640 635 633 629 627 625 624 622 622 621 618 617 615 613 611 608 608 604 603 603 601 600 600 602 601 601 601 602 603 602 602 604 606 606 605 602 607 606 607 608 609 609 607 608 608 607 606 607 605 603 598 598 595 592 591 591 593 599 607 604 582 604 592 582 578 569 571 561 549 542 539
653 657 659 660 656 654 655 655 657 656 656 657 657 657 655 655 656 655 652 650 646 645 643 639 635 633 632 629 628 625 624 621 619 617 615 615 612 609 607 607 605 603 605 602 601 598 598 599 601 600 600 599 598 599 602 602 601 601 602 604 606 604 607 605 604 605 606 606 604 605 603 600 599 602 601 597 597 595 597 600 607 613 616 605 612 605 587 589 581 571 563 553 547 541
655 658 660 662 661 659 658 656 658 659 657 658 656 657 656 656 656 655 653 650 648 646 643 640 637 635 633 631 629 626 624 620 618 617 614 614 612 608 606 606 604 602 602 603 602 600 598 598 596 596 595 596 595 597 596 597 598 599 600 601 602 604 602 602 603 603 605 602 603 602 599 599 598 599 605 601 598 600 606 606 610 617 620 610 614 607 595 593 586 570 561 553 545 538
657 658 660 663 664 664 663 660 659 660 660 659 659 657 658 658 657 655 654 652 649 647 645 644 641 637 633 631 631 627 623 621 619 617 615 613 611 607 605 604 603 603 601 601 602 600 598 596 595 596 595 596 595 596 595 596 599 601 601 600 599 602 604 603 603 601 600 599 600 601 599 598 598 599 600 594 596 598 604 607 611 617 619 612 612 607 597 595 585 573 563 553 545 537
660 662 665 664 667 667 666 666 664 665 664 665 664 663 663 660 659 657 656 654 653 649 648 647 645 642 635 633 631 626 624 621 618 617 614 610 609 609 607 605 605 603 603 602 600 599 597 596 596 597 596 596 594 595 596 594 597 599 601 600 599 600 602 603 603 601 601 602 602 601 600 598 596 597 596 594 592 592 600 606 614 619 617 612 609 606 599 594 586 579 565 554 547 541
662 664 666 669 670 669 670 669 668 669 667 668 668 667 668 664 663 661 659 656 653 651 650 649 647 643 638 633 629 630 627 624 620 616 614 611 609 607 604 604 602 601 601 598 596 595 594 594 594 595 596 595 594 593 595 593 595 598 600 601 600 600 601 603 604 603 600 599 601 602 600 600 596 595 598 601 595 596 601 610 614 616 614 610 607 602 596 591 589 587 570 560 552 548
665 666 667 671 672 674 674 672 672 673 670 670 670 669 669 668 667 664 663 661 657 653 650 648 646 642 639 636 634 630 628 625 622 619 616 614 612 609 606 604 601 600 597 596 596 597 597 595 592 592 592 592 593 592 594 594 593 595 600 602 600 599 601 603 605 603 600 599 602 603 600 600 595 595 597 600 606 608 612 613 612 609 609 604 602 597 591 589 588 589 573 572 568 562
667 668 669 672 673 674 675 674 674 674 672 673 673 673 672 670 669 666 666 663 659 656 652 649 644 642 642 639 635 633 630 627 624 620 618 617 612 609 608 606 603 601 599 597 596 597 597 597 590 591 592 592 592 591 593 592 594 595 597 599 602 600 601 605 604 604 601 602 602 604 602 600 596 593 602 602 600 606 606 610 606 604 604 601 598 591 585 582 585 585 582 587 585 580
667 669 670 672 676 674 675 676 675 676 677 675 674 676 674 673 671 669 667 665 661 657 654 653 649 645 640 639 637 632 629 628 626 620 619 617 615 612 608 607 604 600 599 596 599 597 596 594 589 590 592 588 589 591 592 591 594 595 597 599 602 602 601 605 607 606 605 603 604 605 605 604 599 592 601 612 608 602 601 604 601 601 601 598 593 586 579 577 579 583 590 594 590 575
670 672 673 674 676 677 677 678 676 679 678 677 676 677 676 673 672 670 670 667 663 658 655 653 651 646 643 639 635 633 632 627 627 622 620 620 618 614 608 609 605 602 600 597 597 597 598 594 595 589 586 585 586 588 590 591 594 595 599 601 603 604 602 606 610 608 608 606 604 603 603 604 598 594 597 607 600 594 597 600 601 598 597 594 587 580 578 575 573 582 593 597 593 567
673 675 675 676 677 679 679 677 681 679 680 677 677 677 676 673 673 671 670 667 663 660 657 655 653 650 644 641 637 634 632 629 626 622 623 622 617 611 612 611 606 602 601 598 597 598 597 597 598 590 585 584 585 586 589 594 596 597 601 605 607 607 605 609 610 609 606 604 603 600 597 598 599 598 598 598 595 591 596 599 599 596 593 589 587 582 579 578 574 586 596 602 592 570
675 676 676 677 679 680 678 679 680 680 680 678 678 677 676 674 673 671 670 669 666 663 658 655 653 650 645 641 639 634 632 631 627 624 621 622 617 614 613 610 605 604 602 598 597 603 604 606 598 589 586 583 585 586 588 592 595 598 600 605 607 607 608 608 608 603 602 601 600 599 599 596 595 595 599 592 589 588 592 596 597 595 592 589 587 584 583 583 582 590 601 597 585 582
676 676 677 677 679 682 680 679 680 680 678 678 677 677 674 674 676 674 674 671 668 664 661 656 653 651 646 645 640 636 631 628 626 624 621 620 617 616 614 610 606 607 601 599 598 606 607 607 603 592 589 585 583 587 586 587 589 594 599 603 603 602 604 603 601 602 603 601 599 599 601 597 593 590 589 586 585 584 588 590 592 594 592 589 587 589 592 591 595 599 605 596 579 568
