inputs/bclim15.asc
NCOLS 210 
NROWS 174 
XLLCORNER 27.125 
YLLCORNER -2.20833333333333 
CELLSIZE 0.0416666666666667 
NODATA_value -32768 
[rows 0 to 54 of 174, columns 96 to 191 of 210]
68 68 68 68 68 68 68 68 68 68 67 68 67 67 67 67 66 66 66 66 65 65 65 65 65 64 64 64 64 64 63 64 63 63 62 62 62 62 62 61 61 60 60 60 59 59 58 58 58 58 57 56 56 55 55 54 54 52 53 51 51 50 49 49 48 48 47 46 46 45 45 45 45 45 44 44 44 45 43 44 44 44 44 44 45 46 46 46 46 46 46 47 48 48 48 49
68 67 68 68 67 68 68 68 67 68 68 67 68 67 67 67 66 66 66 66 65 65 65 64 64 64 64 64 64 64 63 63 63 62 63 62 62 62 61 61 61 60 60 59 59 59 59 58 58 57 56 56 56 56 55 54 53 52 52 52 50 50 50 48 48 48 46 46 45 45 45 45 45 44 44 44 44 44 44 44 44 45 45 44 45 45 46 46 47 48 47 48 49 49 49 50
67 68 68 67 67 67 68 67 68 68 68 67 68 67 67 67 66 65 65 65 65 65 65 65 64 64 64 64 63 63 63 63 63 63 62 62 62 61 61 61 60 60 60 59 59 59 58 58 58 57 57 56 55 55 54 54 53 53 51 51 50 49 49 48 48 47 46 45 45 44 43 44 44 44 43 44 44 44 44 44 44 45 45 45 45 46 47 47 47 48 49 49 49 50 49 49
68 67 67 68 67 67 67 67 68 68 68 68 68 66 67 66 66 66 66 65 65 64 64 65 64 64 64 63 64 63 63 63 62 63 62 62 62 61 61 61 60 61 60 59 59 59 58 58 57 57 57 56 55 55 54 53 53 52 51 50 49 50 48 48 47 46 46 45 44 44 44 44 44 43 44 44 43 45 44 44 45 45 46 46 46 46 48 47 48 49 49 49 49 51 50 51
68 67 67 67 67 67 67 67 67 67 67 67 67 67 67 66 65 65 66 65 65 64 64 64 64 64 64 63 63 63 62 63 63 62 62 62 62 61 61 61 60 60 60 60 59 58 58 58 57 57 56 55 55 54 54 53 52 52 51 51 50 49 48 47 47 46 45 45 44 44 43 43 43 44 43 43 44 44 45 44 45 45 46 46 47 47 47 49 49 49 50 50 50 51 52 52
67 67 67 67 67 67 66 67 66 66 67 66 66 66 66 65 65 65 65 64 65 65 64 64 64 64 63 63 63 63 63 62 62 62 62 61 62 61 61 60 60 60 60 60 59 59 58 58 57 57 56 56 55 54 54 53 53 52 51 51 50 49 49 47 47 46 45 44 44 43 43 43 43 44 43 44 44 44 45 45 45 46 46 47 47 48 48 49 50 51 51 52 52 52 53 54
66 67 67 66 67 66 67 67 66 66 66 66 65 66 65 66 65 65 65 64 64 64 64 64 63 63 64 63 62 63 62 63 62 62 62 61 61 61 61 60 60 60 59 59 59 59 58 58 58 57 57 55 55 55 53 53 53 51 51 50 50 49 48 48 46 45 45 44 44 44 43 43 43 43 44 44 44 45 45 46 46 46 48 48 49 50 50 50 50 52 52 53 53 54 54 55
66 66 67 66 66 66 66 66 66 66 66 66 66 66 65 65 65 64 64 64 64 63 64 64 63 63 63 62 63 62 63 62 62 62 61 61 61 61 61 61 60 60 59 59 59 58 58 57 57 57 56 57 56 54 53 53 52 52 50 50 49 49 48 47 46 45 44 44 44 44 43 44 43 44 44 44 45 44 45 46 47 47 47 49 49 49 51 51 51 52 54 54 55 55 56 57
66 66 66 67 66 66 66 66 66 66 66 66 65 65 65 65 65 64 64 64 64 64 63 63 63 63 63 63 62 63 62 62 62 61 62 61 61 61 61 61 60 60 59 59 58 58 58 58 57 56 56 56 55 54 53 53 52 52 51 50 50 48 47 47 45 45 44 43 43 43 43 44 43 43 44 45 44 45 45 47 46 48 48 49 50 51 51 53 53 53 54 54 56 56 58 57
66 66 66 66 66 66 66 66 66 65 65 65 65 65 64 64 64 64 64 63 63 64 63 63 62 63 62 63 62 62 62 62 61 62 61 61 61 61 60 61 60 60 60 59 59 59 58 58 57 57 56 56 56 54 54 53 52 52 51 51 49 48 47 47 46 45 44 44 43 43 44 44 43 44 45 44 45 46 46 47 48 48 49 50 51 52 52 52 53 55 55 55 56 58 57 58
66 66 66 66 66 66 66 66 66 65 65 65 65 64 65 64 64 64 63 63 63 64 63 63 63 62 62 62 62 61 61 62 62 61 61 61 61 61 61 60 60 60 60 59 59 58 58 57 57 57 56 56 56 54 54 53 52 52 51 51 49 49 48 47 46 45 44 44 43 42 43 43 44 44 44 45 46 46 47 47 49 49 50 51 51 51 53 54 54 56 57 57 58 58 59 60
66 66 66 66 66 65 66 66 66 65 65 64 65 65 64 64 64 64 63 63 63 63 63 62 63 62 62 62 62 62 61 61 61 61 61 61 61 60 60 60 60 60 60 60 59 59 58 58 57 56 56 56 55 54 54 54 52 52 52 50 50 48 47 47 46 44 44 43 44 43 44 44 45 44 45 46 46 46 47 48 48 50 50 51 53 53 53 55 56 56 57 59 59 60 61 61
66 65 66 65 65 66 65 65 65 65 64 64 64 64 64 64 63 63 63 63 63 63 63 62 62 62 62 62 62 61 61 61 61 61 61 60 60 60 60 59 59 60 60 59 60 58 58 57 58 57 56 55 55 55 55 53 53 53 51 50 50 49 48 47 46 44 44 44 44 43 43 44 44 45 46 46 47 48 48 48 50 50 50 52 53 54 55 55 56 58 58 59 59 62 62 63
65 66 66 65 65 66 65 65 65 65 64 64 64 64 64 64 63 63 63 63 63 62 62 62 62 62 62 62 61 61 61 61 61 60 60 61 60 60 60 60 59 59 59 59 59 59 58 58 57 57 57 56 55 56 55 54 54 54 52 51 50 49 48 47 46 46 44 44 43 44 44 44 45 44 46 47 48 48 45 49 51 52 52 52 54 54 55 57 57 58 60 60 61 61 62 65
66 65 65 65 65 65 65 65 64 64 64 64 64 64 63 64 63 62 63 62 62 62 62 62 61 62 62 61 62 61 61 61 61 60 61 60 60 60 60 60 60 59 59 59 59 59 58 57 58 57 56 56 56 55 55 54 55 55 54 52 51 50 52 49 47 46 45 44 44 43 45 44 45 46 45 47 47 47 47 50 52 52 54 54 54 56 56 57 59 59 60 62 62 63 63 64
65 65 65 65 65 64 65 65 64 64 64 64 63 63 63 63 63 63 62 62 62 62 62 62 61 62 61 61 61 61 61 60 61 60 60 60 60 60 60 60 59 59 59 59 58 59 58 58 58 57 57 56 56 56 57 59 56 59 58 56 52 51 53 50 48 46 46 45 44 44 45 45 45 46 47 48 49 48 50 51 52 53 54 54 56 56 58 58 59 59 61 62 63 65 66 66
65 65 65 65 65 64 64 64 64 64 63 64 63 63 63 63 63 63 62 62 62 62 61 61 62 61 61 61 61 61 61 60 60 60 60 60 61 60 59 59 59 59 59 58 59 58 59 57 57 57 57 57 56 56 56 56 56 61 62 61 56 53 54 50 49 48 46 45 45 44 45 45 46 47 47 48 49 49 50 52 53 54 55 56 56 58 58 58 61 61 62 63 64 65 65 66
65 65 65 65 64 64 64 64 64 64 63 64 63 63 63 63 62 62 62 62 62 62 62 61 61 61 61 61 61 60 61 60 60 60 60 60 60 60 59 60 59 59 59 59 59 58 58 59 58 57 57 56 57 58 57 56 57 59 61 62 58 55 53 51 50 49 47 46 45 45 45 46 46 47 48 48 50 50 49 52 53 53 56 56 58 58 60 60 60 62 63 63 66 67 67 68
65 65 64 65 64 64 64 64 63 63 64 63 63 63 62 62 62 62 61 62 62 62 61 61 61 61 61 60 61 60 60 60 61 60 60 60 60 60 60 60 59 59 59 59 59 59 58 60 59 58 57 57 56 57 58 57 58 62 63 63 61 59 56 53 52 49 47 47 46 45 46 46 47 47 48 49 50 52 52 53 53 55 56 58 57 59 60 60 63 62 65 66 66 67 69 70
65 65 64 64 64 64 64 64 64 63 63 63 63 62 62 62 61 62 62 61 61 61 61 61 61 61 60 60 60 60 60 60 60 60 60 60 60 60 61 60 59 59 59 59 59 59 59 60 60 58 57 56 57 57 57 57 56 59 62 61 62 62 58 53 51 50 49 48 47 47 46 48 47 47 48 49 51 52 53 53 53 55 55 57 59 59 62 62 64 65 65 65 67 69 69 69
65 65 64 64 64 64 63 64 63 63 63 62 62 62 62 62 61 61 61 61 60 61 60 61 60 60 60 60 60 60 60 60 61 60 60 61 60 60 61 61 61 59 58 59 58 58 59 61 61 59 57 57 57 57 57 57 57 56 60 59 58 60 57 55 55 52 49 48 49 48 48 48 48 49 48 50 51 51 53 53 55 55 57 57 59 61 61 62 64 64 65 67 68 68 71 72
65 65 64 64 64 63 63 63 62 63 62 62 62 62 62 61 61 61 61 61 61 61 60 60 60 60 60 60 60 60 60 60 60 60 61 60 60 60 61 60 61 60 60 59 59 59 59 61 61 59 58 57 57 57 57 56 57 56 57 57 56 57 58 59 58 57 54 51 54 54 47 47 48 48 50 50 52 53 54 55 55 56 56 58 58 60 60 63 64 66 66 67 67 69 70 71
65 64 64 64 63 63 63 62 62 62 62 62 62 62 61 61 61 60 60 60 60 60 60 60 60 60 60 60 60 60 60 60 60 60 61 61 60 60 61 60 60 60 60 59 59 58 59 59 61 59 58 58 57 57 57 56 57 56 57 56 56 57 57 58 58 57 55 54 54 52 49 48 48 49 50 50 52 53 51 54 56 56 58 58 60 60 62 63 65 66 67 69 69 69 72 73
65 64 63 64 63 63 63 62 61 61 62 62 61 61 61 61 61 60 60 60 60 60 60 59 60 59 60 59 60 60 59 60 60 60 60 60 60 61 60 61 61 61 60 60 59 58 58 59 59 59 58 57 57 57 57 57 56 56 57 57 57 58 57 57 57 57 56 56 53 53 51 50 50 50 50 51 52 51 51 53 54 57 58 58 60 60 62 63 65 65 68 68 68 71 71 72
64 64 64 63 62 63 62 62 61 61 61 61 61 61 60 60 60 60 60 59 60 59 59 59 59 59 60 59 59 59 59 60 60 60 60 59 59 59 61 61 60 60 59 59 60 59 58 58 58 59 58 58 57 57 57 57 57 57 57 57 58 58 58 58 58 57 56 56 55 54 52 51 50 51 51 51 53 53 52 50 49 56 57 58 60 62 62 64 64 67 67 67 70 71 71 74
64 63 63 63 63 62 62 61 61 61 61 60 60 60 60 60 60 60 59 59 59 59 59 59 59 59 59 59 59 59 59 59 59 60 60 60 60 60 59 60 59 60 57 56 57 60 58 58 58 58 58 57 58 57 57 57 58 58 57 58 58 58 58 59 60 59 59 57 56 55 54 52 52 50 51 51 52 53 53 50 49 54 57 59 60 62 61 64 64 67 67 70 70 70 71 73
64 63 63 63 62 62 61 61 61 60 60 60 59 59 60 59 59 59 59 59 59 59 59 59 59 58 59 58 59 59 59 59 59 59 59 60 59 59 60 60 60 60 56 55 56 59 60 58 58 58 58 58 57 57 57 57 57 58 57 58 58 59 59 61 60 60 60 59 57 56 57 53 52 52 51 52 52 53 53 50 49 54 58 57 59 61 63 63 65 66 65 69 69 73 71 74
63 62 62 62 62 62 61 60 60 60 60 59 59 59 59 59 59 59 59 59 58 59 58 58 58 58 58 58 58 58 58 58 59 58 59 59 59 60 60 60 60 60 58 56 58 57 60 59 60 58 57 57 57 57 58 57 58 57 57 58 59 59 59 60 61 62 61 59 59 57 57 55 54 52 52 51 51 52 54 54 55 57 57 59 59 61 63 63 65 66 68 69 69 73 70 72
62 62 62 62 61 61 61 60 60 59 59 59 59 58 59 59 59 59 58 58 58 58 58 58 58 58 57 58 58 57 58 58 58 58 58 58 59 59 59 59 59 59 58 58 60 59 59 58 58 59 57 57 57 57 57 58 60 58 58 59 59 59 59 59 59 61 61 59 59 58 58 56 55 54 53 52 52 52 53 54 55 56 57 59 61 60 62 64 64 67 67 68 71 71 67 72
62 62 61 61 61 61 60 60 59 59 59 58 58 58 58 59 58 58 58 58 58 58 58 58 58 57 57 57 57 57 57 57 57 57 57 58 58 58 58 58 59 59 58 59 59 59 58 58 58 61 57 58 57 57 57 58 61 62 59 58 58 58 59 59 60 60 60 60 59 56 58 59 56 54 53 53 53 53 53 54 55 56 57 59 60 60 62 64 64 67 67 67 68 65 56 68
61 61 61 61 60 60 60 59 59 59 58 58 58 57 58 58 58 57 58 57 58 58 57 57 57 57 57 57 57 57 57 57 57 57 57 58 58 58 58 58 59 59 60 60 58 58 58 58 57 58 57 57 57 57 58 57 60 62 60 58 58 58 58 58 60 61 61 60 60 59 60 59 58 56 55 53 52 53 53 54 54 55 57 58 59 60 61 64 63 66 67 67 68 65 56 67
61 60 60 61 60 60 59 59 58 59 58 58 57 57 57 57 57 57 57 57 57 56 57 57 57 57 57 57 56 57 57 56 57 56 57 57 57 57 57 57 57 58 58 59 58 57 57 57 57 56 56 57 57 57 57 57 59 62 62 60 57 57 57 57 59 61 61 61 61 59 60 59 59 58 58 55 54 53 53 55 55 55 56 58 59 60 61 63 63 65 66 67 68 66 59 70
60 61 61 60 60 59 59 58 59 58 57 57 57 57 57 56 56 56 57 57 56 57 57 57 57 57 56 57 56 56 56 56 56 56 56 56 56 56 56 57 57 57 58 57 57 56 56 57 57 57 57 56 57 57 57 57 58 60 60 61 59 58 56 57 58 60 61 60 61 61 61 60 60 60 58 57 54 54 54 53 54 56 56 58 57 59 62 63 65 65 66 66 68 67 68 71
60 60 60 60 60 59 58 58 58 57 57 57 57 57 56 56 56 56 56 56 56 56 56 56 57 56 56 56 56 56 56 56 56 56 56 56 56 56 56 56 56 56 57 56 56 56 56 56 56 57 57 56 57 57 57 58 57 58 58 60 60 59 57 58 59 60 60 61 62 62 63 62 62 60 59 57 57 55 53 54 54 56 57 59 57 58 61 63 65 65 66 62 65 67 72 74
60 60 60 61 59 59 58 57 57 57 56 56 56 56 56 56 56 56 56 56 56 56 56 56 56 56 56 56 56 55 55 56 55 55 55 55 55 56 55 57 56 56 55 56 55 55 56 56 56 57 57 57 57 57 58 57 58 57 58 60 61 59 58 58 59 59 61 61 62 62 63 64 62 61 60 58 57 57 55 54 55 55 56 58 59 60 61 62 65 64 65 63 63 70 71 72
60 61 60 60 59 58 58 57 57 56 56 56 55 56 55 55 56 56 56 56 56 56 55 55 56 56 56 56 56 56 55 55 55 55 55 55 55 55 55 56 55 56 56 55 55 56 56 56 56 57 57 56 57 57 57 58 58 58 58 59 61 61 59 58 59 60 61 63 63 63 64 63 63 61 60 59 57 57 56 55 54 54 55 57 58 59 61 63 64 64 67 65 65 68 69 71
60 61 60 60 59 58 57 57 56 55 56 55 56 55 55 55 55 55 55 56 56 55 55 56 56 55 55 55 55 55 55 55 55 54 54 54 55 55 55 55 55 55 55 56 55 56 56 56 57 57 57 58 58 57 57 58 57 58 57 57 59 61 59 59 59 60 62 63 63 64 65 65 64 62 61 59 59 57 56 54 54 55 55 57 59 60 61 63 64 65 65 64 65 69 71 70
60 61 61 60 59 58 56 56 55 55 54 55 55 55 55 55 55 55 55 55 55 55 55 55 55 56 55 55 55 55 55 54 54 54 54 54 55 55 55 55 55 55 55 56 56 56 57 57 57 57 58 58 58 58 58 58 58 58 57 58 59 59 61 60 59 61 62 63 63 64 65 64 63 62 60 59 59 57 56 54 54 54 56 55 57 60 61 62 62 63 65 64 64 69 70 73
60 61 60 60 58 57 55 55 55 54 54 54 54 54 54 54 54 55 54 55 55 55 55 55 55 55 55 55 55 55 55 54 54 54 54 54 55 55 55 55 55 56 55 56 56 57 57 57 57 58 58 58 58 58 58 58 58 57 59 60 60 58 60 60 60 61 62 62 62 63 64 64 64 62 61 60 59 58 57 55 55 55 55 56 54 58 60 61 62 62 63 61 60 67 70 72
59 59 59 58 57 56 55 54 54 54 53 54 54 54 54 54 54 55 55 55 55 55 55 55 55 55 55 55 55 55 55 55 54 54 54 54 54 54 55 55 55 56 56 56 56 57 57 57 58 57 58 59 59 58 59 58 58 58 59 59 60 59 59 60 60 60 62 62 61 62 63 63 63 62 61 60 59 58 57 55 55 55 55 56 56 58 58 61 62 63 60 60 65 68 69 70
57 57 57 57 55 55 54 54 53 53 53 53 53 53 54 54 54 54 54 55 55 55 55 55 55 55 56 55 55 55 55 55 54 54 55 55 55 54 55 55 55 56 56 56 56 57 57 57 57 58 59 60 59 58 59 58 58 58 59 59 59 59 59 59 59 60 60 61 62 62 63 62 62 61 61 60 59 59 57 55 55 55 56 55 57 58 59 62 61 62 60 59 61 68 68 71
55 56 56 55 54 54 53 53 53 53 53 53 53 53 53 53 54 54 54 54 55 55 55 55 55 55 56 56 55 55 55 55 55 54 55 55 55 55 55 56 56 56 57 56 57 56 57 57 58 58 59 59 59 59 59 59 59 59 59 58 58 59 59 59 60 60 61 61 61 62 62 62 62 61 61 61 59 58 58 56 56 55 55 56 56 58 59 60 60 60 57 58 55 67 68 70
53 54 54 54 53 53 53 53 53 52 52 53 52 53 53 53 54 54 54 54 55 55 55 55 55 55 55 56 55 55 55 55 55 55 55 55 55 55 55 56 56 56 56 56 56 56 57 57 58 58 58 59 59 60 59 60 60 59 59 59 59 59 59 60 60 60 60 61 61 62 61 62 61 60 61 60 59 59 57 55 56 55 56 56 57 57 58 58 56 54 54 54 55 67 68 70
53 53 53 53 52 52 52 52 52 52 52 52 52 53 53 53 53 54 54 54 54 55 55 55 55 55 56 56 56 56 55 55 55 55 55 55 55 55 56 55 56 57 57 57 56 56 57 57 57 58 58 59 59 60 60 60 60 60 59 59 59 59 59 60 59 60 60 60 61 62 61 61 61 60 60 60 59 59 57 56 56 56 56 56 57 57 57 58 58 54 54 54 52 58 68 69
52 52 52 52 52 52 52 52 51 51 51 52 52 53 53 53 53 54 54 54 54 55 55 55 55 55 56 56 57 57 56 55 55 55 55 55 55 55 55 55 56 56 56 56 56 57 57 57 58 58 59 59 59 60 60 60 60 60 60 60 59 59 59 60 60 60 60 60 61 61 61 60 61 61 60 60 58 58 58 57 56 55 56 56 57 57 57 57 57 56 56 54 53 51 62 70
52 52 52 52 52 51 52 51 51 51 52 52 52 52 53 53 53 54 54 54 54 55 55 55 55 56 56 56 57 57 57 56 55 55 55 55 55 55 55 55 56 56 56 56 56 57 57 57 57 58 59 59 60 60 61 61 61 60 60 60 59 59 60 60 60 59 60 60 60 61 60 61 61 61 60 59 59 58 57 56 56 55 55 55 57 57 58 57 57 55 54 54 51 49 51 66
51 52 51 51 52 51 51 51 51 51 52 52 52 52 53 53 53 54 54 54 54 55 55 55 56 56 56 57 57 58 57 57 56 56 56 56 55 55 55 55 55 56 56 56 56 57 57 57 57 58 58 59 60 60 61 60 60 60 60 60 60 60 59 59 60 60 60 60 60 60 61 60 60 59 60 59 59 58 57 57 57 55 55 55 57 57 57 55 56 55 54 52 52 48 52 65
51 51 51 52 52 51 51 51 51 51 52 52 52 52 53 53 53 53 54 54 54 55 55 56 56 57 57 57 57 58 57 57 56 56 55 55 55 55 55 55 55 55 56 56 56 56 57 57 57 58 58 59 59 60 60 60 60 60 60 60 60 59 59 60 59 60 59 60 59 59 60 60 60 60 59 59 59 57 57 57 56 56 55 55 57 56 56 54 55 54 54 55 53 52 61 65
51 51 51 51 51 51 51 51 51 51 51 52 52 52 52 53 53 53 53 54 54 55 55 55 56 57 57 57 58 58 57 57 56 56 55 55 55 55 55 55 55 55 56 55 56 56 57 57 57 58 58 59 59 60 60 60 60 60 60 59 59 59 59 59 58 59 59 59 59 59 60 60 60 59 58 58 58 57 56 56 56 56 55 55 56 57 56 55 55 54 55 56 55 53 57 67
51 51 51 51 51 51 52 51 51 51 51 51 52 52 52 52 53 53 53 54 54 55 55 55 56 56 56 57 58 58 57 56 55 56 55 55 55 55 55 54 55 55 55 55 56 56 56 56 57 57 58 58 59 59 59 60 60 60 59 59 59 59 58 59 58 59 58 59 58 58 59 59 59 58 58 58 57 57 57 56 56 56 55 55 56 57 57 56 56 55 53 55 59 57 61 67
51 51 51 51 51 51 51 51 51 51 51 51 51 52 52 52 52 53 53 53 54 54 55 55 55 56 56 56 56 56 56 55 55 55 55 54 54 54 55 54 55 55 55 55 56 56 56 56 57 57 58 58 58 58 58 59 59 59 58 59 59 59 59 58 58 58 58 58 58 59 59 58 58 58 58 57 57 57 56 56 56 56 55 55 55 56 56 56 56 55 53 58 60 63 65 68
51 51 51 51 51 51 51 51 51 51 51 51 51 51 51 52 52 52 53 53 53 54 54 54 55 55 55 55 55 55 55 55 55 54 54 54 54 54 54 54 54 54 55 55 55 55 56 56 56 57 57 57 58 58 58 59 59 59 58 58 58 58 58 57 57 57 57 57 57 57 58 58 57 57 57 57 56 56 57 55 55 56 55 55 55 56 56 56 55 57 59 61 61 64 67 70
51 51 51 51 51 51 51 51 51 50 51 51 51 51 51 51 52 52 52 52 53 53 53 54 54 54 54 54 54 54 54 54 54 54 54 54 54 54 54 54 54 54 54 55 55 55 55 56 56 56 57 57 58 58 58 58 58 58 57 57 58 57 57 56 57 57 57 57 57 57 56 57 57 56 56 56 56 55 56 56 56 55 56 55 55 56 56 57 57 58 58 59 63 64 67 67
51 51 51 51 51 51 51 51 51 50 51 50 51 50 51 51 51 52 52 52 52 52 53 53 53 53 53 53 53 53 53 53 53 53 53 53 54 53 53 54 54 54 54 54 55 55 55 55 56 56 56 56 57 57 58 58 58 58 57 57 58 57 57 56 56 56 56 56 56 56 56 56 56 56 56 56 55 55 55 55 56 55 55 55 56 56 56 55 56 59 59 61 62 63 67 69
51 51 51 51 51 51 51 51 51 50 50 50 50 50 51 51 51 51 51 51 52 52 52 52 53 52 52 52 52 52 52 52 53 52 53 53 53 53 53 53 54 54 54 54 55 55 55 55 55 56 56 56 57 57 57 57 57 57 57 57 57 56 56 55 55 55 55 55 56 55 55 55 56 56 55 55 55 55 55 55 55 55 55 56 55 56 56 56 57 58 59 60 62 64 64 68
