inputs/bclim16.asc
NCOLS 210 
NROWS 174 
XLLCORNER 27.125 
YLLCORNER -2.20833333333333 
CELLSIZE 0.0416666666666667 
NODATA_value -32768 
[rows 42 to 83 of 174, columns 0 to 93 of 210]
678 675 677 679 679 680 682 684 682 684 685 683 684 680 679 674 673 674 674 671 669 666 661 659 654 652 647 646 642 637 632 630 625 622 620 618 617 615 615 611 608 608 603 602 602 609 607 602 599 604 601 596 590 588 597 592 592 594 604 602 603 604 604 607 605 601 598 598 599 599 597 594 593 592 588 586 585 581 585 592 593 592 594 590 591 594 598 597 603 608 608 602 584 565
677 677 678 679 682 685 685 686 687 686 687 686 686 685 682 679 675 674 674 671 668 666 664 661 656 654 651 646 643 638 635 630 629 624 621 619 617 615 614 612 612 611 605 602 602 606 603 599 601 603 602 597 597 596 604 602 593 594 605 610 606 607 608 608 614 607 600 597 600 601 592 589 589 589 585 586 586 585 587 587 590 593 595 591 594 596 600 602 609 613 612 598 583 572
679 681 680 683 685 687 687 688 690 689 692 689 689 688 684 684 679 674 671 670 668 666 662 662 659 655 653 649 643 640 636 632 630 626 622 620 617 616 614 613 613 611 605 608 606 605 604 603 605 601 609 609 606 609 621 616 596 600 610 617 614 611 614 610 613 614 600 597 593 592 586 585 583 582 581 580 584 593 585 585 589 590 593 593 594 600 601 605 608 612 609 589 568 549
681 683 684 685 685 686 688 689 692 692 692 694 692 690 687 686 682 677 675 671 668 667 664 661 660 657 654 653 645 644 639 635 631 628 624 622 622 620 619 615 614 611 610 609 607 607 610 610 605 605 604 606 609 619 625 609 600 597 605 613 617 615 618 612 608 612 603 596 589 586 582 582 581 581 582 579 583 586 588 585 585 585 592 593 593 598 600 602 605 605 602 585 579 563
684 685 689 690 688 689 690 691 693 695 695 695 695 693 690 688 684 681 678 674 669 667 668 663 662 661 657 654 648 647 643 637 632 629 629 625 624 622 621 617 614 613 611 611 610 606 607 607 609 608 606 607 613 612 606 607 609 599 602 605 609 611 629 606 599 608 602 596 592 597 583 581 576 575 576 577 578 584 582 586 586 584 588 587 590 595 599 599 599 598 593 587 583 561
685 685 689 695 692 689 690 692 694 696 696 697 697 696 692 690 687 684 679 676 674 668 666 664 662 661 658 653 651 648 644 638 636 636 631 629 627 624 619 617 615 614 614 610 609 606 606 606 607 610 610 611 617 619 628 611 606 616 616 604 602 599 596 593 601 599 605 603 597 601 580 579 576 578 572 568 571 570 577 581 584 582 582 584 587 591 596 596 593 589 585 581 569 550
685 686 688 693 697 693 694 695 696 695 696 697 698 698 698 693 689 686 681 679 677 672 667 664 666 662 658 654 651 647 645 641 639 636 631 629 637 626 620 619 615 614 613 610 609 608 608 607 607 612 619 619 620 622 627 613 609 637 632 622 621 615 605 602 592 594 603 606 614 604 579 578 573 580 573 566 569 568 573 577 577 578 580 583 587 589 591 593 591 586 581 574 565 532
684 685 688 692 698 698 696 696 697 699 698 700 701 701 700 698 693 688 682 680 678 677 672 671 665 661 657 653 651 647 645 641 639 634 631 631 639 650 623 617 617 614 611 609 608 609 608 608 608 609 616 624 619 618 621 622 608 627 629 622 622 617 604 602 596 590 589 585 591 613 578 577 571 578 578 563 560 561 562 564 568 577 584 586 587 587 590 590 590 586 581 570 552 525
684 686 688 690 693 698 698 699 700 701 701 701 703 703 703 701 696 689 685 682 682 678 675 673 667 663 660 654 650 647 644 641 637 634 634 632 628 627 620 617 617 614 613 611 610 606 608 609 607 611 618 631 634 620 616 615 615 621 622 626 617 619 603 605 605 598 588 582 577 578 573 573 570 574 571 565 561 560 562 560 562 570 581 582 583 585 587 591 589 587 579 562 554 529
684 686 689 691 695 697 701 700 701 704 704 703 702 703 703 702 697 689 686 684 684 681 676 672 665 663 659 657 651 646 643 640 636 635 634 629 624 621 620 617 615 614 612 611 609 609 608 608 607 609 613 615 631 631 615 612 619 631 619 624 617 614 606 603 600 605 596 589 576 571 567 567 564 564 560 560 556 554 558 560 561 566 575 577 579 583 584 585 587 586 580 554 525 507
687 688 688 691 693 696 699 702 703 705 706 704 705 707 704 702 697 691 687 685 685 680 674 671 668 664 660 657 652 648 644 641 637 635 631 627 625 621 618 615 613 613 609 608 605 606 607 605 606 606 613 613 617 625 618 611 614 617 613 614 615 612 606 601 598 601 600 591 581 570 562 562 561 558 555 554 553 549 547 549 558 562 573 572 575 577 583 586 587 585 582 551 519 504
690 689 691 693 694 695 700 701 705 705 706 708 709 709 707 704 699 694 688 686 684 680 675 672 667 664 661 656 652 648 645 642 637 634 632 629 624 622 618 615 612 610 607 605 604 603 601 603 603 603 609 607 610 611 623 615 615 615 609 607 608 607 604 595 590 589 595 589 579 565 562 563 557 556 551 550 552 548 543 549 562 566 568 567 574 576 581 589 585 584 579 544 515 512
690 691 692 693 694 696 699 702 703 707 708 709 710 709 706 702 698 693 691 689 683 679 674 672 668 663 658 654 651 648 645 643 638 634 631 629 624 622 620 615 614 613 607 606 601 598 599 599 598 599 604 602 602 601 612 614 614 616 610 607 605 605 602 599 599 598 593 591 579 565 558 561 558 552 550 544 545 547 544 553 558 569 566 562 565 567 573 585 587 588 571 537 514 505
689 691 694 694 696 696 698 701 702 704 708 708 709 705 703 698 694 692 690 686 683 679 673 671 664 660 657 654 650 646 645 642 637 634 631 627 624 622 620 617 614 612 607 606 602 598 596 594 598 602 604 601 602 601 608 607 608 612 615 607 604 601 599 600 599 601 595 589 577 570 561 558 562 554 556 543 546 549 549 544 553 562 557 558 566 566 578 579 587 581 559 534 518 480
689 691 693 695 697 698 699 701 700 703 704 708 706 702 699 696 694 691 687 685 681 677 672 668 663 660 658 654 651 647 644 642 636 634 633 628 626 624 621 617 615 610 607 604 601 598 596 595 599 604 603 601 600 602 605 607 609 608 611 602 602 600 596 598 597 598 593 582 572 570 573 564 567 559 566 543 545 554 551 540 551 550 552 559 559 570 584 583 587 573 551 527 494 470
691 693 694 695 696 698 698 697 699 700 701 702 702 701 702 697 693 691 687 684 679 673 669 667 664 660 655 653 651 647 642 640 635 634 632 628 628 625 621 616 614 610 606 604 600 595 595 595 596 598 597 596 595 596 596 598 602 600 600 600 597 596 594 592 593 589 586 582 573 570 574 574 568 566 563 550 546 557 546 535 543 545 545 552 558 572 580 585 584 571 554 530 486 464
693 694 693 694 695 696 697 696 696 697 698 697 697 699 700 696 691 689 686 682 677 672 669 666 662 659 655 653 648 646 641 637 635 632 630 626 624 621 617 614 610 607 606 602 598 595 595 593 596 593 594 592 588 590 593 595 595 596 595 595 595 592 590 585 586 584 578 576 572 568 570 572 566 563 560 550 557 554 544 534 539 548 552 554 560 578 579 582 582 570 549 530 485 454
691 693 691 693 694 695 695 694 695 696 696 696 694 693 692 691 688 685 683 679 676 670 667 664 660 657 654 651 647 642 640 638 634 631 628 625 621 617 614 611 607 605 603 599 595 593 592 595 596 592 589 588 586 587 589 589 591 591 590 590 591 587 581 578 581 575 572 570 564 558 562 565 556 551 550 554 557 552 539 530 539 547 552 558 564 572 577 579 577 567 556 541 486 451
689 690 690 689 691 693 691 693 693 693 695 694 693 691 689 687 685 683 679 677 672 668 666 661 659 656 652 648 645 640 638 635 632 627 623 621 619 616 610 607 604 602 599 594 593 591 591 597 594 589 588 584 584 586 586 585 585 585 585 584 582 579 576 577 573 570 564 561 557 554 551 554 542 540 543 550 556 549 535 530 539 539 543 559 564 567 570 573 575 576 576 543 488 457
686 687 687 687 689 689 688 690 691 693 692 692 691 690 688 684 682 679 677 674 668 666 664 660 658 655 650 646 642 639 636 633 628 624 622 619 615 610 606 604 600 597 595 592 590 589 596 596 592 587 587 582 580 582 583 583 580 577 578 576 578 574 570 569 564 566 567 554 548 545 542 538 538 535 547 553 551 544 526 535 542 542 559 562 562 561 562 564 566 567 564 547 500 473
684 685 685 685 685 687 687 689 688 689 690 690 688 686 684 680 679 678 675 671 666 664 660 657 654 651 647 644 638 637 633 629 624 621 618 615 612 610 607 603 599 597 595 592 589 591 591 595 590 587 584 582 578 576 575 575 577 573 573 574 574 568 564 562 556 555 553 546 541 538 538 537 534 534 538 545 548 536 524 536 543 547 564 561 557 556 557 557 556 554 550 538 508 474
682 682 682 683 684 685 687 688 687 687 686 685 684 684 680 677 676 676 671 668 666 662 658 653 651 647 644 640 637 634 630 625 623 620 618 615 611 609 607 603 596 596 595 593 589 588 586 586 586 587 583 580 577 575 572 573 572 572 569 571 568 563 556 554 549 544 537 536 532 531 529 528 527 532 539 540 541 528 530 539 541 554 560 559 555 553 553 552 548 547 542 534 511 478
682 684 683 682 684 684 686 686 686 685 683 683 682 679 676 674 674 673 668 666 663 661 656 652 650 646 644 639 636 633 629 624 623 617 616 614 610 607 603 602 596 595 592 592 591 587 587 584 587 587 584 578 574 573 569 569 563 561 561 558 559 555 547 547 541 532 528 527 522 523 521 521 520 526 536 534 531 523 534 534 543 555 554 556 551 552 552 546 541 539 540 544 515 491
679 680 681 681 682 683 685 684 683 681 681 680 679 676 672 673 670 668 666 663 661 657 655 651 648 644 640 638 634 631 628 624 621 618 615 611 610 607 600 600 599 595 595 593 591 589 587 583 585 584 581 576 574 568 565 563 557 551 551 550 552 549 542 534 532 522 520 518 517 514 512 517 517 514 532 533 525 528 528 531 548 553 553 549 545 547 550 544 541 539 544 548 519 503
675 675 679 679 678 680 682 681 678 677 679 678 675 673 670 669 667 664 662 660 657 654 651 650 647 643 639 636 634 630 627 624 620 619 614 608 607 607 602 598 599 593 594 593 591 589 583 581 580 579 572 569 567 562 558 557 550 548 546 546 546 543 535 526 521 515 513 507 505 504 508 508 508 510 511 524 523 527 521 529 546 547 547 543 543 543 544 547 545 552 552 546 523 500
674 675 675 677 679 680 678 677 675 676 676 675 672 669 668 667 663 661 659 656 654 653 648 647 645 641 637 635 631 630 628 627 621 617 615 607 606 606 605 597 593 594 590 593 588 582 577 573 572 569 565 565 562 558 554 551 543 540 541 541 543 536 530 521 513 508 505 500 501 505 503 504 503 510 525 518 524 527 533 528 542 542 545 542 543 544 543 547 546 556 555 539 530 506
674 676 676 674 677 676 675 675 674 673 673 671 668 666 666 664 660 658 655 655 653 650 647 643 642 640 636 634 630 628 627 625 622 621 612 607 603 602 604 601 595 594 592 589 585 579 571 566 564 560 559 558 558 554 547 543 539 535 534 536 536 528 519 515 513 506 496 494 500 516 496 502 510 522 524 519 525 530 542 540 539 539 546 545 543 545 546 548 551 565 554 541 527 493
672 674 675 672 674 675 672 672 675 675 671 669 665 664 663 660 658 655 652 649 647 645 643 640 641 639 635 632 631 626 622 624 620 625 617 607 603 597 604 603 594 593 587 586 580 578 568 562 560 555 553 552 553 548 542 541 536 532 529 532 532 527 514 507 508 497 491 489 491 501 486 507 513 522 521 522 526 534 538 535 532 536 544 547 546 544 546 554 558 569 567 554 528 496
669 671 674 671 668 670 671 670 669 682 668 665 662 660 659 657 655 653 651 647 645 641 641 639 639 637 635 633 630 626 619 623 623 618 619 611 604 599 595 593 596 593 583 585 582 571 567 558 552 550 549 546 549 543 537 535 533 532 531 529 535 533 512 501 497 492 483 484 487 480 487 521 517 519 523 520 524 526 531 532 539 539 546 546 544 544 545 557 565 571 574 558 519 456
664 668 669 668 670 666 667 667 666 667 664 662 661 659 656 654 653 650 648 645 644 642 640 638 637 636 635 632 631 628 624 618 619 616 612 614 605 596 598 603 594 591 582 578 577 566 557 552 548 551 549 549 545 538 532 532 529 531 526 524 529 527 516 501 491 485 478 476 471 480 504 511 502 513 529 521 520 517 524 530 538 543 542 539 545 545 550 562 573 574 571 558 485 414
658 661 661 665 668 667 667 666 665 662 668 668 661 659 654 652 652 648 644 643 641 641 637 633 632 634 630 632 630 627 625 617 613 612 611 610 610 598 601 601 590 584 579 572 570 560 552 546 549 546 545 547 541 534 531 528 521 522 515 513 518 520 511 497 490 485 483 472 487 508 494 486 483 505 532 516 513 509 522 532 539 537 533 534 541 544 555 562 571 575 570 525 422 377
649 657 655 660 665 668 665 665 663 658 662 670 667 660 655 651 648 646 642 638 636 633 632 631 630 628 627 625 622 619 616 614 611 612 611 606 603 598 598 600 586 582 573 567 561 560 549 544 546 549 550 544 537 529 529 521 513 509 508 499 512 512 511 497 493 486 480 469 469 484 471 473 471 481 504 507 499 505 518 533 536 530 532 534 538 544 552 562 567 560 533 405 364 339
644 649 649 657 661 664 665 665 657 651 652 648 651 655 654 649 644 641 637 635 632 629 629 625 624 625 624 625 621 613 610 610 611 610 607 601 597 595 594 593 583 580 569 562 553 557 546 542 545 550 550 540 533 524 522 515 506 517 499 497 505 503 505 509 500 486 483 469 460 488 462 458 471 491 489 489 485 512 522 533 527 526 532 538 545 551 557 568 567 541 445 369 310 299
640 641 645 654 655 658 660 655 654 651 646 642 640 639 643 647 639 636 634 631 627 626 624 622 621 619 620 619 618 609 609 607 607 606 603 597 591 592 589 580 577 575 567 555 551 549 539 542 546 546 545 538 527 518 518 507 502 498 495 492 493 496 495 494 490 482 469 463 457 496 453 455 477 477 469 474 486 506 502 501 515 521 529 539 542 547 558 564 562 491 358 301 297 294
638 640 641 644 649 654 650 646 648 645 647 643 637 634 634 639 638 631 629 629 624 623 621 619 618 616 614 613 609 603 607 608 605 602 598 592 589 589 584 580 573 563 560 551 545 539 540 544 545 545 543 531 519 511 505 502 500 498 498 488 491 485 486 485 482 474 463 452 445 450 437 449 457 467 476 469 493 502 487 490 510 524 537 536 542 549 558 560 503 375 299 297 294 291
635 637 637 646 643 634 636 635 642 637 642 642 638 633 627 626 633 633 623 619 619 620 619 617 616 611 609 608 603 600 604 604 598 597 595 590 585 582 575 573 567 560 552 546 541 540 541 549 541 531 525 521 514 508 503 499 498 495 488 486 484 476 476 477 476 466 462 449 435 434 435 439 442 463 465 467 488 478 472 497 515 529 536 540 540 547 551 514 413 302 297 296 293 291
636 635 634 634 633 631 630 629 633 629 632 631 635 631 623 623 622 623 623 615 616 614 614 614 613 608 607 602 599 599 595 594 593 593 593 584 578 577 570 564 558 552 547 542 540 540 543 540 532 525 522 515 510 506 501 498 495 490 487 486 476 471 473 469 469 461 455 441 426 426 429 435 448 456 470 459 466 472 468 479 494 532 538 546 544 559 469 341 306 303 300 299 297 295
634 633 632 631 630 629 628 626 628 626 624 622 625 624 621 620 615 614 613 616 611 612 613 612 608 605 602 599 595 594 590 590 589 590 588 582 569 570 569 559 554 547 545 542 539 539 536 534 530 521 518 513 507 504 500 495 493 490 487 477 471 467 475 468 463 463 451 436 419 419 433 463 458 468 477 454 465 484 471 499 514 525 537 544 546 504 377 309 308 306 306 304 303 300
631 632 631 628 627 627 629 629 628 629 628 624 621 621 620 617 613 611 609 611 611 614 614 610 607 600 598 594 592 591 590 588 587 588 581 574 566 562 561 552 551 547 546 544 539 539 535 530 524 519 513 510 505 503 501 498 493 488 483 474 468 465 465 464 456 453 436 421 412 422 426 443 454 484 480 438 445 462 496 515 517 522 537 541 471 347 314 311 311 311 310 309 308 307
629 630 631 626 625 624 623 622 623 622 623 627 622 621 615 615 618 611 608 608 606 610 609 606 602 598 596 594 589 589 586 585 584 583 575 573 566 558 552 550 553 548 546 544 540 536 532 528 521 516 511 507 504 500 497 493 488 485 481 471 465 461 455 461 452 440 421 418 426 417 418 421 437 438 433 426 433 452 502 522 505 504 524 482 326 315 315 315 314 314 313 314 314 313
627 627 627 624 624 622 621 620 619 618 617 621 626 626 618 612 612 610 607 608 605 603 603 601 598 596 596 593 593 588 584 581 577 574 572 573 564 555 557 551 549 547 545 548 540 533 529 525 519 514 509 507 504 500 496 490 488 483 478 471 465 460 454 445 438 431 418 430 439 409 409 417 424 422 417 427 436 451 498 519 422 420 426 342 319 318 317 318 317 318 319 319 320 321
626 624 623 622 621 620 620 618 616 616 612 612 616 619 616 613 607 606 605 604 604 603 601 598 595 594 593 595 591 589 584 577 572 570 567 568 560 552 554 549 546 543 544 542 535 529 525 521 518 512 506 504 501 496 493 488 485 481 476 469 463 458 451 442 437 429 419 419 423 404 408 409 404 407 413 424 452 471 463 482 352 327 324 321 321 321 320 321 321 322 323 324 326 328
