inputs/bclim5.asc
NCOLS 210 
NROWS 174 
XLLCORNER 27.125 
YLLCORNER -2.20833333333333 
CELLSIZE 0.0416666666666667 
NODATA_value -32768 
[rows 0 to 41 of 174, columns 0 to 93 of 210]
338.000000000000000 338 337 337 337 336 335 335 337 338 339 339 340 339 340 340 341 340 340 342 342 342 342 343 343 344 344 343 344 344 344 345 345 345 345 345 345 345 345 344 344 343 344 343 343 344 345 345 345 344 343 344 344 344 345 346 345 344 344 345 347 346 346 346 348 349 350 348 347 347 347 348 350 351 352 352 352 353 354 356 356 355 356 356 357 358 359 360 362 363 363 363 363 363
337 337 336 336 336 336 335 335 336 337 337 339 339 338 339 340 339 339 340 341 341 341 342 342 343 343 344 343 343 344 343 344 344 343 344 344 344 343 344 344 344 343 342 342 342 344 345 346 345 344 344 344 343 343 344 345 344 344 344 344 346 347 345 346 347 348 349 348 346 344 344 347 349 349 350 350 350 351 353 355 356 356 355 355 356 357 357 360 361 362 363 363 363 363
336 336 335 335 335 335 336 336 336 336 338 338 338 338 337 339 339 338 338 339 340 340 341 341 343 343 343 343 342 343 342 343 344 342 342 343 343 343 343 343 344 343 342 342 341 342 344 344 345 344 344 344 344 343 342 344 343 343 342 343 344 346 345 344 345 346 348 348 339 343 344 347 348 348 349 349 349 351 353 354 356 356 355 354 355 354 356 359 360 361 363 363 363 363
336 335 335 335 335 335 336 337 336 336 336 336 336 336 337 338 338 338 337 338 339 340 341 342 343 342 343 342 341 342 341 341 343 343 342 343 343 342 341 342 343 343 343 342 341 342 343 344 343 343 343 342 342 342 341 343 343 341 340 342 344 345 345 344 344 345 346 347 345 345 344 345 346 347 348 348 349 350 353 353 355 354 355 355 354 354 354 358 360 361 362 363 363 363
336 336 336 335 335 335 336 336 336 337 336 336 335 336 336 337 337 337 337 337 339 340 341 342 342 341 342 343 341 341 342 341 342 343 342 342 342 342 341 342 341 342 343 342 341 341 342 344 343 342 342 342 340 340 340 341 342 341 340 341 343 343 344 344 344 344 345 346 347 345 343 343 344 346 346 348 350 351 352 352 354 355 354 354 354 353 353 357 359 361 361 363 362 362
335 335 335 335 336 336 336 337 336 336 336 335 335 334 335 335 336 337 338 338 340 339 341 341 341 340 341 342 341 340 340 340 341 342 342 341 341 341 340 340 341 342 342 341 340 340 342 343 343 342 342 341 339 338 338 339 340 340 339 340 341 342 343 343 343 342 344 345 345 344 342 342 342 344 346 347 348 349 350 352 354 355 354 354 353 353 353 355 357 359 361 362 362 362
335 335 335 335 336 336 336 336 335 335 335 335 335 335 334 335 337 338 338 339 340 340 340 340 341 339 340 341 341 339 339 340 340 341 341 341 341 341 341 340 340 342 341 341 340 340 341 342 342 341 340 339 338 337 337 338 339 339 339 339 340 341 341 342 342 342 343 343 345 344 341 341 342 343 345 346 347 349 350 352 354 353 354 354 354 354 354 353 355 357 360 361 362 360
335 335 335 336 336 336 335 336 335 335 334 335 336 335 335 334 336 337 338 338 339 339 339 339 340 339 339 340 340 339 338 339 340 341 341 341 341 340 340 340 339 341 340 340 339 340 340 341 341 341 339 338 338 338 337 337 336 337 337 337 337 339 339 341 341 340 340 341 341 341 341 342 343 344 344 345 347 349 349 351 352 353 353 354 354 353 353 353 354 354 358 360 361 357
335 335 335 336 335 335 334 335 335 334 334 335 335 334 334 334 335 336 338 338 339 339 338 339 338 338 339 340 340 340 338 339 340 340 340 340 340 340 339 338 339 340 340 340 339 339 339 340 341 340 340 339 339 338 336 335 333 333 334 336 335 336 337 337 339 339 338 339 340 340 340 341 342 344 345 345 346 347 348 350 351 351 352 353 353 353 353 352 352 353 355 358 360 356
335 335 336 336 335 335 334 334 334 334 334 335 334 333 334 333 334 336 337 337 337 338 337 338 337 338 340 340 339 340 339 338 339 339 340 339 339 339 340 339 338 339 339 340 338 338 338 339 339 340 338 338 338 338 337 335 333 332 332 332 332 333 335 335 336 336 336 338 338 339 340 341 342 343 344 346 347 348 349 350 350 350 350 352 352 352 351 352 352 352 353 357 359 357
336 336 335 335 335 335 334 334 334 334 335 335 334 334 334 334 334 335 336 335 335 336 335 336 338 338 339 340 339 338 339 338 338 338 339 339 338 339 339 338 337 337 338 339 337 337 338 339 339 338 338 337 337 337 336 336 334 333 333 331 331 331 332 333 333 334 334 336 337 338 340 341 342 343 343 345 346 347 348 348 350 350 349 350 351 352 352 352 353 353 352 354 356 356
335 335 334 334 334 334 334 334 334 334 335 334 334 334 334 333 334 334 335 333 334 335 334 336 338 338 339 339 339 338 338 337 337 336 338 338 338 337 336 336 335 337 338 338 337 336 337 338 339 338 338 338 337 337 336 333 333 333 332 332 332 332 330 330 331 332 334 336 337 338 339 340 341 343 343 345 346 346 346 347 349 349 348 349 349 350 351 352 352 353 353 353 353 355
334 334 334 334 334 333 333 334 333 334 335 335 334 334 333 333 333 334 335 333 333 333 335 337 337 337 337 338 338 338 338 338 337 336 337 338 337 336 335 335 334 336 336 336 335 335 337 337 338 338 337 337 337 336 336 333 334 333 333 333 333 333 331 331 332 332 333 335 336 338 339 340 341 342 344 344 345 345 346 347 348 348 348 348 348 349 350 351 351 352 353 353 353 354
333 333 333 332 333 332 333 334 334 334 334 334 333 334 333 333 333 334 334 334 333 334 335 335 335 336 336 337 338 337 337 337 337 336 336 336 337 335 335 334 333 333 334 334 334 334 335 336 336 337 337 337 336 335 334 333 334 334 334 333 332 332 331 332 332 333 334 335 336 337 338 340 341 342 343 343 344 344 345 346 347 348 348 348 348 348 349 350 350 351 352 353 353 353
333 333 333 332 333 332 332 333 334 334 334 334 333 333 333 333 333 334 334 334 334 334 334 334 334 335 336 337 337 336 335 335 335 335 335 335 335 335 335 334 333 334 335 334 334 334 333 334 335 336 336 336 336 334 334 334 334 333 333 332 332 332 332 332 331 333 334 335 336 337 338 340 340 341 341 342 343 343 344 344 346 347 348 348 349 349 350 350 350 351 351 352 353 353
334 333 333 332 332 332 333 333 334 334 334 333 332 333 332 332 333 333 334 334 334 334 334 334 334 335 336 336 335 336 335 334 334 333 333 334 334 335 335 334 334 334 335 335 335 334 333 334 334 335 334 333 334 334 334 334 334 333 333 333 332 332 332 331 331 333 334 334 335 336 338 338 339 340 340 342 342 342 342 343 344 346 347 348 349 349 349 349 350 350 351 352 352 352
333 333 332 331 332 333 333 333 334 334 333 332 332 333 333 332 332 333 334 334 334 334 334 334 334 335 335 334 334 334 334 334 333 332 333 333 333 334 335 335 335 335 334 335 335 335 334 334 334 333 333 333 334 334 334 333 332 332 332 332 332 331 331 331 331 331 332 333 334 336 336 338 338 338 340 341 341 341 341 342 344 345 346 346 347 348 349 349 350 350 350 350 351 352
333 333 332 331 332 333 333 333 334 333 333 332 333 333 332 332 333 333 334 334 334 334 335 334 334 334 334 334 333 333 333 333 332 333 333 334 334 334 335 335 334 335 335 336 336 335 335 334 334 333 333 334 333 334 333 332 332 331 331 332 331 330 332 332 332 332 331 331 333 335 336 337 337 338 339 340 340 340 341 342 344 344 345 346 347 347 348 348 349 349 349 348 348 350
332 332 332 331 332 332 332 333 333 333 332 332 333 333 332 332 333 333 333 334 334 334 334 334 334 334 334 333 333 332 332 332 332 334 334 334 335 334 335 334 335 336 336 335 335 335 335 335 334 333 332 334 334 334 333 333 332 332 332 333 332 331 332 332 332 332 331 331 332 334 335 336 336 338 338 339 339 338 340 341 343 343 344 345 346 347 347 348 348 347 349 350 349 351
331 331 331 331 331 333 332 333 332 332 333 333 332 333 332 332 333 333 334 334 333 333 334 333 334 334 334 333 333 333 333 333 333 334 334 334 335 335 335 335 335 335 334 334 334 333 334 334 334 333 333 334 334 333 333 333 333 332 332 333 331 332 332 332 333 332 331 331 331 333 334 336 335 337 338 338 338 338 339 340 341 342 343 344 345 345 346 346 347 348 349 350 350 350
331 331 331 331 332 332 333 332 332 332 333 332 332 332 332 333 333 334 334 333 333 333 333 334 334 333 333 334 334 334 334 333 333 334 334 335 335 335 335 335 334 334 334 333 333 333 333 333 333 333 334 334 333 333 333 332 332 332 333 332 331 332 332 332 332 332 331 331 330 332 333 334 335 336 337 337 337 337 338 339 340 341 341 343 343 344 345 345 346 347 348 349 350 349
331 331 331 331 331 332 332 332 332 332 332 332 332 332 332 333 333 333 334 334 333 333 332 333 332 333 334 334 334 333 333 333 333 334 334 335 335 335 334 334 334 334 333 332 332 333 332 333 333 333 334 334 334 333 332 332 332 333 333 332 331 332 333 332 331 331 331 330 331 332 332 333 333 335 336 337 337 337 337 338 339 340 340 341 341 343 343 345 346 346 347 348 348 349
331 331 330 330 331 332 332 331 332 332 332 331 332 332 332 333 333 334 334 333 333 333 332 332 333 334 334 334 333 333 333 333 334 334 335 335 336 334 334 335 334 334 333 332 333 333 333 333 333 333 334 334 333 332 332 332 333 333 332 331 332 332 331 331 332 331 331 331 332 332 332 332 331 333 335 336 336 335 336 338 338 339 339 339 340 341 342 343 344 345 346 346 347 348
331 332 331 330 331 332 331 331 332 332 331 331 332 332 332 333 334 334 334 334 333 333 333 333 333 334 334 333 333 333 334 334 334 335 335 336 335 335 335 335 334 334 333 333 334 333 333 334 332 332 334 334 333 332 333 333 333 333 332 332 332 332 331 331 331 331 331 331 332 331 332 332 332 333 334 334 335 335 336 336 336 338 337 338 338 340 341 341 342 344 344 345 346 347
330 331 331 330 331 332 331 331 332 331 331 332 332 333 333 333 333 333 334 334 334 333 333 333 334 334 334 333 333 334 334 335 334 335 335 335 335 335 335 335 334 334 333 333 334 333 334 333 332 333 334 334 333 333 333 333 333 333 333 333 332 332 331 331 330 330 331 332 331 332 332 332 331 331 333 332 333 334 334 335 336 337 337 337 338 339 340 341 342 343 344 344 346 347
330 330 331 330 331 331 330 331 331 331 332 332 332 333 333 333 333 334 333 333 333 333 334 334 334 334 334 334 334 334 334 335 335 336 336 335 334 334 334 334 334 333 333 334 334 334 334 333 334 333 334 333 333 334 333 333 333 332 333 332 331 331 331 330 331 331 332 332 332 332 332 332 331 330 332 330 332 332 333 334 335 336 336 336 338 338 339 340 341 341 340 344 345 347
330 330 331 331 331 330 330 331 330 331 332 333 333 333 333 333 333 333 334 334 333 334 334 334 334 334 334 334 334 334 334 335 336 336 336 335 334 334 334 333 333 333 334 334 334 333 333 334 334 333 334 334 334 333 332 332 332 331 331 331 331 331 331 331 331 331 332 332 331 331 331 331 331 330 330 330 330 331 333 334 334 335 335 336 337 338 338 339 340 339 338 342 344 346
330 331 331 331 330 331 331 331 331 332 332 332 332 332 332 333 333 332 333 333 333 334 334 335 334 334 334 334 334 335 336 335 335 335 335 335 334 334 333 333 334 334 334 335 333 334 334 334 334 334 334 333 332 332 332 332 331 330 331 331 332 332 332 332 332 332 331 331 331 331 331 331 331 330 330 330 330 330 331 331 333 332 333 336 337 337 337 338 339 339 338 341 343 345
330 330 330 330 331 331 331 331 331 331 331 331 331 331 332 332 332 332 332 333 333 334 334 333 334 334 334 335 335 336 335 335 334 334 334 334 334 334 334 334 334 335 335 334 334 335 334 333 333 333 333 332 332 331 331 330 330 331 331 332 332 332 332 332 332 331 331 331 331 330 330 330 329 330 330 330 330 331 330 330 330 329 330 335 333 335 336 336 337 334 336 340 342 344
329 329 328 329 330 331 331 331 331 330 331 331 331 330 331 332 332 332 332 333 334 334 333 333 334 334 335 335 335 335 335 334 334 334 334 334 334 334 335 334 335 335 334 335 335 334 333 333 332 332 332 331 332 332 331 330 331 331 332 331 331 331 330 330 330 331 330 330 330 330 329 329 329 330 330 331 331 331 331 330 329 328 329 333 329 331 333 333 335 334 336 340 341 342
329 328 327 327 329 330 330 331 330 330 331 331 331 331 331 332 331 332 332 333 334 333 333 334 335 335 335 335 334 334 334 334 334 335 335 334 334 335 335 334 335 335 334 333 334 334 334 333 332 332 332 332 333 332 331 331 331 332 332 331 330 331 330 330 331 330 330 329 330 329 330 330 330 329 328 330 330 330 329 328 327 326 326 329 328 328 332 330 331 334 335 339 340 341
328 327 327 327 327 329 330 331 330 330 331 331 331 331 331 332 332 332 333 334 333 334 334 334 335 335 335 334 334 334 335 336 335 336 335 335 335 336 335 334 335 335 334 332 333 333 334 333 333 333 333 333 332 331 332 332 332 331 331 331 330 330 331 331 330 330 329 330 330 330 330 330 330 329 327 328 329 328 327 327 326 325 324 328 326 327 329 329 329 334 336 338 340 341
328 328 327 327 327 327 328 329 330 330 331 331 331 331 331 332 333 333 333 333 333 334 333 333 333 334 335 334 334 335 335 336 335 335 336 336 335 336 335 335 335 334 334 333 332 332 333 333 332 332 331 331 331 331 331 331 330 329 330 330 330 330 330 330 329 330 330 330 330 329 330 330 329 329 328 329 329 328 327 326 325 323 323 326 325 325 327 327 329 332 335 337 340 341
326 326 326 327 326 326 327 327 328 328 329 329 329 329 330 331 332 332 333 333 333 333 333 332 332 333 334 334 334 335 335 336 336 336 336 336 336 335 335 335 334 334 333 333 332 332 332 332 332 330 330 330 330 330 330 330 330 329 329 329 330 330 329 329 329 329 329 329 329 329 328 328 329 329 329 329 329 329 327 325 323 321 321 323 323 322 325 325 328 329 334 337 338 340
326 326 325 325 325 325 326 326 327 327 328 328 328 328 328 330 330 331 332 332 332 332 332 331 332 332 333 335 335 334 334 335 336 336 336 336 336 336 336 335 335 334 333 333 333 333 333 332 331 330 329 329 329 329 329 330 329 329 328 328 329 329 328 328 328 328 329 329 328 328 328 328 328 329 327 326 328 327 326 323 321 320 320 322 321 322 324 324 325 325 331 334 336 337
326 325 325 324 324 324 324 325 325 325 327 327 327 328 328 328 329 329 330 330 331 332 332 333 332 332 333 334 333 334 334 334 334 335 335 335 335 335 335 335 335 335 334 334 333 332 330 331 331 330 330 329 328 329 328 328 329 328 327 327 327 328 327 327 326 327 328 328 327 326 327 327 328 328 327 326 324 323 322 321 321 322 321 321 321 322 324 324 323 323 329 330 331 333
325 325 325 324 324 324 324 325 325 326 326 326 326 327 327 328 328 328 328 329 330 331 332 332 333 333 332 333 333 333 333 333 334 335 335 334 334 334 334 334 334 333 334 334 333 331 330 329 332 331 329 328 327 328 327 328 328 328 327 327 326 327 327 326 326 326 327 326 326 325 325 326 327 327 324 324 325 323 323 321 321 322 321 321 321 322 323 324 322 323 325 324 325 327
325 325 325 325 323 324 324 324 325 325 325 326 326 325 326 327 327 328 328 329 329 330 331 330 331 332 333 332 332 333 334 333 333 334 334 333 334 333 334 333 333 333 333 333 330 330 330 330 331 329 328 329 328 327 326 327 327 327 326 326 326 326 327 325 325 325 325 325 325 324 324 324 325 327 323 320 321 322 322 321 322 321 320 320 321 322 323 323 322 322 321 321 323 328
324 323 324 323 323 323 324 324 324 324 324 325 326 325 326 327 327 327 327 327 329 330 331 330 330 331 332 333 333 333 333 333 333 333 334 333 332 333 334 332 333 333 332 332 331 330 328 329 327 329 330 329 328 326 326 326 326 326 325 325 324 325 325 324 322 323 323 323 324 324 324 323 324 325 324 320 322 324 322 321 320 320 320 320 321 322 321 321 322 321 321 321 323 330
322 322 323 323 323 323 324 324 324 324 324 325 325 325 326 327 327 327 327 327 328 329 330 330 330 330 332 332 333 332 332 332 333 334 332 331 332 333 332 331 332 332 331 332 331 329 327 326 325 327 329 329 328 327 326 325 324 325 324 323 323 323 324 323 322 322 323 323 323 324 324 324 323 323 323 322 323 324 321 320 319 320 320 320 320 320 320 320 321 320 320 320 323 329
323 323 323 323 323 322 323 324 324 324 325 325 325 325 326 326 327 327 327 327 328 328 329 330 329 330 331 331 332 333 332 332 332 333 333 332 332 332 331 331 332 331 331 331 331 326 324 322 324 327 328 328 327 326 326 325 324 324 324 323 323 323 323 323 323 324 324 323 323 323 323 323 323 322 321 323 324 323 322 319 319 319 319 319 319 319 318 318 320 319 319 321 325 326
321 323 323 323 323 323 324 324 324 324 325 325 326 326 327 327 326 326 326 326 326 327 328 329 329 329 330 330 331 332 333 333 333 332 332 332 332 331 330 331 331 330 330 330 329 324 323 321 322 325 326 327 328 326 326 327 326 325 324 323 324 324 324 324 324 323 323 323 323 322 321 322 322 323 323 323 324 323 322 320 319 318 317 319 318 318 317 317 318 318 318 321 326 328
