data/bclim11.asc
NCOLS 210 
NROWS 174 
XLLCORNER 27.125 
YLLCORNER -2.20833333333333 
CELLSIZE 0.0416666666666667 
NODATA_value -32768 
[rows 42 to 83 of 174, columns 94 to 187 of 210]
229 230 231 231 233 235 239 240 243 244 244 246 247 247 244 241 240 239 240 240 240 240 240 241 242 239 239 240 239 233 236 240 242 238 237 235 233 231 229 230 230 230 231 231 229 228 226 226 227 226 226 224 226 226 224 223 223 221 222 223 222 223 222 221 220 219 219 219 217 213 212 211 211 210 209 207 207 208 208 204 206 227 237 241 244 246 249 252 253 245 240 218 215 219
228 230 231 233 235 239 240 241 242 244 243 244 246 245 241 238 236 236 237 235 237 239 238 240 240 240 238 239 238 233 229 235 239 241 241 238 235 232 230 232 232 232 230 228 228 227 226 225 227 227 227 226 225 224 224 222 220 219 220 222 222 222 222 222 221 220 220 220 219 214 213 212 212 212 212 209 210 210 210 205 205 223 234 239 242 246 250 252 250 248 239 225 214 215
228 229 233 235 238 239 240 240 242 242 244 244 244 239 236 233 233 233 233 230 234 235 237 237 238 239 237 236 236 232 227 228 232 234 240 239 237 235 234 235 234 232 230 228 227 227 225 224 224 226 227 226 224 206 214 219 210 217 218 221 222 222 222 222 222 221 220 219 219 216 214 213 213 213 213 210 212 211 212 209 208 220 233 236 240 244 248 250 247 242 238 229 226 218
229 232 234 235 236 238 238 239 240 241 241 243 238 232 231 230 230 229 229 226 229 231 234 233 234 236 234 233 234 231 228 226 227 231 235 239 238 237 237 234 233 231 229 228 228 227 226 223 219 225 227 225 223 222 215 211 214 215 218 220 222 222 222 221 221 221 220 219 218 217 215 215 215 214 214 212 213 212 213 213 211 213 223 229 234 241 246 247 244 240 231 224 211 210
228 230 232 235 237 237 237 237 238 238 240 237 232 229 229 229 228 227 226 225 224 229 230 229 231 231 230 230 232 231 227 225 225 228 231 231 232 230 233 232 233 232 229 226 226 226 225 223 220 225 227 225 223 221 217 209 214 215 218 219 221 221 221 221 220 220 220 220 218 218 216 216 216 216 215 215 215 214 215 215 214 212 212 219 229 237 244 246 239 226 228 220 213 202
229 230 232 235 236 236 236 236 236 237 238 231 227 227 226 227 227 226 225 224 226 228 222 226 228 228 228 227 229 229 226 223 224 226 229 231 227 225 228 231 230 231 229 226 225 225 225 223 221 226 226 224 224 222 220 208 220 218 218 218 220 220 221 221 221 220 218 219 218 217 216 217 217 216 216 216 216 215 216 216 215 214 214 213 222 236 243 243 232 214 215 208 210 218
230 232 233 234 235 235 235 236 235 237 236 230 227 227 226 225 225 224 224 223 226 227 218 223 226 227 225 227 228 227 223 222 224 226 227 228 229 226 227 229 229 230 229 227 226 224 224 223 222 225 227 225 223 223 224 222 222 221 219 218 218 220 221 220 220 220 218 217 217 218 217 218 218 218 218 218 217 217 218 217 217 217 216 212 220 236 237 242 237 219 217 215 211 227
229 230 232 234 235 236 236 235 235 235 232 227 227 226 225 224 224 223 222 223 224 223 221 221 224 226 225 227 227 226 223 223 224 225 225 226 230 228 225 226 227 229 229 228 226 224 222 222 223 225 226 225 223 224 224 224 223 221 220 219 216 219 222 221 221 220 217 216 217 219 218 219 219 220 220 219 217 219 218 218 218 218 216 209 219 233 233 239 240 235 226 215 203 219
228 230 232 235 237 237 236 236 235 234 229 228 227 226 225 225 225 222 223 224 223 222 221 221 221 223 224 225 226 225 225 223 223 223 224 225 228 229 225 225 226 228 228 228 226 225 223 222 223 224 225 225 224 225 224 224 223 221 221 220 209 219 223 221 220 219 218 217 218 220 220 220 220 221 220 219 218 219 219 220 219 218 216 211 208 227 229 236 237 236 223 207 203 236
227 229 233 236 237 238 238 238 237 231 230 228 227 226 226 226 224 223 223 223 222 221 221 222 221 222 222 223 224 224 223 222 221 222 224 225 226 229 228 225 224 225 225 226 225 224 224 224 224 224 225 225 225 223 224 225 224 223 223 221 212 220 224 222 219 217 218 218 219 221 220 221 221 221 218 217 217 220 221 221 221 219 217 212 212 220 226 233 234 232 228 231 237 245
225 229 234 235 237 238 239 239 237 232 231 229 229 227 227 225 225 224 223 222 222 221 222 222 222 221 220 222 223 223 222 221 220 222 224 224 225 226 228 226 224 224 224 225 225 225 225 226 225 226 226 226 226 224 225 225 224 224 223 222 217 218 224 223 221 217 218 219 220 221 221 221 222 220 218 208 215 220 222 222 221 220 218 215 214 214 223 226 227 226 225 238 241 240
227 230 233 236 238 240 239 241 239 236 234 232 230 230 228 227 225 224 222 221 222 221 223 223 222 221 218 219 222 222 220 219 219 222 223 224 224 224 225 227 226 226 225 225 224 225 225 224 225 225 225 224 226 226 225 224 224 224 223 222 222 223 223 221 220 217 217 220 221 222 222 222 222 222 221 216 217 220 221 223 222 221 220 218 217 215 218 219 214 226 235 243 244 248
225 229 232 236 238 238 240 242 243 241 236 234 234 229 226 224 223 223 221 222 224 223 224 224 223 221 218 219 219 219 218 218 219 221 223 223 222 224 224 226 226 225 225 224 224 224 223 222 224 224 223 223 224 225 226 225 225 223 222 219 223 223 222 217 217 216 217 220 221 223 223 223 223 223 223 222 221 221 221 224 223 222 220 218 217 216 214 213 212 227 238 243 247 251
225 227 231 234 236 238 239 243 244 242 237 239 234 228 226 225 225 224 224 224 225 226 225 223 223 222 221 220 219 219 219 219 219 220 222 222 223 223 223 223 225 225 224 223 223 223 223 223 223 224 223 222 223 224 224 225 225 224 222 222 224 223 219 212 215 218 216 219 221 223 223 224 224 224 224 224 223 223 223 224 223 221 220 219 218 216 215 213 210 222 236 242 244 247
227 227 230 233 236 238 240 242 241 241 240 236 232 228 227 227 226 226 225 225 226 225 224 223 224 223 222 220 219 220 219 220 218 219 220 221 221 222 222 222 225 225 225 224 223 223 222 222 222 223 223 222 222 223 223 224 225 225 223 224 212 211 214 206 220 217 215 217 221 223 224 225 224 225 225 225 225 224 224 224 223 222 221 219 217 215 213 210 210 227 236 239 241 244
226 229 230 231 233 233 235 237 237 239 237 234 232 229 229 228 228 227 227 227 226 225 224 223 225 223 221 220 219 220 220 220 219 220 219 220 221 221 223 224 223 224 225 225 224 224 223 223 222 222 223 223 223 222 223 223 224 225 224 224 220 216 217 215 222 219 209 206 220 222 224 224 225 225 226 226 226 224 224 225 224 223 222 219 217 215 213 211 209 216 233 236 234 243
226 226 227 229 229 228 232 234 235 235 235 235 232 230 228 228 225 225 227 226 226 225 224 226 225 223 221 219 219 219 220 221 221 220 219 220 220 221 222 222 222 223 224 225 225 225 225 223 223 223 224 224 224 223 223 223 224 225 225 225 225 223 222 221 219 217 209 210 218 221 224 225 225 226 227 226 225 225 225 226 224 224 222 220 218 216 213 209 198 199 224 228 229 237
223 223 225 226 225 226 230 231 230 232 233 231 230 229 228 226 225 225 225 225 224 225 225 226 226 225 222 219 219 219 220 221 221 221 220 221 221 221 221 221 221 222 223 224 223 225 225 225 224 224 225 224 223 223 223 223 224 224 225 225 220 224 224 224 224 224 220 212 211 221 223 225 226 226 226 226 226 226 226 225 225 224 222 221 218 215 211 197 168 164 197 220 230 233
216 221 223 223 222 227 229 230 229 229 232 232 231 230 229 228 228 228 226 226 226 225 226 227 226 226 225 221 220 220 221 221 221 222 221 221 221 220 220 220 220 222 223 223 222 223 224 225 224 225 224 224 224 223 224 224 223 224 225 225 221 219 223 224 225 226 225 223 211 219 224 225 226 226 226 226 226 226 226 226 225 224 221 219 217 214 209 191 154 140 175 214 231 235
215 220 220 220 221 226 229 229 229 229 233 235 232 232 231 230 230 229 227 228 228 226 227 227 227 227 225 223 220 220 221 221 222 222 221 222 221 220 220 220 219 221 222 222 222 220 223 225 225 225 225 225 224 225 224 224 223 224 224 224 224 221 224 225 226 227 226 225 224 224 225 226 226 226 225 226 226 226 225 225 225 224 222 219 216 213 210 199 172 168 189 202 223 227
209 217 215 216 222 226 227 229 230 232 234 235 234 234 234 231 229 227 229 231 229 227 228 229 229 226 225 223 220 220 220 220 221 223 222 222 221 221 221 220 220 220 220 221 221 220 221 223 224 224 225 225 224 223 224 224 224 225 225 225 224 225 225 226 227 227 226 225 225 226 226 227 227 225 226 226 226 225 224 223 223 222 221 219 216 213 210 205 195 188 195 201 211 214
205 208 208 218 222 225 226 231 233 234 235 235 236 236 235 232 230 229 232 233 230 228 229 228 228 227 226 224 221 220 221 221 222 223 222 221 222 221 220 220 221 221 220 220 220 219 219 221 223 223 224 225 225 225 224 224 225 226 226 226 226 226 226 227 227 227 226 226 226 226 226 226 226 226 226 226 225 224 223 222 221 220 219 218 214 212 209 208 205 201 200 201 203 201
197 195 204 220 222 223 226 234 236 237 237 236 235 235 235 234 232 233 234 233 231 230 228 227 227 225 224 223 221 221 222 222 222 223 222 221 221 221 221 222 222 221 221 220 219 217 217 219 222 222 223 224 225 225 225 225 226 226 227 227 227 226 227 227 226 226 226 226 226 226 226 226 226 225 226 225 225 224 223 222 220 219 217 216 214 212 210 208 207 205 203 203 199 195
192 193 209 219 221 224 230 237 238 237 236 236 238 237 237 233 235 236 232 229 229 229 229 228 226 226 224 224 221 221 222 222 223 222 222 221 222 222 222 223 222 222 221 221 220 218 218 219 221 221 222 222 223 225 225 226 226 226 226 226 227 227 226 227 226 226 226 226 226 226 226 226 226 225 224 224 223 223 222 221 221 219 216 214 212 210 209 209 207 206 205 203 198 193
192 197 211 218 221 225 235 239 238 238 238 240 240 241 241 237 236 235 233 230 228 227 227 228 228 227 226 225 222 222 222 223 223 222 221 221 222 223 223 222 221 220 220 220 220 220 219 218 219 219 220 220 222 224 224 225 226 227 225 225 226 227 227 226 226 225 226 226 227 226 226 225 225 224 225 224 222 221 220 219 219 218 216 215 213 210 207 207 206 205 204 202 201 196
195 200 212 219 221 229 240 240 240 241 241 239 237 238 238 236 234 234 233 231 229 228 226 226 227 227 227 226 224 222 222 223 222 221 221 222 223 223 222 223 222 221 219 219 219 220 219 220 220 220 219 219 219 222 223 224 225 226 227 227 226 226 227 227 226 225 226 227 226 226 225 226 225 224 223 222 221 220 217 216 216 217 217 215 212 210 206 204 204 205 205 204 202 199
199 206 218 220 225 238 242 242 241 241 240 238 236 236 237 237 236 234 232 229 227 227 225 225 225 225 225 225 223 222 222 222 221 221 222 223 223 222 222 222 221 220 220 219 218 218 219 221 221 221 221 220 219 220 222 223 224 225 225 227 227 226 226 226 225 225 226 227 227 227 226 226 225 224 223 221 221 219 216 207 214 217 217 215 213 211 207 202 204 206 206 206 204 202
197 200 217 223 234 243 244 243 242 241 240 239 238 239 239 238 237 236 232 229 225 222 222 224 223 223 223 223 222 222 223 222 222 223 223 223 223 222 222 221 221 221 220 219 219 220 220 222 222 222 221 221 220 220 219 221 224 224 224 225 226 226 225 226 225 225 226 227 227 227 226 226 225 224 222 219 218 214 216 213 215 217 217 216 214 212 208 203 204 207 207 207 205 204
199 211 212 235 243 244 245 244 243 243 242 240 241 240 239 239 239 238 230 228 225 222 219 219 218 219 220 221 221 222 223 223 222 223 224 224 223 223 222 222 221 222 220 219 220 221 222 222 223 222 223 222 220 221 223 221 221 223 222 223 225 225 224 224 224 225 225 226 227 226 225 225 224 224 223 214 215 211 200 197 213 217 217 217 215 213 210 207 203 206 208 208 207 206
224 215 222 243 244 244 245 245 244 244 243 243 242 242 242 241 239 234 230 227 225 224 219 218 218 219 220 220 220 222 222 223 223 223 223 223 223 222 222 221 222 222 222 221 220 222 223 224 224 224 224 222 222 222 224 224 223 222 222 223 223 224 225 223 223 224 225 226 227 226 225 225 225 224 223 221 218 184 172 204 214 218 218 217 216 214 211 208 204 205 208 210 209 208
229 240 244 245 244 244 245 245 246 245 244 244 244 243 242 236 231 230 228 225 223 220 219 219 218 218 218 219 220 221 222 222 222 223 223 223 223 222 222 222 223 222 222 221 220 222 223 225 224 224 223 223 223 222 224 226 226 225 224 223 223 224 224 223 225 225 226 226 228 226 225 226 225 225 224 223 221 206 204 215 219 219 219 218 217 215 213 210 205 206 209 211 210 210
244 245 245 245 245 246 246 247 247 246 246 245 244 242 236 229 226 228 226 225 222 219 220 219 218 219 219 219 219 221 222 222 223 223 223 223 223 223 222 223 223 222 222 222 222 223 224 225 225 225 224 224 223 222 224 226 227 227 226 224 224 225 226 225 226 226 226 227 227 226 225 226 226 225 224 224 223 222 220 221 221 220 220 219 218 216 213 209 206 207 209 210 212 212
245 245 245 246 247 248 247 247 248 247 246 244 242 234 230 227 225 226 222 222 220 219 220 220 219 220 219 219 218 221 222 223 223 223 222 222 222 222 222 222 222 222 223 223 223 224 224 226 226 226 226 224 224 224 224 226 228 228 227 226 225 227 228 226 227 228 227 227 228 226 225 226 226 224 224 225 224 223 223 223 222 221 220 219 218 218 215 208 206 207 208 209 211 212
246 246 247 247 247 248 248 247 247 246 245 242 233 227 226 224 223 225 223 220 218 220 221 220 220 221 220 219 221 221 221 223 222 223 223 222 221 222 222 222 222 223 223 224 225 225 226 226 225 225 225 225 225 224 224 226 228 229 228 228 226 226 228 228 227 228 228 228 228 226 225 227 226 225 225 226 225 224 223 223 222 221 221 221 219 218 216 211 204 204 205 208 210 212
247 247 247 247 248 247 247 247 246 244 238 229 227 225 222 220 221 221 219 218 217 219 221 221 221 221 220 220 221 222 223 222 222 222 222 221 221 222 223 223 223 224 224 225 225 225 226 226 226 226 225 224 224 226 226 226 228 229 229 228 227 226 227 229 228 228 229 229 227 226 225 227 226 225 225 225 225 224 224 223 222 222 222 221 220 217 213 211 201 184 173 202 209 211
247 247 247 247 248 248 247 247 243 231 227 225 224 223 220 219 220 219 218 218 218 220 220 221 221 221 220 220 221 222 222 222 222 221 221 221 222 222 223 223 223 224 224 225 225 225 226 226 226 225 225 225 225 226 227 227 229 230 229 229 228 227 226 228 229 229 229 228 228 227 225 226 227 225 226 225 225 224 224 224 223 223 223 221 220 213 199 189 182 154 160 197 209 211
247 246 247 247 247 247 247 242 229 225 222 222 221 220 219 219 217 218 219 218 219 218 220 221 221 221 221 222 221 220 220 221 222 222 222 222 222 222 222 223 224 224 224 224 225 225 226 226 226 226 225 226 227 227 227 227 229 230 230 229 228 227 226 227 228 229 229 229 228 227 225 226 227 226 226 226 225 224 224 224 224 223 222 220 220 217 205 166 157 180 194 205 209 211
247 247 247 247 247 247 243 229 225 222 220 221 219 220 218 217 216 217 219 218 218 219 220 220 221 221 221 220 219 218 216 217 221 222 222 222 222 223 223 223 224 224 224 224 224 225 226 227 226 226 226 227 228 228 228 228 230 230 229 229 229 227 227 228 229 229 229 228 228 226 226 227 227 226 226 226 226 225 224 224 224 223 221 221 220 217 204 178 164 191 203 208 210 211
247 247 247 247 247 239 226 223 222 220 221 219 218 219 219 217 217 217 220 219 219 219 220 220 221 221 221 221 221 221 218 220 222 222 223 222 223 223 223 223 223 224 224 223 224 225 226 226 227 227 226 227 228 228 229 229 230 230 230 229 229 228 227 228 229 229 229 230 229 227 227 227 226 225 226 225 226 225 225 225 223 223 222 221 219 216 210 204 198 205 207 209 210 211
246 247 247 246 236 224 220 221 220 217 219 220 218 219 218 216 214 216 219 219 220 219 220 221 221 221 221 221 222 222 222 222 222 222 222 223 223 223 223 223 223 223 224 224 224 224 225 225 226 228 227 228 228 229 229 229 230 230 231 230 228 227 228 229 230 229 228 228 229 228 227 227 227 226 226 226 226 225 224 224 223 222 221 221 219 217 215 214 211 211 210 209 208 208
246 246 245 231 223 220 220 221 220 219 217 218 217 217 215 216 219 219 219 220 220 220 221 221 221 221 221 221 221 222 222 222 222 222 222 222 222 223 223 222 223 223 224 224 224 224 225 225 226 227 228 228 228 227 229 229 230 230 229 229 228 228 229 229 229 229 227 227 228 228 227 226 227 226 225 226 226 225 224 224 223 222 221 221 219 218 217 216 214 211 209 207 205 206
246 240 225 222 221 220 220 218 211 214 213 216 218 218 218 218 219 220 220 220 220 220 221 221 221 221 221 221 221 221 221 221 222 222 222 222 222 222 222 222 223 224 224 224 224 225 226 226 226 227 227 228 228 226 228 229 228 228 228 228 227 229 229 229 229 228 227 226 226 227 226 225 225 226 226 226 225 224 225 224 223 222 221 220 219 219 218 217 215 212 209 206 202 201
