data/bclim4.asc
NCOLS 210 
NROWS 174 
XLLCORNER 27.125 
YLLCORNER -2.20833333333333 
CELLSIZE 0.0416666666666667 
NODATA_value -32768 
[rows 126 to 167 of 174, columns 94 to 187 of 210]
411 424 433 415 445 460 473 454 481 496 507 497 507 530 575 542 539 544 530 536 544 510 538 522 513 512 516 512 497 542 517 497 507 530 533 501 494 502 507 528 505 499 516 516 510 508 522 498 542 511 530 532 507 519 536 491 533 520 512 541 554 514 585 546 551 573 540 570 601 569 589 583 597 609 634 648 621 638 627 639 642 663 661 652 637 642 641 649 617 604 575 526 576 539
426 425 417 426 446 450 467 470 491 482 498 522 525 547 537 560 548 583 544 527 563 517 535 522 510 512 533 517 496 537 498 509 520 516 511 507 504 513 527 531 513 514 502 515 505 499 527 516 536 475 539 504 503 523 530 486 525 519 528 520 522 514 569 533 570 575 570 596 569 586 585 604 593 630 638 640 609 627 634 651 643 648 621 628 647 675 645 614 628 596 593 588 564 538
404 414 419 425 423 444 474 473 483 491 507 513 501 554 566 541 569 569 551 519 554 547 535 531 513 498 512 494 507 515 497 495 513 522 486 482 490 502 510 515 478 494 520 509 494 487 493 522 521 475 532 506 507 522 517 509 532 508 533 521 538 530 569 530 575 562 571 582 588 551 583 599 594 613 632 606 620 634 626 643 632 643 660 665 659 652 638 628 620 602 585 603 577 576
401 407 431 432 435 461 459 485 487 480 509 523 507 536 566 560 555 560 535 533 566 507 544 527 515 523 528 517 501 510 483 487 510 502 519 517 506 475 506 496 487 490 511 508 490 484 514 510 497 497 512 511 531 468 543 502 534 498 538 513 535 525 557 523 571 563 566 594 572 569 594 603 600 601 620 611 641 651 639 647 621 650 655 653 644 636 636 636 633 621 621 628 602 634
390 388 419 407 427 440 449 470 475 482 492 515 523 537 548 531 550 576 526 527 528 524 530 484 475 514 501 519 502 507 489 499 502 519 518 491 488 492 504 476 476 506 514 510 490 462 510 512 502 507 520 502 532 480 550 482 518 518 519 528 545 536 528 551 548 551 564 573 571 583 573 586 591 613 615 615 622 638 655 616 661 638 638 656 641 638 655 622 606 631 630 628 657 654
384 374 406 420 413 429 441 456 465 463 486 501 527 525 536 531 544 559 539 528 521 500 506 502 484 468 487 495 492 514 489 484 483 496 506 489 492 499 504 491 499 500 478 510 506 484 509 508 501 487 484 508 498 506 524 500 514 511 535 501 541 527 519 578 544 560 568 556 565 582 563 579 603 597 615 615 615 637 636 638 656 606 636 645 639 636 639 632 632 649 627 655 666 670
384 384 387 421 411 419 428 466 468 461 462 502 511 520 536 527 538 546 501 520 513 493 499 504 489 496 478 478 473 482 508 467 480 490 489 470 480 497 516 496 498 485 476 496 512 514 476 504 492 493 508 504 501 522 507 515 547 492 544 506 520 529 526 541 544 550 547 558 579 561 577 587 602 619 616 616 615 608 630 638 642 644 666 642 653 641 645 638 658 660 667 681 677 680
376 392 393 407 419 418 423 441 447 447 455 476 484 497 526 512 525 518 500 520 502 497 478 494 496 521 468 486 481 497 507 484 466 466 484 486 485 502 495 478 480 476 461 507 484 483 486 480 490 500 506 497 498 507 491 536 489 505 531 507 521 525 532 557 518 548 557 565 581 552 613 589 602 616 600 615 635 630 636 629 636 647 642 642 652 652 642 661 669 663 689 701 723 736
404 399 388 403 417 428 417 441 430 440 470 472 456 488 501 488 505 515 478 519 492 508 497 501 480 502 496 456 491 480 494 484 469 459 482 507 506 496 496 488 480 451 491 511 496 495 474 472 500 496 473 503 493 499 481 528 491 506 510 497 523 522 556 517 525 557 538 561 560 564 607 567 595 592 602 615 635 613 636 636 626 642 653 636 634 638 638 664 676 689 692 709 736 765
393 371 399 401 402 391 426 418 434 431 446 453 449 473 471 475 477 498 471 497 494 484 473 480 471 490 493 435 481 499 494 480 473 459 482 500 512 499 499 497 465 482 506 484 492 487 475 458 487 502 501 487 511 492 488 492 511 510 497 523 512 540 519 518 544 540 542 569 538 575 613 587 609 603 595 595 618 622 625 613 636 636 634 637 648 638 652 668 668 680 703 725 746 754
365 368 391 399 402 433 431 421 430 423 461 442 454 454 457 465 477 478 470 471 478 486 450 484 484 473 495 447 463 497 478 477 473 464 470 496 518 496 489 480 501 509 479 475 485 477 460 463 471 499 474 471 494 495 480 478 513 512 485 512 497 522 493 560 545 535 527 570 531 560 598 572 603 600 598 626 613 638 626 628 664 624 648 638 638 638 663 680 690 680 707 734 752 763
361 350 392 405 389 398 427 410 445 439 446 419 457 437 470 446 460 467 439 454 448 491 465 475 453 484 485 448 430 480 478 478 459 457 452 477 502 509 489 486 497 483 459 494 470 472 476 471 457 512 465 478 476 495 480 495 511 489 504 508 484 514 501 542 501 530 522 580 527 568 581 572 592 598 626 626 628 622 630 611 650 644 639 660 638 663 676 680 692 710 733 730 745 766
364 374 388 401 388 401 423 425 441 431 417 429 456 437 430 450 444 441 458 448 431 457 459 471 467 469 470 457 453 462 465 451 457 464 448 477 490 497 451 485 488 463 495 466 478 469 461 451 452 507 491 487 449 484 492 482 501 482 519 477 498 509 493 528 514 533 550 544 538 562 556 587 587 603 603 599 626 626 630 636 649 621 650 636 651 661 676 690 701 707 699 742 739 777
365 348 383 375 386 409 420 419 419 419 436 432 444 437 450 441 444 426 439 440 439 448 455 448 474 461 451 470 457 481 463 453 466 480 442 452 479 468 449 489 480 438 477 450 461 462 469 468 475 445 492 493 459 486 478 482 480 518 475 506 498 493 477 521 497 534 514 530 536 554 561 581 562 592 603 626 615 620 626 642 644 637 650 658 652 672 663 680 680 687 701 740 742 752
356 360 365 399 383 376 401 432 423 439 440 420 423 421 440 401 447 419 448 432 421 457 417 440 480 421 451 453 435 477 465 443 450 464 442 444 465 450 469 485 450 468 477 464 460 434 460 468 484 454 478 475 463 488 454 479 485 484 497 500 501 501 507 528 505 533 504 524 522 545 542 560 534 587 614 610 603 622 626 637 636 623 658 637 652 681 693 680 675 705 720 740 729 763
365 348 385 379 384 405 401 427 436 429 445 399 409 427 425 417 429 428 419 439 421 449 431 425 457 439 459 461 443 458 460 439 454 457 439 452 457 463 447 468 463 466 466 471 455 455 453 452 462 490 465 471 462 487 480 497 464 476 471 502 465 509 495 491 494 532 509 530 510 561 551 568 529 582 612 618 613 619 619 619 643 626 666 652 666 681 681 692 693 681 701 717 733 761
331 352 354 362 365 363 387 406 427 422 413 416 398 417 411 387 406 401 437 407 423 432 429 432 456 429 457 459 442 466 426 429 450 458 433 455 442 469 453 444 465 456 463 466 482 504 466 450 452 470 465 456 467 459 442 483 464 479 479 484 452 506 508 468 515 501 503 519 515 562 551 568 525 577 603 606 614 612 626 634 640 645 647 654 661 656 690 675 708 707 720 712 741 740
335 331 352 372 371 371 379 393 407 417 404 398 408 403 395 398 406 405 408 373 427 417 406 437 425 432 421 419 437 461 430 429 439 461 452 461 436 472 428 449 423 444 450 439 466 476 470 448 473 443 462 467 468 473 452 446 468 483 458 475 478 497 455 482 504 495 524 492 511 530 530 539 545 580 592 588 607 626 629 620 630 637 652 652 654 652 681 681 687 687 707 721 729 740
317 328 354 335 359 362 379 373 379 394 375 390 369 384 362 383 392 396 384 399 402 413 410 442 401 444 423 420 417 427 444 422 439 461 457 467 449 438 427 428 431 429 447 445 448 444 463 442 452 444 463 457 480 473 479 442 483 467 487 459 503 470 465 502 494 496 484 482 520 528 548 509 533 555 588 606 599 625 622 615 630 625 656 650 664 683 682 682 681 687 707 718 720 732
312 307 333 351 352 361 352 383 374 377 388 366 382 362 374 372 381 385 375 393 418 397 390 394 406 418 411 434 425 440 419 424 440 430 444 444 444 439 459 443 454 461 441 447 456 445 463 479 444 448 434 457 471 430 468 448 462 468 471 464 475 491 460 497 446 496 487 496 509 536 555 526 539 562 578 592 634 640 608 612 638 650 643 646 652 684 670 684 700 687 699 709 720 711
294 312 327 328 330 317 344 359 348 356 359 367 366 352 357 365 362 375 368 390 388 397 407 401 415 418 427 423 414 446 431 423 441 418 441 433 446 446 461 441 454 456 444 455 443 440 468 486 452 463 431 438 449 457 482 437 463 461 449 469 463 441 483 475 474 484 467 487 504 513 515 522 542 555 578 578 611 631 604 603 613 623 646 628 644 658 659 681 691 700 699 709 699 725
294 301 290 315 300 315 342 325 320 348 314 348 324 339 344 361 370 402 371 384 380 385 404 409 401 409 401 419 404 417 416 427 426 428 444 447 452 459 443 448 448 439 441 465 454 452 464 476 466 465 462 440 437 464 477 452 487 445 464 478 458 459 496 463 473 472 472 512 519 513 524 501 542 545 567 581 589 596 600 601 615 617 623 640 672 668 668 669 681 706 710 699 719 719
280 287 293 287 301 304 297 315 346 317 331 335 320 343 331 362 375 369 367 374 385 388 386 395 399 422 398 410 412 429 404 411 409 424 446 437 450 442 456 427 447 451 448 462 421 457 469 435 442 453 441 449 442 443 437 457 468 441 473 466 469 468 461 447 479 478 480 510 499 513 520 528 512 545 549 562 574 583 578 591 615 630 624 628 665 668 662 669 681 693 699 687 706 719
267 253 266 280 301 314 283 315 292 292 306 305 315 322 309 340 357 390 366 371 371 386 366 415 401 393 423 402 405 424 402 407 419 429 421 440 446 428 437 444 456 423 461 441 452 452 452 452 451 454 450 455 443 441 429 467 467 440 457 444 454 461 464 449 470 444 480 497 475 509 493 501 528 533 546 562 562 578 579 596 603 623 628 620 658 665 665 675 681 681 679 693 718 700
260 256 275 274 272 278 272 271 281 306 300 273 321 311 315 335 337 351 351 381 377 368 375 410 388 408 397 380 397 403 394 407 407 413 400 429 407 447 444 452 457 463 452 451 432 479 465 446 450 447 446 446 428 447 431 456 435 475 459 435 472 463 475 454 488 448 469 480 491 497 492 501 512 519 544 546 560 556 577 603 592 603 626 628 644 644 644 665 681 669 670 687 697 708
246 265 260 264 248 275 281 269 290 299 303 308 300 309 306 322 351 345 337 357 354 364 393 386 386 395 370 398 415 384 391 422 389 411 399 423 442 434 451 441 456 437 443 435 439 447 437 455 468 460 455 440 443 462 455 447 429 471 432 454 462 447 455 470 441 461 473 470 479 489 496 500 514 527 533 549 538 544 568 578 598 600 614 627 626 642 656 644 663 693 679 711 692 711
231 242 229 240 281 238 255 274 272 263 296 272 295 314 315 317 330 348 350 363 366 384 385 395 395 383 375 394 389 375 393 389 409 390 417 409 430 427 423 430 427 453 446 432 433 411 444 451 442 450 455 433 441 463 450 444 472 478 435 449 447 427 465 441 444 461 484 477 484 467 491 507 520 521 528 535 549 565 559 578 578 612 612 609 632 644 642 648 679 668 686 680 710 702
221 225 228 243 238 235 253 255 263 263 272 269 274 280 298 312 339 330 344 362 370 390 381 388 372 384 379 393 381 377 399 374 397 403 395 429 417 419 439 429 420 437 433 453 437 425 442 438 441 446 442 434 463 437 427 442 465 442 463 469 455 444 469 425 462 492 464 463 470 500 483 507 509 508 521 538 538 549 562 569 577 573 602 607 622 632 642 659 659 659 668 696 698 710
222 208 249 208 225 251 234 256 256 249 258 269 275 278 278 281 333 325 333 358 348 383 366 375 372 359 376 377 362 373 366 377 414 395 403 421 397 428 437 419 435 441 429 464 415 446 465 417 444 440 437 447 480 443 442 468 433 432 456 443 462 471 459 446 478 472 455 454 484 475 484 505 512 518 517 538 531 542 544 548 562 578 598 614 607 632 632 674 666 669 684 689 693 710
209 219 223 214 229 219 234 228 223 236 265 266 268 278 288 301 333 298 343 350 357 360 369 366 365 392 377 344 380 374 362 384 400 405 415 415 409 424 415 444 445 429 461 439 439 465 433 427 468 448 426 475 478 448 471 485 423 466 453 425 470 447 444 462 461 471 462 455 468 461 484 486 496 507 530 519 548 534 565 551 560 560 582 603 608 627 626 645 668 669 672 684 685 696
214 194 231 210 199 218 225 225 235 244 243 253 266 268 285 298 303 313 316 327 334 352 350 366 385 376 377 392 371 348 380 393 400 372 404 427 416 411 413 454 429 437 469 447 440 474 440 452 466 426 440 457 442 453 454 459 452 481 442 457 460 450 461 435 471 446 445 461 485 487 455 491 486 499 517 525 533 548 567 551 572 568 579 582 622 615 632 624 654 669 676 682 696 697
199 189 193 202 225 191 210 235 214 229 232 265 250 257 269 277 308 295 327 355 325 323 331 359 365 367 380 358 386 390 396 403 407 407 414 411 435 423 444 453 421 455 452 435 464 454 437 472 448 446 448 473 438 467 475 454 487 480 443 473 462 460 440 455 440 472 446 457 472 496 484 494 495 487 521 527 548 551 542 558 551 558 582 578 590 599 634 645 651 647 660 696 722 709
218 204 188 193 189 196 209 227 206 230 233 248 240 245 262 290 278 290 318 335 320 325 345 344 356 361 375 373 406 377 402 401 392 405 403 422 431 394 423 411 436 437 431 432 447 423 469 453 442 473 475 457 455 463 462 445 492 467 448 477 471 476 448 452 462 454 464 475 484 484 496 494 497 477 521 524 545 530 544 559 555 560 567 578 592 594 629 646 656 672 679 685 682 739
220 200 209 209 196 193 205 213 220 219 231 247 247 230 264 271 274 300 304 304 335 330 328 329 337 348 362 372 364 388 385 391 401 399 419 420 421 424 431 438 441 431 423 455 437 447 456 448 451 464 455 455 452 462 457 444 489 460 475 464 488 474 431 461 466 471 441 468 475 468 496 494 500 512 516 524 539 536 539 544 540 551 576 582 609 624 628 630 663 665 681 702 729 735
204 209 202 204 206 202 200 218 198 218 240 227 250 253 262 262 280 304 300 306 304 330 317 340 331 320 341 357 343 384 380 395 383 407 419 415 415 417 427 432 439 444 432 448 455 480 453 471 463 472 481 455 449 452 458 461 472 476 450 476 487 457 459 465 466 464 466 495 467 472 490 494 516 510 518 501 524 528 529 555 557 574 550 591 596 610 622 636 664 681 682 703 702 713
214 212 195 175 203 197 217 202 227 206 218 236 229 240 253 262 275 293 299 306 290 310 332 340 329 344 367 335 348 359 361 398 407 419 399 450 444 437 446 453 456 444 448 487 452 470 487 467 488 477 478 476 460 486 480 473 463 469 466 485 474 475 466 461 487 480 477 475 473 476 494 494 518 521 522 508 527 548 555 555 548 575 568 586 610 621 625 638 667 696 685 712 721 729
209 218 209 184 211 215 197 220 210 213 218 214 227 227 249 259 281 274 309 290 298 296 308 330 351 355 342 372 348 359 390 393 389 412 441 425 421 450 458 457 447 453 484 462 478 470 468 480 482 487 494 472 485 507 489 493 494 495 479 478 457 465 475 473 475 499 494 496 489 482 471 507 496 495 521 530 528 527 548 555 568 555 589 597 614 614 633 651 679 688 700 731 731 741
218 225 225 209 223 218 207 220 224 220 234 221 218 229 234 253 269 277 293 299 306 282 314 330 370 377 393 363 343 365 382 375 408 417 405 390 430 455 423 416 447 461 442 455 466 479 487 490 457 459 480 477 469 490 489 480 490 498 490 509 467 479 481 487 497 509 496 487 483 507 480 505 499 521 528 520 529 548 557 552 581 557 583 606 621 646 649 654 679 707 706 724 715 746
218 218 224 238 224 207 217 213 193 218 236 222 235 230 262 262 268 257 289 321 321 287 303 317 324 340 358 373 362 377 397 385 392 412 419 425 437 423 428 445 459 461 452 454 472 497 494 473 485 475 484 473 457 496 494 494 490 495 496 480 492 486 480 507 494 500 484 490 506 499 502 507 521 522 510 538 544 538 557 568 578 581 595 596 634 632 652 672 680 697 719 720 736 746
225 224 225 249 214 230 216 223 217 220 224 210 236 248 255 256 266 277 287 287 296 314 320 329 327 342 359 368 359 368 378 401 408 428 441 446 426 449 465 454 473 468 473 479 484 497 473 483 483 482 500 487 504 525 503 470 485 489 490 494 481 486 501 482 490 503 504 516 504 509 512 518 522 494 512 534 542 565 589 577 584 588 584 620 630 664 657 671 682 710 708 733 746 770
243 253 227 225 242 222 224 241 243 232 228 236 236 253 263 275 278 281 290 298 302 310 330 337 347 352 362 382 388 390 413 380 419 438 443 407 449 455 448 473 463 452 462 463 478 479 477 461 470 482 512 499 504 505 501 495 501 532 525 501 507 503 504 482 497 530 507 532 511 508 517 533 541 513 526 551 552 548 564 582 592 607 606 607 655 659 668 671 699 731 711 750 759 761
242 246 242 243 236 229 248 245 229 253 253 243 266 284 258 301 311 288 292 291 298 301 311 335 335 339 375 381 377 388 367 390 395 410 400 440 460 428 456 452 439 458 473 486 465 484 463 483 490 523 536 510 477 497 484 502 506 508 493 496 522 507 518 520 520 523 515 517 520 536 517 537 541 527 540 554 569 568 565 597 578 595 612 614 630 657 670 670 704 721 731 728 767 793
