data/bclim18.asc
NCOLS 210 
NROWS 174 
XLLCORNER 27.125 
YLLCORNER -2.20833333333333 
CELLSIZE 0.0416666666666667 
NODATA_value -32768 
[rows 84 to 125 of 174, columns 0 to 93 of 210]
472 584 581 463 464 463 459 460 460 460 458 572 458 458 460 462 461 457 456 459 460 456 455 453 453 452 451 451 447 445 445 441 437 433 429 427 423 421 419 417 416 416 415 412 410 405 402 400 397 393 389 387 383 381 379 377 374 371 367 361 357 352 349 347 343 344 340 329 317 308 296 287 277 266 261 271 302 289 268 253 238 124 121 121 120 120 120 119 118 119 119 120 122 122
477 475 469 583 581 465 462 458 459 460 460 457 456 455 455 455 458 461 457 456 455 450 446 446 448 449 445 445 439 440 440 440 436 432 429 424 422 419 420 421 419 416 414 410 407 403 401 399 396 392 389 386 385 383 379 378 375 373 366 361 356 351 348 344 342 341 340 327 317 307 297 286 276 266 263 276 309 265 245 127 237 122 122 121 120 120 120 121 120 120 121 125 126 135
474 588 588 588 586 467 464 460 457 458 459 456 456 455 454 451 451 450 448 449 445 439 438 439 444 443 439 438 436 439 437 436 436 432 427 423 424 420 418 420 421 416 410 407 403 401 399 397 396 392 391 389 387 383 382 379 375 371 366 361 356 349 345 341 339 336 331 323 314 306 296 287 277 270 271 290 294 254 132 127 124 122 122 121 121 122 122 121 123 122 123 129 136 169
472 473 474 587 473 586 577 459 456 455 567 453 453 452 451 449 447 444 443 441 440 436 435 438 441 439 436 436 435 433 430 430 431 428 424 422 423 422 420 415 414 412 410 408 405 403 401 397 394 393 390 388 386 384 382 378 374 369 367 363 358 351 344 341 336 332 326 322 314 308 300 302 300 290 289 293 266 248 129 125 123 123 122 122 122 122 122 123 123 130 137 154 161 175
469 584 585 584 583 583 471 578 459 567 452 451 451 450 450 447 445 443 441 439 437 435 433 434 435 434 432 434 437 434 426 428 427 425 422 421 421 423 419 417 418 413 409 409 407 404 401 401 396 393 391 389 388 385 381 377 370 367 366 363 359 350 344 342 336 336 326 322 316 311 308 310 326 309 301 297 266 249 128 125 124 124 124 124 123 124 124 125 125 164 171 174 174 179
467 467 583 582 581 581 579 579 576 569 451 451 450 449 446 444 443 441 440 437 436 434 433 429 428 428 425 428 431 435 425 422 422 421 421 420 420 418 419 417 413 409 404 405 407 407 405 406 398 395 393 393 390 387 380 373 368 365 363 360 354 348 343 341 338 336 329 324 317 332 339 315 323 331 331 311 267 248 130 127 125 125 125 125 125 125 125 128 155 178 178 175 181 181
582 581 579 580 579 577 576 575 465 464 565 561 561 454 449 445 442 441 440 438 435 433 433 431 428 432 427 428 429 424 421 421 422 422 420 419 417 416 415 414 411 407 402 404 408 403 399 396 396 396 394 393 388 386 379 372 365 363 359 356 351 348 344 340 344 342 340 329 324 342 353 334 340 352 345 287 253 248 132 130 129 128 127 127 127 127 128 154 181 178 178 181 185 185
582 579 578 578 575 574 461 463 463 462 570 567 568 568 562 447 442 440 439 439 436 433 431 429 525 526 429 424 423 421 421 424 424 422 422 420 417 415 414 411 407 405 400 399 402 403 397 394 396 394 394 389 387 382 377 370 365 363 360 356 355 352 345 344 359 359 351 328 337 356 363 351 341 341 316 269 254 250 136 133 132 130 130 130 129 129 130 167 180 179 181 183 184 186
580 578 577 575 574 573 571 461 460 460 565 565 564 565 562 450 442 544 442 441 437 433 429 428 427 431 523 522 427 420 420 422 421 421 422 422 419 417 493 406 403 401 399 397 396 403 394 394 465 392 392 387 385 379 374 369 368 367 365 360 363 359 349 345 349 349 343 329 334 351 361 349 344 342 304 274 257 253 250 136 134 133 132 132 131 131 153 179 180 181 183 181 182 183
581 578 576 574 572 570 571 569 456 563 456 561 561 561 559 556 549 545 441 540 440 432 428 428 427 430 524 523 428 425 420 416 416 421 421 418 418 415 411 404 405 404 402 398 394 393 396 394 390 390 387 384 382 377 371 370 369 371 367 366 366 362 351 345 345 342 337 335 343 347 350 345 343 318 282 156 259 256 254 140 138 135 135 134 133 145 180 179 177 175 176 177 179 181
580 578 576 574 572 571 568 567 563 561 560 558 557 555 454 453 551 546 541 537 437 429 428 427 424 427 521 437 518 427 420 417 414 415 414 413 415 411 406 402 402 477 477 474 396 391 393 390 386 386 386 383 382 376 374 373 372 372 372 372 366 358 354 348 345 342 346 348 342 334 333 325 302 275 267 264 261 258 256 143 141 138 136 136 149 169 171 175 176 177 178 181 181 182
578 577 575 575 573 570 566 563 561 559 557 555 552 447 550 451 450 546 544 535 531 429 427 424 516 424 515 518 517 427 423 504 497 412 409 412 410 405 402 403 404 478 400 473 471 393 390 389 387 384 384 382 383 377 376 376 375 378 377 373 365 361 362 354 353 357 358 364 338 315 309 295 282 273 269 267 263 261 258 145 142 142 139 139 176 185 171 168 177 185 183 188 185 185
577 574 575 576 574 569 564 562 561 560 555 551 548 444 446 547 450 449 543 538 528 428 518 516 422 420 512 517 517 511 508 419 498 497 492 407 405 403 404 404 400 398 400 474 473 469 464 393 391 388 383 381 381 376 376 377 378 380 379 375 368 369 369 366 361 377 381 368 331 310 302 291 280 274 271 268 265 265 262 149 146 144 143 164 193 192 187 175 188 189 189 190 188 189
576 572 571 571 570 567 563 560 559 556 553 549 444 444 446 543 541 540 538 538 532 432 517 514 420 510 423 431 513 509 506 500 498 495 493 489 407 402 398 474 398 398 399 473 473 471 468 464 458 392 385 380 378 378 374 374 376 378 379 375 374 374 379 375 375 386 388 345 320 307 300 287 280 276 273 270 271 269 265 262 150 149 171 196 198 199 196 191 193 193 195 193 192 190
575 570 567 567 567 563 561 558 556 554 550 548 545 542 540 537 537 535 534 535 532 524 518 510 419 508 509 426 510 508 422 501 497 495 493 489 484 482 399 397 394 393 393 395 397 466 465 396 463 394 453 382 442 381 379 375 376 379 379 379 381 385 378 376 375 385 363 322 312 302 293 285 280 277 273 276 277 273 267 155 157 307 325 338 202 202 203 199 198 196 197 195 195 194
574 569 567 564 562 560 558 555 552 550 548 546 544 540 536 534 532 533 531 529 435 520 516 510 506 508 422 509 508 506 424 500 496 493 490 486 486 490 476 472 395 466 389 388 389 392 463 390 390 386 386 448 382 442 382 379 378 382 381 438 392 387 382 377 377 370 330 320 307 297 289 285 281 297 306 287 282 276 278 319 338 340 345 201 198 197 200 200 201 200 200 198 199 199
572 569 567 562 559 557 554 552 551 547 545 543 540 538 533 532 530 529 526 525 521 427 515 509 504 506 508 511 502 501 499 495 493 492 489 484 482 487 476 471 467 466 461 388 389 385 386 384 384 384 448 386 386 384 387 384 382 384 384 385 390 384 364 351 338 329 320 311 300 293 291 288 283 331 318 294 289 285 338 372 348 355 351 344 203 201 196 194 196 198 199 198 200 200
571 567 565 564 559 555 553 551 549 548 543 541 537 533 532 528 528 526 524 522 430 514 512 505 507 512 509 502 497 496 494 491 491 490 489 485 480 479 473 469 465 465 462 460 462 455 449 384 388 388 389 452 387 447 383 383 441 387 387 385 389 369 338 334 325 316 309 304 299 296 294 290 296 386 335 302 296 320 380 377 356 356 356 345 337 206 205 203 197 196 199 199 201 200
569 565 565 563 560 555 551 548 546 545 543 539 537 532 529 528 524 522 520 520 515 509 507 503 501 506 503 496 492 491 490 489 489 488 486 483 407 476 470 465 464 464 463 461 463 459 450 444 445 447 457 393 389 387 445 386 387 387 447 383 357 335 329 326 317 318 313 309 301 301 303 307 359 387 336 336 375 366 381 380 363 359 356 343 338 206 205 201 196 197 195 197 202 211
566 564 562 561 559 555 550 546 544 542 542 538 535 529 527 525 522 519 517 514 511 506 503 500 502 497 494 492 488 489 487 486 485 483 483 482 479 472 467 465 462 460 461 459 461 457 452 449 445 443 390 449 382 382 445 388 449 389 385 356 338 330 323 320 318 321 315 311 306 309 316 339 391 389 391 392 383 383 380 372 364 356 351 338 330 203 202 197 199 202 197 198 203 210
564 562 559 558 557 554 550 545 542 540 538 537 534 530 525 522 519 516 513 511 507 504 500 501 500 496 491 488 486 483 482 481 480 479 477 477 479 469 464 463 459 458 456 460 461 457 452 448 441 443 444 380 443 381 386 450 392 389 365 338 334 327 319 322 320 320 322 317 315 319 341 386 391 396 398 390 379 373 371 363 361 352 340 324 323 200 199 197 197 203 199 197 200 203
565 560 556 557 556 554 550 544 540 539 537 534 531 529 524 518 516 514 511 507 504 500 498 505 502 495 489 484 481 482 479 477 476 474 472 471 474 469 463 460 457 455 454 451 453 457 447 441 437 435 438 445 444 442 448 393 455 385 353 337 333 326 316 317 317 319 323 327 326 334 382 405 392 399 400 395 380 367 358 353 351 340 322 317 313 196 196 197 197 200 201 198 197 202
563 560 555 553 552 551 550 543 539 539 538 532 527 527 522 516 514 512 508 503 501 498 496 503 502 495 487 485 480 480 478 475 472 471 470 468 468 469 471 470 462 465 464 450 448 448 441 441 434 438 433 441 445 441 383 450 452 377 349 336 331 317 315 314 314 318 346 349 354 382 401 430 381 396 396 390 379 365 353 347 337 324 312 305 192 194 196 198 197 198 199 197 196 199
561 559 556 553 551 550 551 545 537 537 536 534 526 523 517 515 513 510 506 502 499 495 495 496 498 493 484 481 480 475 475 473 469 467 465 464 463 472 470 470 473 471 453 445 452 448 438 437 434 435 440 439 454 446 448 449 453 370 354 335 326 313 314 312 321 363 388 388 386 394 448 409 385 392 386 374 368 363 354 338 321 312 305 299 188 191 195 199 199 199 198 198 196 197
560 558 556 554 553 550 552 545 536 534 534 530 524 519 517 513 509 507 503 499 497 495 498 495 489 488 483 479 478 473 472 471 467 462 462 468 469 463 470 471 471 469 455 444 440 438 439 438 434 436 432 436 450 450 453 456 463 379 361 350 326 319 312 313 352 392 438 423 433 468 461 386 379 380 369 363 361 348 338 326 313 305 299 294 186 190 195 199 201 199 197 197 194 194
560 558 554 553 551 550 548 542 535 531 532 528 523 518 515 511 507 504 500 498 497 490 491 488 486 485 482 479 477 474 473 470 464 463 461 461 455 462 467 469 467 466 449 443 445 436 436 434 434 436 432 436 443 448 454 462 467 385 350 345 326 317 324 346 404 472 526 512 510 530 411 364 376 368 354 343 348 329 322 313 306 299 294 291 188 190 194 196 198 197 194 193 191 191
560 557 552 553 550 547 546 538 531 529 529 525 519 516 512 510 506 502 498 497 494 488 489 485 486 485 481 477 474 473 474 468 463 461 459 453 450 453 464 454 449 450 447 444 443 442 446 441 446 434 431 437 443 447 455 459 448 360 337 338 327 326 335 370 446 539 518 491 458 499 414 357 360 346 330 316 316 311 306 303 195 294 290 289 186 188 190 191 193 192 191 189 188 187
557 555 552 551 548 545 544 535 530 528 528 523 517 515 511 508 503 499 496 497 494 487 487 485 481 481 479 476 475 477 467 462 460 456 452 450 447 444 444 453 455 451 444 437 434 437 447 450 448 433 431 434 442 445 445 441 434 337 339 349 323 328 334 361 470 492 527 475 545 443 386 349 350 316 297 293 299 304 296 297 193 290 285 283 184 185 185 186 186 187 186 186 185 185
554 553 551 550 546 543 540 538 530 527 524 519 515 514 511 506 501 497 493 493 493 486 482 486 479 477 475 477 477 467 460 458 457 453 450 448 447 447 445 442 441 436 436 432 432 433 435 442 447 440 432 434 439 439 435 434 346 330 342 340 322 321 328 360 435 469 537 552 434 351 351 360 327 295 275 172 285 297 293 290 286 186 279 181 181 180 179 180 180 181 180 180 180 181
553 550 549 547 545 541 538 536 533 524 519 517 515 514 512 505 499 494 492 491 490 485 480 483 479 472 473 471 462 460 458 457 452 450 448 447 446 453 445 442 440 433 431 428 426 428 432 433 440 443 433 433 434 432 429 424 339 324 324 321 315 313 320 364 437 571 529 461 494 394 352 343 291 173 264 260 280 292 290 289 186 182 276 179 178 177 175 177 177 176 175 176 178 177
550 549 548 547 544 540 536 532 529 522 519 516 514 513 510 504 497 493 491 489 488 487 479 476 474 474 468 459 458 458 456 448 444 445 448 450 442 445 446 442 436 439 424 419 421 424 432 438 442 436 427 430 427 425 426 418 337 323 313 310 308 307 320 372 457 586 494 527 430 388 235 308 175 159 256 159 280 291 284 189 185 179 178 176 175 173 171 172 171 171 172 174 173 173
549 547 545 543 542 538 534 530 527 523 519 516 514 511 507 502 495 491 491 489 486 490 486 471 465 464 458 454 452 451 446 443 442 445 444 442 439 443 439 439 439 434 419 416 429 437 434 434 432 430 428 429 426 424 422 412 328 318 309 300 299 302 331 363 408 494 497 460 348 344 346 298 158 154 154 252 168 185 287 185 195 180 176 173 171 169 169 168 168 168 170 170 170 170
548 545 544 541 540 539 535 532 529 524 519 517 513 507 503 498 492 488 488 490 491 485 481 470 462 459 458 455 449 445 442 440 437 439 436 436 440 433 427 432 437 424 416 413 417 432 436 433 428 427 426 427 420 417 418 413 333 312 305 298 291 300 349 379 420 491 401 379 337 239 185 152 149 151 152 251 158 177 186 186 184 176 175 170 168 166 166 165 165 166 166 167 167 167
547 544 543 540 539 537 536 533 531 522 517 514 510 505 499 495 491 486 485 487 483 478 474 470 460 456 456 453 447 443 440 439 438 435 430 429 429 422 424 430 432 417 411 407 412 416 429 435 435 425 424 420 415 414 413 399 317 309 305 296 287 310 347 359 396 439 359 346 341 237 172 246 245 150 151 153 160 181 187 186 180 176 172 171 167 164 163 163 164 164 165 167 167 166
546 543 542 540 539 537 535 532 526 519 514 511 507 503 498 494 488 485 483 479 477 476 469 464 461 455 453 448 444 440 437 433 432 428 425 423 420 423 423 426 423 417 410 405 403 402 406 416 426 412 413 413 412 414 406 391 328 313 301 292 282 311 329 347 365 363 336 224 247 218 252 150 247 151 152 153 168 187 184 183 177 176 175 173 167 165 163 162 164 165 165 165 166 166
545 543 542 541 538 538 535 531 524 518 514 508 504 500 496 492 489 484 479 477 477 474 466 462 461 457 448 445 443 441 436 434 428 426 423 420 417 415 413 412 412 413 410 404 396 398 399 399 402 407 412 410 411 417 412 411 389 310 299 285 278 300 294 322 344 321 196 210 238 178 248 248 151 152 153 154 167 194 201 191 187 184 181 173 169 166 164 164 165 165 164 165 165 165
545 544 541 541 539 537 536 528 524 516 510 506 503 499 496 493 489 482 477 474 473 473 465 459 459 458 448 445 441 440 436 435 428 425 423 417 415 412 409 407 402 402 405 405 397 395 400 401 407 412 412 412 418 421 422 420 390 314 292 188 276 208 192 205 220 186 181 195 194 156 153 249 249 154 153 152 178 323 213 203 195 192 183 177 173 169 168 166 166 166 166 166 166 164
544 544 541 540 540 537 533 527 521 516 510 504 502 499 493 489 485 479 475 472 470 471 464 456 455 455 451 444 442 440 434 431 426 422 417 412 412 409 404 399 399 394 393 397 396 397 410 402 409 410 410 412 426 428 432 433 404 314 287 184 275 297 271 266 175 176 184 199 172 157 157 157 156 255 154 156 201 346 335 212 207 198 189 183 178 172 172 170 167 167 167 166 165 163
546 544 543 541 539 536 531 527 520 515 510 506 503 495 493 491 484 479 475 475 470 469 464 454 453 456 451 445 441 434 431 424 420 419 416 413 410 404 398 395 393 389 385 382 387 409 407 415 409 409 410 417 435 442 440 442 396 308 279 269 280 278 255 164 165 172 277 189 170 257 159 256 159 159 159 166 210 236 238 223 215 203 193 188 181 175 176 173 169 169 169 166 165 163
545 545 542 541 538 531 527 524 520 516 509 506 502 494 493 502 492 478 474 474 470 467 467 454 450 450 444 441 434 429 425 421 418 417 415 411 408 404 397 391 388 385 382 380 375 375 396 408 411 414 417 424 454 458 463 460 386 297 270 267 188 262 252 249 250 162 171 173 163 163 161 162 163 164 263 173 222 243 240 229 216 207 197 191 185 178 175 175 172 171 169 168 167 165
546 544 541 539 534 528 525 521 516 512 508 503 498 493 491 496 500 482 472 469 468 462 462 454 450 444 441 435 432 428 424 420 416 419 426 413 408 405 397 391 384 382 380 379 375 388 405 418 432 427 416 429 464 487 490 495 388 274 263 177 257 254 164 250 248 250 253 166 167 165 167 169 172 174 176 183 227 238 230 227 215 207 199 191 186 180 177 176 174 172 171 169 168 168
543 544 543 537 533 528 525 521 518 511 508 501 497 493 490 491 494 487 472 467 467 462 458 450 445 443 440 437 431 427 423 420 414 410 410 409 404 398 396 390 383 378 377 374 371 382 412 438 428 433 446 470 495 504 487 415 293 183 179 176 172 169 251 252 251 253 257 171 171 172 172 181 186 189 200 218 239 240 233 227 216 207 200 192 187 182 179 175 175 172 172 171 171 171
