data/bclim18.asc
NCOLS 210 
NROWS 174 
XLLCORNER 27.125 
YLLCORNER -2.20833333333333 
CELLSIZE 0.0416666666666667 
NODATA_value -32768 
[rows 42 to 83 of 174, columns 0 to 93 of 210]
434 434 435 435 437 438 440 442 441 441 442 442 441 440 438 435 434 435 435 433 431 429 426 423 420 419 415 414 411 407 240 239 238 237 236 234 233 228 226 222 219 217 212 210 207 208 205 201 198 199 194 191 186 183 186 183 182 181 185 182 181 181 180 180 177 174 172 171 170 170 167 165 163 162 159 157 155 153 154 155 155 154 153 151 151 151 153 153 155 157 156 152 145 138
437 437 438 441 442 444 446 446 447 448 449 448 448 446 445 443 440 439 438 437 434 432 430 429 424 423 421 247 246 245 244 242 242 240 238 237 233 231 228 227 224 221 215 213 211 211 208 203 203 200 199 194 193 190 193 190 185 185 187 188 185 185 184 182 184 179 175 173 173 173 167 165 165 162 160 159 158 157 156 155 156 155 154 153 154 153 156 156 159 163 162 153 147 143
441 444 443 445 449 450 450 453 454 453 456 453 453 453 451 449 446 443 441 439 438 436 434 433 431 427 425 422 250 248 248 247 245 244 241 240 236 234 231 230 228 225 220 219 216 213 211 209 207 203 204 204 200 200 204 199 189 189 193 194 192 189 189 186 186 185 178 176 173 172 167 166 163 162 161 158 159 161 157 155 155 155 154 154 155 156 157 157 161 163 162 151 144 137
447 447 449 451 451 453 456 457 459 460 460 460 460 459 456 456 453 448 446 443 441 440 438 436 435 433 430 428 423 420 252 250 248 246 244 243 242 239 237 233 230 228 225 222 220 217 216 214 211 209 205 204 205 207 209 200 195 191 194 196 196 194 194 190 188 187 183 178 173 172 169 167 165 164 163 160 159 159 159 157 155 154 156 155 154 155 156 157 157 159 157 149 145 141
451 453 457 458 457 458 461 463 463 465 465 466 466 465 462 461 458 455 453 450 445 444 443 441 264 437 435 432 427 258 421 254 251 250 249 247 245 242 240 237 234 232 229 227 224 221 219 217 216 213 210 209 209 207 204 202 202 196 196 196 196 195 202 191 186 188 185 181 178 179 172 169 166 164 161 161 159 160 158 158 156 155 155 154 153 155 155 155 154 153 151 148 144 140
455 457 461 466 464 462 465 467 467 470 471 472 472 471 468 467 464 461 457 455 453 449 447 445 443 441 439 265 265 429 260 258 256 255 411 250 248 245 242 240 237 235 233 229 226 223 221 219 217 217 216 215 216 214 217 207 203 207 205 198 196 194 190 188 190 188 188 186 182 182 172 170 168 167 163 160 160 158 158 158 157 154 154 153 153 152 153 151 150 147 146 143 141 138
458 461 464 467 471 469 471 471 474 474 475 476 476 477 475 473 470 466 462 461 458 455 450 448 447 445 440 269 267 432 264 425 421 258 413 253 256 250 245 243 240 237 235 232 230 227 224 223 221 222 223 221 218 219 219 211 208 220 216 209 208 204 197 195 190 188 191 189 192 186 175 172 168 169 166 161 160 157 158 158 156 155 153 152 151 150 150 150 148 144 141 140 139 133
461 463 465 470 476 477 475 478 478 481 480 480 482 482 482 479 476 472 466 465 463 460 456 456 451 275 274 271 270 268 267 264 262 260 258 257 260 265 248 245 243 240 236 234 232 231 228 227 225 224 225 227 223 221 219 219 212 219 218 213 212 208 200 198 193 190 188 184 185 192 175 174 171 172 168 162 159 158 156 155 154 155 154 152 152 150 149 148 147 144 141 140 136 131
464 467 469 471 476 481 482 483 485 486 487 487 489 489 488 486 481 476 472 469 468 465 462 460 455 452 448 275 439 271 269 268 265 262 262 260 258 256 251 248 246 243 242 239 235 233 232 231 228 228 230 234 234 226 222 219 219 219 219 218 212 211 203 202 201 196 190 186 182 181 177 174 172 171 168 165 161 159 158 155 153 154 154 153 150 149 148 148 147 145 143 138 136 131
468 470 473 475 480 483 487 487 490 493 494 492 492 492 492 491 485 480 476 474 474 471 466 462 457 454 282 447 277 438 435 431 427 267 265 261 258 255 406 401 397 246 243 241 239 237 235 233 231 231 230 231 235 235 225 222 223 227 220 221 215 213 207 205 201 202 196 192 184 181 177 176 173 170 167 164 161 160 158 157 154 154 154 151 150 148 148 147 147 147 143 137 131 126
472 473 476 478 481 484 488 493 495 498 500 499 499 499 497 494 489 484 479 479 477 472 468 464 460 288 284 283 446 277 439 273 271 269 422 419 415 258 406 251 250 247 245 243 239 238 238 235 234 232 235 232 233 235 230 225 224 225 220 219 218 216 212 207 204 203 201 195 189 182 178 176 173 170 167 165 163 159 156 154 156 154 153 150 149 148 148 149 150 149 146 137 129 126
476 477 481 483 486 487 492 496 500 502 505 506 507 505 502 499 493 490 485 483 480 476 471 468 464 460 288 287 284 280 279 276 274 271 269 267 417 261 258 255 252 250 246 243 242 240 238 238 236 234 235 232 233 231 236 230 229 226 222 220 218 216 213 208 204 201 201 198 191 182 181 179 175 172 168 165 164 161 156 155 158 155 154 151 150 149 149 154 152 151 149 136 128 126
479 481 483 486 487 492 494 499 501 507 508 511 513 510 506 501 497 492 489 486 482 478 474 470 467 462 290 452 285 283 282 279 276 274 271 270 266 417 262 258 256 253 250 247 244 241 239 238 236 235 235 234 231 229 234 233 232 232 225 224 220 219 216 213 210 209 203 202 195 185 181 180 177 173 171 165 164 161 158 160 158 159 156 152 149 149 151 156 156 158 148 134 129 126
482 484 487 489 492 493 497 501 503 506 511 513 515 510 507 501 498 495 491 488 484 480 476 473 468 463 459 290 289 448 446 442 278 434 430 425 269 418 415 412 408 405 253 397 247 388 242 239 239 240 239 236 236 234 236 234 232 232 233 227 224 220 218 216 214 213 209 204 196 191 187 183 181 176 174 167 166 165 163 158 159 159 155 153 154 152 156 158 163 157 145 134 129 120
484 487 489 492 495 498 501 502 505 508 512 515 513 509 507 503 500 495 493 490 485 482 476 472 468 297 461 458 455 450 446 444 439 436 277 428 426 422 419 415 411 407 402 399 395 246 245 242 243 245 242 241 238 237 237 238 237 234 234 229 227 223 220 219 216 215 211 204 197 194 193 186 187 180 181 170 169 170 166 159 161 158 155 157 155 159 168 167 167 156 145 133 125 119
486 491 492 495 497 500 501 503 505 508 508 511 511 511 509 505 501 498 495 491 486 482 477 474 471 466 297 460 294 291 448 285 283 437 280 431 429 273 422 268 264 408 258 256 252 393 246 245 246 245 242 241 239 238 237 237 237 234 232 230 229 359 354 220 218 214 211 207 201 320 196 195 190 186 182 176 172 173 167 160 161 160 157 157 159 165 172 174 172 161 149 137 122 118
491 493 493 497 498 500 502 503 504 506 507 509 509 510 509 507 501 499 496 491 486 482 478 476 472 469 464 299 457 454 450 446 285 439 282 432 429 275 272 268 414 411 260 258 255 252 249 248 248 246 245 243 239 239 239 238 238 237 233 364 229 228 355 220 219 341 335 331 203 200 199 197 192 189 184 177 178 175 169 163 162 164 164 163 166 177 177 178 175 164 150 140 124 117
491 494 494 496 498 500 502 502 505 505 508 508 507 507 505 504 501 498 495 491 488 482 480 476 472 469 466 462 459 455 451 291 287 286 438 433 429 425 422 418 415 411 409 404 400 396 252 253 252 249 245 383 242 241 241 239 238 237 369 233 363 358 224 349 346 216 334 330 323 318 199 198 191 302 184 183 182 178 170 164 166 167 168 170 171 178 290 292 175 166 158 149 125 116
492 493 495 495 498 501 500 503 504 507 507 507 506 506 504 502 500 499 493 491 487 483 480 476 474 470 466 462 459 454 294 448 445 441 437 434 431 426 422 419 268 266 408 260 257 256 397 257 395 390 248 246 244 381 242 241 239 237 368 234 232 357 353 350 344 339 333 327 322 318 314 311 302 299 297 185 185 179 171 168 169 167 167 282 178 287 289 292 294 178 175 154 125 116
491 492 493 496 498 499 501 503 503 506 508 507 505 505 504 501 499 496 494 491 486 484 480 476 474 471 468 463 459 455 453 292 445 287 438 434 430 425 423 419 415 411 264 404 260 400 401 400 396 252 389 249 382 381 244 244 241 238 237 234 361 356 352 347 341 338 336 327 321 316 312 307 302 299 300 300 295 289 279 280 173 279 287 288 288 287 287 288 290 292 290 160 134 118
491 494 494 495 496 499 501 502 503 504 506 507 506 504 502 499 498 496 493 489 486 483 479 476 474 470 466 463 458 456 452 449 444 441 436 434 431 427 424 420 417 414 411 407 404 262 402 402 398 393 391 388 384 381 244 376 375 370 237 237 362 355 350 346 340 337 332 325 320 315 312 308 303 300 299 298 296 288 280 284 284 284 293 290 287 286 287 287 287 286 282 272 140 122
491 493 494 495 498 498 502 503 504 504 505 504 504 503 500 497 497 496 493 488 487 483 479 476 473 469 466 463 458 456 451 448 444 442 439 436 432 430 426 422 417 415 413 411 407 263 402 400 398 397 393 390 385 383 379 377 244 371 367 365 361 356 226 345 339 334 328 323 319 315 310 307 302 301 301 297 295 286 285 287 285 292 294 293 289 286 287 285 284 282 278 271 146 226
493 495 496 496 498 499 502 503 503 503 503 503 502 500 499 497 496 495 491 488 486 483 479 475 473 469 467 463 461 456 453 449 447 443 440 436 434 429 427 424 419 417 414 413 410 405 404 400 402 400 395 390 387 384 380 377 372 368 365 362 359 354 347 343 338 330 325 322 316 313 309 304 301 300 301 298 293 287 289 287 290 296 293 293 289 289 288 285 281 279 277 279 153 239
491 493 494 497 497 500 501 502 502 501 502 502 501 499 496 496 495 492 491 488 486 483 480 477 473 469 466 464 460 458 454 450 447 444 441 436 436 432 427 425 424 419 417 415 412 410 407 404 402 399 396 392 389 384 380 377 372 367 363 360 358 354 346 341 337 329 324 320 315 311 307 305 301 298 302 299 292 291 288 288 296 297 295 292 289 289 289 284 282 280 282 176 160 150
488 490 494 495 496 498 501 500 500 500 501 501 499 498 495 494 494 491 488 485 484 481 479 477 474 471 467 464 461 458 455 451 449 446 443 438 436 434 429 426 426 421 419 418 414 412 407 404 402 399 394 391 388 383 379 376 370 366 363 360 357 353 347 340 334 329 323 318 314 310 307 303 299 297 294 296 293 294 288 290 297 297 295 291 291 289 288 289 288 290 290 284 268 252
490 492 492 496 498 500 499 498 498 499 500 500 498 496 495 494 491 489 487 485 483 481 478 476 475 470 468 465 462 460 458 456 451 447 444 439 436 436 434 428 423 423 420 418 416 409 406 402 400 396 393 391 387 382 379 375 369 365 363 360 358 352 347 339 333 328 323 317 313 311 306 302 300 298 302 296 296 295 297 291 297 295 297 292 292 292 290 292 291 295 293 282 275 259
490 493 494 493 497 498 498 498 498 498 499 497 496 494 494 491 490 488 486 485 483 480 478 476 474 472 468 466 462 460 457 455 453 452 444 439 436 435 434 431 426 425 422 420 415 411 405 401 398 394 392 390 388 384 379 374 370 366 362 360 357 351 344 339 334 329 322 317 314 316 305 304 304 306 303 299 298 298 304 301 298 297 300 297 295 295 294 295 295 303 296 285 275 253
489 493 495 493 495 496 496 496 501 500 497 495 493 492 493 491 488 487 484 482 480 477 475 474 474 472 467 465 464 459 457 457 454 455 449 441 438 433 436 434 429 425 421 420 415 412 405 400 398 393 390 389 387 383 378 376 371 367 363 361 358 351 344 338 335 326 321 317 314 313 303 306 306 307 304 302 302 303 303 300 298 298 300 302 300 297 297 301 304 309 307 297 279 155
488 492 496 494 493 495 495 495 495 506 496 494 492 491 489 488 487 485 484 481 480 477 477 475 473 471 469 468 465 461 456 456 458 452 452 446 441 436 432 430 431 427 422 420 418 410 407 400 395 393 392 388 387 384 377 375 371 369 365 361 360 356 344 337 333 328 320 316 314 306 305 314 309 307 306 303 303 301 302 300 304 301 305 302 299 300 299 305 310 314 315 302 276 238
486 490 492 492 493 492 494 495 494 496 493 493 492 490 488 487 487 485 483 481 480 478 476 475 474 473 471 468 467 465 460 456 456 452 449 449 443 436 436 438 432 429 422 419 417 409 402 399 395 395 393 391 388 383 378 375 372 370 365 361 359 355 348 339 332 327 321 315 310 309 312 312 304 306 312 305 302 299 301 302 305 306 305 302 304 302 304 312 318 317 315 195 260 126
481 486 486 490 494 495 495 494 494 493 498 498 494 492 489 487 486 484 480 481 479 478 474 472 471 472 467 469 468 464 462 456 453 452 450 449 447 439 438 438 431 426 423 417 414 409 402 397 397 394 393 392 388 382 380 376 371 370 362 359 359 354 349 340 334 328 324 316 315 318 310 303 298 305 316 305 301 296 302 306 309 306 301 301 304 305 311 313 320 322 205 288 133 120
474 482 482 487 493 495 495 495 493 491 494 502 499 494 490 486 485 483 479 477 475 473 473 471 469 469 467 466 462 460 457 455 453 453 450 448 444 440 440 439 430 427 421 416 411 409 402 399 399 398 397 392 388 383 381 374 370 366 362 357 358 354 349 341 336 330 323 316 311 311 303 299 295 295 302 302 296 297 302 308 308 304 305 304 306 307 312 318 319 314 297 131 120 114
471 476 478 486 492 493 494 495 489 485 486 484 486 490 490 485 483 480 477 476 472 471 470 468 466 468 466 465 463 457 454 454 454 453 450 445 442 440 439 437 430 427 420 415 408 410 401 399 399 400 399 394 389 382 380 374 369 370 361 356 357 353 350 346 339 331 326 318 311 314 301 296 296 302 297 295 289 302 306 311 305 304 307 310 312 315 317 324 322 304 257 125 111 109
468 470 474 483 485 489 491 488 488 486 481 479 478 477 481 485 479 477 475 474 470 470 468 466 466 464 464 464 462 456 455 453 453 452 449 443 440 439 437 430 428 425 419 412 409 407 400 401 402 401 399 394 387 381 379 373 368 365 362 358 356 352 349 345 338 331 324 317 311 317 298 296 298 295 288 288 293 301 298 296 301 304 307 312 313 314 321 324 322 281 125 110 109 109
467 470 472 476 480 486 484 481 483 482 483 480 475 473 475 479 479 474 472 472 468 467 465 464 463 461 461 460 457 452 454 455 452 450 448 443 439 438 434 431 426 419 417 410 407 402 402 403 403 402 401 392 385 379 375 371 370 367 365 360 358 351 348 342 337 330 323 317 310 305 297 294 292 292 293 287 298 301 291 291 302 308 315 314 315 319 324 324 291 239 110 110 110 109
467 469 469 479 476 470 472 472 477 475 480 480 478 474 469 470 475 477 469 465 465 468 466 464 464 460 458 456 454 451 454 453 448 447 445 442 438 436 431 429 424 420 414 410 406 405 405 408 402 397 393 389 385 380 375 373 371 369 363 360 356 350 348 343 338 330 324 316 309 302 297 291 287 291 289 287 296 289 284 297 307 314 317 318 318 322 323 301 150 220 111 111 110 110
467 467 468 468 469 467 467 468 471 469 472 473 476 472 467 468 468 469 469 463 463 462 463 463 463 458 457 453 451 451 449 447 446 447 446 438 435 433 429 424 420 415 413 408 407 407 407 405 399 394 392 388 383 379 376 373 372 367 365 362 356 351 347 343 338 330 324 317 310 302 296 291 289 288 292 284 286 288 284 288 297 319 322 326 323 332 285 127 224 113 112 112 112 111
586 587 468 466 466 467 466 466 467 467 466 464 468 468 467 466 462 462 462 464 460 462 463 462 460 456 455 452 449 448 446 445 444 445 443 439 429 430 428 422 419 414 412 410 407 407 405 403 399 395 391 387 382 381 377 374 372 370 367 361 357 353 350 344 337 332 325 318 311 302 297 298 292 295 297 282 287 297 287 303 311 316 324 328 328 303 144 116 114 113 113 113 113 112
466 586 587 583 465 465 468 469 468 471 469 468 466 466 465 464 462 460 459 460 461 464 464 462 458 454 452 450 448 447 447 444 445 445 440 434 428 426 424 418 418 415 414 412 408 409 406 402 399 394 389 387 382 380 380 377 373 371 366 361 356 354 350 345 338 331 326 320 312 302 294 290 290 305 301 275 277 285 305 315 316 318 327 328 292 136 117 116 115 115 114 114 113 113
465 466 469 583 464 464 464 464 465 464 468 471 467 467 463 463 466 461 459 458 459 462 461 459 457 454 452 450 447 446 445 444 444 442 436 436 430 423 420 418 421 416 414 413 411 408 406 404 397 394 390 386 384 381 378 375 372 371 367 361 356 354 350 345 339 334 330 322 311 303 293 285 283 279 275 270 272 282 311 323 313 310 322 300 130 118 118 117 116 115 115 115 115 115
464 582 465 465 464 463 462 463 462 463 462 466 472 473 465 461 462 460 459 459 458 457 457 455 454 452 453 450 451 447 445 443 439 437 435 437 429 422 424 420 418 418 416 418 413 408 404 402 398 394 389 387 386 381 378 375 372 369 366 361 356 353 351 347 343 337 334 320 309 304 294 284 276 272 267 269 274 282 312 325 271 271 273 139 120 118 118 118 116 116 116 116 116 117
464 463 463 463 463 462 463 461 460 461 574 460 464 467 466 464 460 458 458 458 459 458 456 455 452 453 452 454 450 449 446 440 436 434 433 432 427 422 423 419 417 415 416 415 411 406 403 401 399 394 389 387 384 381 378 374 372 369 364 361 357 353 350 347 344 341 335 323 312 305 294 284 275 267 264 269 286 298 292 306 251 242 126 121 121 119 119 119 118 118 118 118 119 118
