data/bclim8.asc
NCOLS 210 
NROWS 174 
XLLCORNER 27.125 
YLLCORNER -2.20833333333333 
CELLSIZE 0.0416666666666667 
NODATA_value -32768 
[rows 42 to 83 of 174, columns 94 to 187 of 210]
229 230 231 231 233 235 239 240 243 244 244 246 247 247 244 241 240 239 240 241 240 241 241 242 242 239 239 240 239 233 236 240 242 238 237 235 233 231 229 230 230 230 231 231 230 229 227 226 228 227 226 224 226 226 225 223 223 221 222 223 222 223 222 221 220 219 219 219 217 213 212 211 211 210 209 207 207 208 208 204 206 235 245 249 259 261 264 267 267 259 255 233 230 234
228 230 231 233 235 239 240 241 242 244 243 244 246 245 241 238 236 236 237 235 237 239 239 240 241 241 239 239 238 233 229 235 239 241 241 238 235 232 230 232 232 232 230 229 229 228 226 226 227 227 227 226 226 224 224 222 220 219 220 222 222 222 222 222 221 220 220 220 219 214 213 212 212 212 212 209 210 210 210 205 205 226 242 247 251 261 264 267 264 262 253 240 229 230
228 229 233 235 238 239 240 240 242 242 244 244 244 239 236 233 233 233 233 230 234 235 237 238 239 240 238 237 236 232 227 228 232 234 240 239 237 235 234 235 234 232 230 228 228 227 225 225 224 226 227 226 224 206 214 219 210 217 218 221 222 222 222 222 222 221 220 219 219 216 214 213 213 213 213 210 212 211 212 209 208 223 241 244 248 259 263 265 262 256 252 244 241 233
229 232 234 235 236 238 238 239 240 241 241 243 238 232 231 230 230 229 229 226 229 231 234 234 235 236 235 234 235 233 228 226 227 231 235 239 238 237 237 234 233 231 229 229 228 227 226 224 219 226 227 225 223 222 215 211 214 215 218 220 222 222 222 221 221 221 220 219 218 217 215 215 215 214 214 212 213 212 213 213 211 213 225 237 242 256 261 262 259 255 246 239 226 225
228 230 232 235 237 237 237 237 238 238 240 237 232 229 229 229 228 227 226 225 224 229 230 229 232 232 232 232 233 233 230 225 225 228 231 231 232 230 233 232 233 232 229 226 226 227 226 223 221 226 227 226 224 222 217 209 214 215 218 219 221 221 221 221 220 220 220 220 218 218 216 216 216 216 215 215 215 214 215 215 214 214 214 222 237 245 259 261 254 241 242 235 228 217
229 230 232 235 236 236 236 236 236 237 238 231 227 227 226 227 227 226 225 224 226 228 223 227 229 229 229 229 231 231 228 226 224 226 229 231 227 225 228 231 230 231 229 226 225 226 225 224 222 226 227 225 224 222 220 208 220 218 218 218 220 220 221 221 221 220 218 219 218 217 216 217 217 216 216 216 216 215 216 219 217 216 216 216 230 244 257 257 247 221 223 216 225 233
230 232 233 234 235 235 235 236 235 237 236 230 227 227 226 225 225 224 224 223 226 227 219 224 227 228 226 228 230 229 226 225 224 226 227 228 229 226 227 229 229 230 229 227 226 225 224 223 222 225 227 225 223 223 224 222 222 221 219 218 218 220 221 220 220 220 218 217 217 218 217 218 218 218 218 218 217 217 220 220 219 220 218 215 222 244 245 257 252 227 225 229 225 241
229 230 232 234 235 236 236 235 235 235 232 227 227 226 225 224 224 223 222 223 224 223 221 222 225 227 226 228 229 228 226 225 227 225 225 226 230 228 225 226 227 229 229 228 226 224 223 223 224 225 226 225 223 224 224 224 223 221 220 219 216 219 222 221 221 220 217 216 217 219 218 219 219 220 220 219 217 219 221 221 221 220 218 211 222 240 241 253 255 250 241 229 211 234
228 230 232 235 237 237 236 236 235 234 229 228 227 226 225 225 225 222 223 224 223 222 222 222 222 224 225 227 228 227 228 226 226 223 224 225 228 229 225 225 226 228 228 228 226 225 224 223 223 225 225 225 224 225 224 224 223 221 221 220 209 219 223 221 220 219 218 217 218 220 220 220 220 221 220 219 218 222 221 222 222 221 219 214 210 236 237 251 251 251 237 214 210 250
227 229 233 236 237 238 238 238 237 231 230 228 227 226 226 226 224 223 223 223 222 221 221 223 222 223 224 225 226 226 226 225 224 222 224 225 226 229 228 225 224 225 225 226 225 224 225 224 224 224 225 225 225 223 224 225 224 223 223 221 212 220 224 222 219 217 218 218 219 221 220 221 221 221 218 217 217 222 223 223 223 222 220 214 214 228 234 247 248 245 242 245 250 259
225 229 234 235 237 238 239 239 237 232 231 229 229 227 227 225 225 224 223 222 222 221 222 223 223 222 222 224 226 225 225 224 224 225 224 224 225 226 228 226 224 224 224 225 225 225 226 226 225 226 226 226 226 224 226 226 224 224 223 222 217 218 224 223 221 217 218 219 220 221 221 221 222 220 218 208 218 222 224 224 223 222 221 218 217 217 230 233 242 241 239 253 255 254
227 230 233 236 238 240 239 241 239 236 234 232 230 230 228 227 225 224 222 221 222 221 223 223 223 222 221 221 225 225 224 223 223 225 226 224 224 224 225 227 226 226 225 225 224 225 225 224 225 225 225 225 226 226 226 224 225 224 223 222 222 223 223 221 220 217 217 220 221 222 222 222 222 222 221 216 219 222 224 225 224 223 222 220 219 217 226 227 221 241 249 257 258 262
225 229 232 236 238 238 240 242 243 241 236 234 234 229 226 224 223 223 221 222 224 223 224 224 224 222 221 221 222 222 222 222 223 225 226 226 222 224 224 226 226 225 225 224 224 224 223 222 224 224 224 224 224 225 226 226 226 224 222 219 223 223 222 217 217 216 217 220 221 223 223 223 223 223 223 224 223 223 224 226 225 224 223 221 220 219 217 215 219 241 252 257 261 264
225 227 231 234 236 238 239 243 244 242 237 239 234 228 226 225 225 224 224 224 225 226 225 223 223 223 223 223 222 222 222 223 222 224 225 225 226 223 223 223 225 225 224 224 223 223 223 223 223 224 224 222 223 225 225 226 226 224 223 222 224 223 219 212 215 218 216 219 221 223 223 224 224 224 224 226 225 225 225 226 226 224 223 222 220 218 217 215 212 237 250 256 258 260
227 227 230 233 236 238 240 242 241 241 240 236 232 228 227 227 226 226 225 225 226 225 224 223 224 224 224 222 222 223 222 223 222 222 223 224 225 224 222 222 225 225 225 225 224 223 223 222 222 223 223 222 222 223 223 225 226 226 224 224 212 211 214 206 220 217 215 217 221 223 224 225 224 225 227 227 227 226 226 227 226 225 223 221 219 217 215 213 212 241 250 253 255 258
226 229 230 231 233 233 235 237 237 239 237 234 232 229 229 228 228 227 227 227 226 225 224 223 225 224 223 222 222 222 223 223 222 223 222 223 224 224 226 226 223 224 225 226 225 224 224 223 222 222 223 223 223 223 223 224 225 226 224 225 220 216 217 215 222 219 209 206 220 222 224 224 225 225 226 228 228 227 227 227 226 225 224 221 219 218 216 213 211 231 247 250 248 256
226 226 227 229 229 228 232 234 235 235 235 235 232 230 228 228 225 225 227 226 226 225 224 226 225 224 222 221 221 222 223 224 224 223 221 223 223 224 225 225 225 223 224 225 225 225 225 223 223 223 224 224 224 224 223 223 225 226 226 226 225 224 223 221 219 217 209 210 218 221 224 225 225 226 227 228 228 228 228 228 227 226 224 228 225 223 220 211 200 201 238 241 243 251
223 223 225 226 225 226 230 231 230 232 233 231 230 229 228 226 225 225 225 225 224 225 225 226 226 225 223 221 221 221 222 223 224 223 223 224 223 224 224 225 224 225 223 224 224 225 225 225 224 224 225 224 223 223 223 223 224 225 226 225 220 225 225 225 225 225 220 212 211 221 223 225 226 226 226 229 228 228 228 228 232 231 230 228 225 222 219 199 170 166 199 234 243 246
216 221 223 223 222 227 229 230 229 229 232 232 231 230 229 228 228 228 226 226 226 225 226 227 226 226 226 223 221 222 223 223 224 224 223 224 224 223 223 223 223 225 223 223 222 223 224 225 224 225 224 224 224 223 224 224 223 224 225 225 221 219 223 225 226 226 226 224 211 219 224 225 226 226 226 228 228 229 233 233 227 231 228 226 224 221 211 193 154 140 177 228 244 248
215 220 220 220 221 226 229 229 229 229 233 235 232 232 231 230 230 229 227 228 228 226 227 227 227 227 226 224 222 222 223 224 224 224 223 224 224 223 223 223 223 224 225 222 222 220 223 225 225 225 225 225 224 225 224 224 223 224 224 224 224 222 225 225 227 227 227 226 225 225 225 226 226 226 225 228 234 234 232 232 232 231 229 226 222 220 217 201 174 171 191 204 237 240
209 217 215 216 222 226 227 229 230 232 234 235 234 234 234 231 229 227 229 231 229 227 228 229 229 227 226 224 222 222 222 223 224 225 225 225 224 224 224 223 224 223 224 221 221 220 221 223 224 224 225 225 224 223 224 224 224 225 225 225 225 226 226 227 228 227 227 226 226 227 227 227 227 225 226 226 233 232 231 230 230 230 229 226 223 220 217 207 197 190 197 203 224 228
205 208 208 218 222 225 226 231 233 234 235 235 236 236 235 232 230 229 232 233 230 228 229 228 228 228 227 225 222 222 223 223 224 225 224 224 224 224 223 223 224 224 224 224 220 219 219 221 223 223 224 225 225 225 224 224 225 226 226 226 226 227 227 227 228 227 227 227 227 227 227 227 226 226 226 233 232 231 231 229 228 227 226 224 222 219 223 221 207 203 202 203 205 203
197 195 204 220 222 223 226 234 236 237 237 236 235 235 235 234 232 233 234 233 231 230 228 227 227 226 225 224 222 222 223 224 224 225 224 224 223 224 224 225 225 225 225 224 223 217 217 219 222 222 224 224 225 225 225 226 226 226 227 227 227 227 228 228 227 227 227 227 227 227 227 226 227 225 226 233 232 231 231 229 227 226 224 222 221 225 223 222 220 218 205 205 201 197
192 193 209 219 221 224 230 237 238 237 236 236 238 237 237 233 235 236 232 229 229 229 229 228 226 226 225 225 223 223 223 224 225 225 225 224 224 224 225 226 226 225 225 225 224 222 218 219 221 221 222 222 224 225 226 226 226 226 226 226 227 228 227 227 227 227 227 227 227 227 227 227 227 225 224 224 231 230 229 228 228 226 223 221 219 223 222 221 220 219 218 204 200 195
192 197 211 218 221 225 235 239 238 238 238 240 240 241 241 237 236 235 233 230 228 227 227 228 228 227 227 226 223 224 224 224 225 224 224 224 225 226 226 225 225 224 224 224 224 223 223 218 219 219 220 220 222 224 224 225 226 227 226 226 226 227 227 226 226 226 227 227 228 227 227 226 226 226 225 224 229 229 227 226 225 225 223 222 220 222 219 219 219 218 206 204 203 199
195 200 212 219 221 229 240 240 240 241 241 239 237 238 238 236 234 234 233 231 229 228 226 226 227 227 227 226 225 224 224 224 225 224 224 225 225 225 226 226 225 225 223 223 223 224 223 224 220 220 219 219 219 222 223 224 225 227 227 227 226 227 227 227 226 225 226 227 227 227 226 227 226 225 223 222 221 220 217 223 223 224 224 222 219 222 218 216 206 207 207 206 204 201
199 206 218 220 225 238 242 242 241 241 240 238 236 236 237 237 236 234 232 229 227 227 225 225 225 226 226 226 224 224 224 224 224 224 224 225 226 225 225 225 224 224 223 223 222 222 223 225 226 221 221 220 219 220 222 223 224 225 225 227 227 226 227 227 226 226 227 228 227 228 227 227 226 224 223 221 221 219 216 207 216 223 224 222 220 223 219 204 206 208 208 207 205 204
197 200 217 223 234 243 244 243 245 245 240 239 238 239 239 238 237 236 232 229 225 223 223 224 224 224 224 224 224 224 224 223 224 225 225 226 226 225 225 224 224 224 224 223 223 224 224 226 226 226 221 221 220 220 219 221 224 224 224 225 226 226 226 226 225 226 226 228 228 228 227 226 226 225 222 219 218 214 216 213 215 219 219 223 221 219 221 205 205 208 209 208 207 206
199 211 212 235 243 244 248 247 246 246 245 243 241 240 239 239 239 238 230 228 225 222 220 220 219 220 221 222 223 224 224 225 224 225 226 226 225 225 225 225 225 225 224 223 224 225 226 226 227 226 227 222 220 221 223 221 221 223 223 223 225 225 225 224 224 225 226 227 227 227 225 225 225 225 223 214 215 211 200 197 213 219 219 218 221 219 217 208 204 208 210 210 209 208
224 215 222 243 244 247 248 248 247 247 246 246 246 242 242 241 239 234 230 227 226 224 220 219 219 220 221 221 222 223 224 225 225 225 225 225 225 224 224 225 226 226 225 225 224 226 227 228 228 229 228 227 227 222 224 224 224 223 222 224 224 224 225 224 224 224 225 227 228 227 226 226 226 225 223 221 218 184 172 204 214 219 220 224 222 220 217 210 205 207 210 212 210 210
229 240 244 245 247 247 248 249 249 248 247 248 247 246 242 236 232 231 228 225 224 221 220 220 219 219 219 220 221 223 224 224 224 225 225 226 225 226 226 226 227 226 226 225 224 226 227 229 229 229 228 227 227 227 229 226 226 225 225 223 223 224 225 224 226 225 227 227 232 226 225 226 226 226 224 223 221 206 204 215 220 220 226 224 224 222 219 211 206 208 211 213 212 212
244 245 245 248 248 249 249 250 250 249 249 248 248 246 236 230 227 229 227 226 223 220 221 220 219 220 220 220 221 223 224 224 225 225 226 226 226 226 226 227 227 226 226 226 226 227 228 229 229 229 228 228 227 227 229 231 232 236 235 232 233 233 234 233 235 235 235 233 232 227 225 226 226 226 224 224 223 222 220 222 222 227 227 226 224 222 220 211 208 209 211 212 214 214
245 245 248 249 250 251 251 251 251 250 249 248 246 235 231 228 226 227 223 223 221 220 221 221 220 221 221 221 220 223 224 225 225 225 225 225 225 225 226 226 226 226 227 227 227 228 228 230 230 230 230 229 229 228 229 231 236 237 236 235 234 235 236 235 236 236 235 235 236 226 226 227 226 224 224 225 224 223 223 224 229 228 227 226 225 224 222 210 208 209 210 211 213 214
246 246 250 250 250 251 251 251 251 250 249 247 234 228 227 225 225 226 225 222 220 221 222 221 221 223 222 221 222 223 224 225 225 225 226 226 225 226 226 226 226 227 227 228 229 234 235 230 229 230 229 230 230 229 229 231 236 237 237 236 235 235 237 237 236 237 236 236 236 226 226 227 226 225 225 226 225 224 223 230 229 228 227 227 226 225 222 218 206 206 207 210 212 214
247 249 251 251 251 252 252 252 251 249 243 231 229 227 224 221 223 223 221 220 219 221 222 222 223 223 221 221 222 224 225 225 225 224 225 225 225 226 226 227 227 228 229 229 234 234 235 230 231 230 230 229 229 231 231 235 237 238 237 237 236 235 236 237 237 236 237 237 235 226 225 227 226 225 225 225 225 224 231 231 229 229 229 228 227 224 220 218 203 186 175 204 211 213
260 260 251 251 252 253 252 252 248 233 229 227 226 225 222 221 222 221 220 220 220 222 222 222 223 223 222 222 223 224 225 225 224 224 224 225 226 226 227 227 227 228 229 234 234 235 235 235 230 230 230 230 230 232 236 236 238 239 238 238 237 236 235 237 238 238 237 237 236 235 233 234 234 225 226 233 232 232 231 231 230 230 229 228 227 220 201 191 184 154 160 199 211 213
260 260 260 260 252 253 253 248 231 227 224 224 223 223 222 221 220 220 222 221 221 220 221 223 223 223 223 224 224 223 222 223 224 225 225 225 225 226 226 228 228 228 228 233 234 234 234 230 230 231 230 232 232 236 235 236 237 239 238 238 237 236 235 236 237 237 237 237 236 235 233 234 234 233 234 233 232 232 231 231 231 230 229 228 227 224 207 166 157 183 196 207 211 213
261 261 260 260 260 260 256 243 235 224 222 223 221 223 221 220 219 220 221 221 220 221 222 222 223 223 223 223 221 221 219 220 224 225 225 226 226 227 227 228 228 228 233 233 232 233 234 231 231 231 231 235 236 236 236 236 238 238 238 238 237 236 236 237 238 238 237 237 236 234 234 234 234 233 233 233 233 232 231 232 230 230 229 228 227 224 206 180 164 193 205 210 212 213
260 261 260 260 261 253 235 232 232 222 223 221 221 222 222 220 220 220 222 221 221 222 222 222 223 223 223 224 224 223 221 223 237 237 238 226 226 227 227 228 232 232 232 232 232 233 230 231 232 235 235 236 236 236 237 237 238 238 238 237 237 236 236 237 238 238 237 237 236 235 234 235 234 233 233 233 233 233 232 231 231 230 229 228 226 223 217 206 201 207 210 211 212 213
260 260 261 260 250 225 230 230 235 219 222 222 221 221 221 219 217 219 222 221 222 222 222 223 223 223 223 224 237 237 237 237 238 237 237 237 238 238 238 232 231 232 232 232 233 232 229 230 235 236 235 236 237 237 237 237 238 238 238 238 237 235 236 237 238 237 236 236 237 236 235 235 234 233 233 232 233 232 232 231 230 229 228 228 225 224 222 216 213 213 213 211 211 211
260 260 259 233 224 221 222 230 222 221 219 220 219 219 218 219 222 222 222 222 223 222 224 224 224 224 223 236 236 237 236 236 237 238 237 237 237 237 237 237 231 232 232 232 232 233 233 233 235 235 236 236 236 235 236 237 237 237 237 237 236 236 237 237 237 237 235 235 235 235 235 234 234 233 233 232 232 232 232 230 230 229 228 228 226 225 220 218 217 214 211 209 208 209
260 254 227 223 222 221 221 219 212 216 215 218 220 220 220 221 222 223 222 223 222 222 224 224 224 224 236 235 235 236 236 236 236 236 236 237 237 237 237 236 237 237 232 232 233 233 234 234 241 241 242 242 242 240 242 242 235 235 236 236 235 236 237 237 237 236 234 233 233 234 234 232 232 233 233 232 232 232 231 231 230 229 228 227 226 226 220 219 217 215 211 208 205 204
