data/bclim1.asc
NCOLS 210 
NROWS 174 
XLLCORNER 27.125 
YLLCORNER -2.20833333333333 
CELLSIZE 0.0416666666666667 
NODATA_value -32768 
[rows 126 to 167 of 174, columns 0 to 93 of 210]
235 233 230 232 232 232 234 235 236 237 235 237 239 238 237 238 237 235 239 239 239 238 238 239 239 238 236 232 231 231 230 229 228 229 226 225 223 225 225 224 223 221 216 205 206 186 184 170 153 147 144 135 132 132 141 194 235 236 236 235 235 235 234 234 233 233 230 229 229 229 228 219 216 211 205 205 209 189 190 203 192 190 205 206 207 208 208 209 207 206 208 207 207 208
236 235 233 233 232 232 233 235 235 236 234 237 239 238 236 237 237 234 237 238 238 239 239 239 237 236 236 232 232 232 229 228 226 224 222 220 220 221 223 222 222 219 217 184 198 181 167 154 148 148 144 140 137 136 164 213 236 236 236 235 235 234 234 233 234 233 229 228 228 228 218 210 211 209 199 196 203 197 182 190 178 187 204 206 207 207 208 208 208 207 206 206 206 206
236 235 234 232 231 231 232 233 234 233 233 235 237 235 235 236 234 235 235 237 238 238 238 238 238 236 235 234 233 231 228 227 227 224 222 221 220 219 221 222 219 209 195 177 169 169 167 160 149 147 147 138 139 150 192 224 237 236 235 235 235 234 234 233 233 233 227 227 227 226 207 203 208 210 204 190 194 186 179 180 189 201 204 205 205 206 207 208 206 207 205 205 205 205
236 235 235 234 233 231 230 232 232 232 233 234 236 234 233 235 233 234 234 236 237 237 237 237 236 233 231 232 232 231 229 228 227 225 223 223 222 217 201 213 197 200 194 168 158 169 171 160 147 147 148 141 158 187 223 237 236 236 235 235 235 234 233 233 233 232 225 225 226 220 209 199 205 207 204 197 187 186 188 187 191 198 203 204 205 206 206 207 205 205 204 205 205 204
236 235 235 234 233 232 231 229 229 230 232 235 236 232 233 234 233 232 235 235 236 237 236 235 232 231 229 232 231 231 230 228 226 227 224 213 220 213 215 213 207 200 188 172 166 170 169 155 150 150 157 145 188 198 235 237 236 236 235 235 234 234 233 233 232 230 226 225 223 212 203 202 204 207 203 194 190 186 186 193 194 200 202 203 205 205 205 206 205 205 204 205 205 206
234 234 235 235 234 233 232 231 230 228 229 232 233 234 232 232 232 232 233 232 235 234 236 234 230 228 229 230 231 230 229 228 229 229 226 199 198 204 210 201 199 189 188 173 171 173 170 157 154 148 161 171 183 223 237 237 236 236 235 234 234 234 233 232 231 228 225 222 221 208 200 198 201 202 204 199 186 188 191 200 202 203 203 203 204 204 205 205 206 205 206 206 206 206
233 233 233 235 235 233 233 232 231 229 229 230 229 231 231 229 230 230 232 233 236 232 234 233 230 227 227 226 221 220 225 227 228 228 227 209 205 195 201 193 193 186 178 171 173 174 170 156 160 149 150 192 222 238 238 237 236 236 235 235 234 233 233 232 229 226 222 220 218 206 197 194 197 195 199 194 196 196 199 202 204 204 203 204 203 203 204 204 205 206 205 206 206 206
233 234 233 233 234 235 234 232 231 230 229 228 228 228 227 227 227 228 230 233 232 234 232 230 230 228 228 224 217 224 225 226 226 223 221 217 210 198 187 183 184 177 172 171 172 173 175 158 164 172 171 206 236 238 238 237 237 236 235 235 233 233 232 230 226 224 222 219 209 197 196 193 193 192 192 194 196 197 201 203 203 204 203 204 204 201 203 204 205 205 205 206 206 205
233 233 233 233 233 233 234 233 232 231 231 229 227 226 225 224 225 227 229 232 231 229 230 229 229 224 224 224 224 224 225 224 222 216 210 208 206 203 189 181 181 177 176 174 169 167 174 181 183 184 184 187 237 239 238 237 237 236 235 234 232 232 230 226 224 220 219 212 201 198 194 192 192 193 194 195 198 198 201 203 203 204 204 204 203 204 202 202 199 200 201 204 205 203
232 232 232 232 233 232 233 233 231 230 230 229 228 225 224 225 224 227 230 230 223 227 226 227 223 225 225 223 225 224 223 222 220 213 210 209 210 191 181 171 179 176 177 171 169 164 163 185 191 186 188 204 239 239 238 237 237 236 235 232 232 230 229 227 222 220 218 204 197 196 191 193 193 195 196 197 198 200 202 203 204 205 204 204 203 203 203 203 202 201 198 205 204 203
232 232 230 228 228 230 231 229 229 226 219 220 220 222 222 226 228 230 226 227 227 230 231 232 231 229 228 226 224 224 223 223 211 211 215 210 197 188 179 175 176 177 179 173 170 167 172 193 190 177 192 218 239 239 238 237 237 235 234 229 230 227 226 225 221 217 212 198 196 191 190 192 195 197 197 197 198 200 202 203 203 202 204 203 202 202 203 202 200 202 200 204 203 203
229 229 229 227 228 226 225 226 221 220 218 217 218 220 215 216 228 229 221 222 222 225 226 225 226 224 225 231 228 225 223 217 209 212 207 203 204 203 175 165 178 179 181 175 171 172 190 195 189 175 201 234 239 239 238 237 235 233 232 227 228 225 221 220 221 216 208 195 192 189 191 189 194 196 194 197 197 200 201 198 195 196 197 200 201 202 202 202 200 203 203 204 204 203
229 227 227 223 224 226 225 228 232 230 233 234 235 236 223 224 233 229 225 222 218 221 227 231 231 218 213 215 214 207 210 205 207 218 221 220 201 181 183 163 172 179 181 180 179 189 195 194 186 177 217 238 238 238 238 237 234 233 229 226 225 221 217 214 213 206 198 188 188 191 194 192 193 189 186 191 187 195 201 198 193 193 190 192 196 200 202 202 199 199 203 203 203 203
229 226 230 225 221 226 229 234 232 234 235 234 237 232 220 223 231 231 228 208 211 215 219 225 231 224 222 215 205 199 207 217 229 225 219 208 203 190 177 169 177 180 179 181 184 192 197 197 185 179 221 237 236 237 237 236 233 231 226 225 223 216 212 208 207 199 193 185 185 192 195 195 197 195 190 197 198 196 190 190 192 198 191 189 194 200 199 197 198 200 203 203 201 199
229 223 234 232 228 222 223 229 230 234 227 230 235 237 227 223 234 226 214 222 224 222 228 229 225 225 225 218 218 216 218 227 225 215 207 203 198 193 183 175 174 177 174 182 194 194 202 192 186 177 226 234 234 235 237 235 232 228 222 220 221 215 209 204 200 195 192 190 186 188 195 192 192 195 193 195 195 193 198 199 200 201 189 192 191 195 193 193 200 202 202 202 197 193
236 229 234 232 232 230 236 236 237 237 235 233 232 235 235 229 230 225 221 225 232 223 231 233 232 230 229 226 229 226 221 214 204 196 197 194 190 191 192 186 178 171 174 190 197 201 196 184 179 192 228 230 230 233 236 234 231 226 218 217 220 207 201 198 193 197 192 192 191 195 199 197 194 192 195 199 198 196 190 193 193 200 193 195 193 192 193 198 196 200 197 195 193 193
238 236 240 233 234 235 236 241 241 241 241 241 239 239 236 238 235 228 233 221 213 216 218 229 224 222 226 226 222 214 205 204 205 210 219 224 218 217 219 194 176 180 202 195 191 188 186 184 185 210 226 223 219 232 234 233 229 223 210 204 215 204 198 193 190 183 197 199 195 199 199 199 199 197 197 200 201 200 197 197 201 204 193 200 200 195 194 201 193 192 197 193 194 199
239 240 241 241 242 242 241 241 239 238 241 241 238 229 234 237 236 230 224 226 231 233 235 233 226 215 208 210 217 206 215 213 207 209 216 222 224 208 188 174 191 199 196 182 183 182 181 180 191 213 223 208 205 234 233 231 227 222 212 199 206 197 192 186 175 173 177 185 191 192 193 194 198 199 199 200 194 194 202 202 205 202 193 198 202 194 198 199 193 193 199 195 198 200
241 241 241 242 242 241 240 241 239 238 239 239 237 238 235 231 235 234 222 222 227 227 232 226 227 231 229 228 230 229 227 226 224 221 218 223 222 225 214 206 201 195 200 188 184 179 185 189 199 216 216 192 187 233 232 229 225 221 211 190 186 188 183 181 165 160 167 176 186 182 187 190 190 198 202 200 196 193 199 203 204 205 197 200 200 197 199 204 198 203 200 192 195 202
239 233 237 241 241 240 239 240 240 237 235 235 239 237 235 235 235 233 232 228 226 231 231 223 223 222 234 230 227 226 226 230 225 213 209 215 198 224 199 201 200 184 186 200 189 181 183 189 196 212 211 194 191 232 231 228 225 219 210 193 171 171 165 165 170 158 164 176 168 171 183 191 189 198 200 204 199 201 199 203 206 206 207 206 200 204 202 196 203 206 205 199 198 199
238 237 237 241 240 238 239 238 239 237 235 235 235 233 232 230 232 231 230 228 227 231 233 217 208 216 221 228 228 223 224 224 219 211 200 195 212 221 213 196 175 183 175 183 197 191 184 192 189 206 203 191 210 231 229 227 222 218 206 185 171 158 157 154 150 160 158 163 174 166 170 186 192 198 199 202 205 206 206 206 208 208 208 207 207 202 196 195 192 198 201 207 202 198
239 238 235 240 241 241 239 239 237 237 236 234 234 234 233 233 229 229 229 233 230 227 232 226 221 222 227 228 228 226 222 224 221 216 205 216 221 215 201 194 172 173 165 167 185 196 194 196 194 202 195 187 213 228 228 224 217 210 199 188 169 158 161 152 155 160 164 159 158 170 168 176 183 196 198 199 202 204 203 204 204 207 207 206 204 199 201 198 193 198 192 197 207 202
242 240 239 239 241 241 241 241 238 237 235 235 236 235 233 233 235 234 229 231 231 230 220 221 225 217 223 221 220 203 211 217 222 220 204 204 210 189 193 180 180 172 168 167 186 190 192 194 194 192 188 179 214 225 225 220 211 198 188 184 176 170 162 160 169 164 158 164 160 162 173 172 180 184 195 197 203 204 201 203 204 205 207 207 204 191 199 201 194 194 198 194 200 207
240 242 241 241 241 241 241 241 240 238 238 238 236 233 235 236 237 238 228 225 230 231 229 222 211 222 222 213 218 218 200 216 218 214 204 188 197 206 209 185 191 175 168 168 183 189 187 183 183 182 176 194 219 222 222 218 209 189 185 182 177 176 164 156 163 159 152 163 162 158 171 169 173 183 191 199 202 204 201 204 205 205 207 206 201 185 193 203 201 201 203 201 195 204
238 239 237 240 237 238 240 241 240 240 238 237 235 233 233 233 237 238 234 224 230 231 230 227 226 228 223 194 201 212 215 218 212 201 195 190 173 186 198 199 189 175 173 167 172 187 188 182 173 166 171 205 214 218 218 216 206 192 186 177 178 178 174 157 154 163 158 161 165 164 164 166 169 183 196 198 202 206 204 205 206 201 200 196 195 195 192 205 201 201 200 196 199 193
232 238 233 239 238 236 238 240 240 240 240 239 239 239 235 236 239 239 238 227 228 230 231 224 220 222 217 199 199 203 205 204 200 200 198 192 182 171 200 195 197 197 180 170 173 183 182 177 166 169 191 202 209 213 213 206 196 191 182 178 176 174 173 163 147 155 164 160 167 167 167 168 172 187 195 199 204 205 202 206 204 197 204 201 208 205 196 206 200 192 194 194 200 194
230 230 233 236 238 237 236 239 240 239 239 239 237 238 239 239 239 238 238 236 228 230 231 230 228 222 223 220 211 208 210 203 200 194 192 192 185 179 201 191 184 191 186 187 182 173 177 170 163 177 185 196 203 206 203 196 176 174 172 169 168 167 169 170 154 150 161 164 162 168 166 175 181 194 200 205 206 204 204 207 205 204 207 209 210 208 200 205 198 194 195 195 200 197
231 228 233 236 235 237 235 236 239 238 238 239 238 236 238 238 238 238 237 231 230 231 228 228 224 226 220 211 215 214 212 203 195 193 185 186 179 180 186 194 186 182 173 184 178 169 171 164 163 159 170 188 195 197 188 179 159 153 153 148 145 143 164 171 161 151 163 160 160 171 166 166 186 199 204 205 205 203 207 208 205 208 210 211 210 209 202 201 203 200 196 198 200 195
229 228 231 236 233 234 237 238 239 237 235 238 238 236 236 238 236 238 237 236 223 226 233 232 231 221 215 212 209 222 225 213 194 187 190 194 182 177 177 185 188 169 172 166 174 163 163 165 157 133 147 175 184 189 171 155 145 142 132 127 124 116 163 173 161 160 162 162 165 170 166 170 189 200 202 206 205 205 209 205 207 209 211 210 210 210 209 203 202 204 206 200 204 198
227 223 226 231 228 232 236 239 237 237 234 237 237 237 235 235 237 236 237 233 228 224 231 232 229 224 215 205 202 212 226 223 210 197 198 195 184 174 165 177 178 169 172 165 154 153 166 168 162 142 147 166 177 174 139 131 127 137 149 155 160 164 170 176 170 165 158 163 169 169 165 175 189 199 206 207 205 209 208 208 210 211 210 206 211 210 210 209 208 205 206 205 204 201
227 226 225 222 226 231 234 236 238 236 231 235 233 235 235 236 236 236 236 236 232 229 225 234 228 214 220 213 197 207 223 215 206 207 209 199 194 182 169 166 162 167 170 164 151 156 178 175 169 159 152 155 171 168 126 93 101 133 158 170 174 176 180 177 171 163 164 158 161 170 171 170 176 198 206 205 206 210 208 207 210 211 210 204 211 210 209 207 204 206 203 203 202 202
228 233 228 226 225 228 230 235 236 235 228 231 232 228 234 237 236 233 236 235 231 233 230 234 233 226 218 226 197 188 209 215 202 205 207 179 186 179 168 161 161 161 168 164 154 161 183 183 177 168 138 135 167 162 136 87 83 132 163 179 184 180 181 177 169 167 166 161 159 170 169 171 179 196 206 203 208 209 209 207 203 209 211 201 207 210 211 208 199 207 204 202 202 200
234 232 234 236 232 227 225 229 233 237 234 231 232 225 229 235 233 236 235 235 234 231 233 230 228 227 224 214 220 205 207 207 206 189 197 182 179 177 174 164 160 157 155 156 155 179 192 190 186 182 167 163 172 161 142 127 120 148 160 182 190 182 178 172 164 168 164 165 164 171 167 174 181 190 198 205 208 210 208 207 211 211 210 202 194 195 209 210 207 200 202 206 202 198
238 237 236 236 232 223 224 227 229 234 235 231 227 226 227 230 233 235 236 234 233 235 234 228 228 216 224 224 224 216 208 202 203 197 179 178 176 175 174 162 150 143 143 149 156 184 196 196 194 193 186 180 175 162 151 143 145 154 153 168 193 185 182 168 159 168 170 167 163 167 167 172 182 180 193 203 206 209 205 206 211 208 209 208 195 204 211 211 210 205 202 204 205 202
239 235 232 231 232 224 217 220 225 229 228 222 221 224 223 221 220 228 233 232 227 229 235 234 213 221 215 217 221 217 199 194 190 202 192 183 184 185 184 169 153 139 143 136 163 188 194 196 198 197 195 192 185 166 147 138 146 151 153 169 193 182 178 178 188 181 178 179 178 169 177 171 175 185 192 195 202 204 201 207 209 208 205 209 203 209 211 211 210 208 208 196 204 205
237 232 231 232 224 219 218 216 221 224 221 223 220 221 220 213 211 218 223 226 222 220 223 234 232 220 215 209 204 221 218 205 192 200 200 199 196 195 192 183 161 140 137 134 174 191 191 197 200 201 201 195 189 172 137 130 138 151 164 176 198 183 168 182 190 184 175 176 180 178 183 181 175 181 182 189 191 202 206 209 211 204 202 210 207 208 211 211 210 206 208 200 198 205
233 222 218 223 223 216 215 214 214 218 213 217 216 220 217 213 212 208 210 217 216 216 219 218 224 217 210 203 200 213 221 211 208 197 193 199 198 193 181 156 148 136 133 141 176 187 193 198 201 202 203 200 186 175 153 135 141 154 159 177 200 193 184 193 180 185 179 179 176 182 194 188 184 179 190 190 193 198 205 203 205 207 201 207 205 204 207 210 210 202 207 201 196 205
234 230 220 216 216 215 215 210 210 212 209 211 212 214 214 215 212 208 208 210 213 213 212 220 219 207 207 202 196 215 224 218 216 199 184 188 191 193 183 163 152 145 140 144 174 188 194 198 201 203 205 202 183 166 152 138 141 155 158 176 196 186 190 199 182 184 187 175 174 181 192 198 197 188 189 193 191 198 202 197 198 202 201 200 206 200 203 210 210 208 203 202 198 205
228 227 221 218 218 217 212 207 205 204 207 211 210 211 214 215 211 209 204 205 209 208 209 215 225 225 215 202 197 198 212 224 215 190 172 179 176 178 184 172 145 140 141 148 172 188 193 197 200 203 205 204 184 166 151 142 145 165 171 186 198 192 175 204 195 188 197 180 184 182 193 201 199 196 191 200 196 199 200 201 198 200 195 199 209 204 205 211 211 209 198 200 202 205
237 233 225 219 215 211 210 209 206 204 208 210 209 210 210 215 214 208 204 201 202 205 208 219 223 218 225 203 198 198 193 218 196 192 178 174 171 171 174 157 148 151 132 148 171 189 192 195 199 202 204 205 191 170 157 141 145 164 166 183 198 197 179 200 205 202 203 200 187 190 198 200 198 196 198 195 200 202 202 203 201 198 196 205 210 207 204 211 211 209 199 202 204 205
230 237 219 216 212 208 203 207 204 203 204 207 207 209 210 214 215 206 205 204 207 206 209 220 218 207 217 210 198 200 196 216 210 201 186 172 169 167 159 144 139 145 134 151 181 187 190 192 196 200 203 204 191 185 170 142 144 155 169 184 194 197 185 200 199 196 195 204 201 192 205 206 196 198 193 198 198 201 201 202 199 199 198 207 207 206 209 211 211 210 207 208 207 204
222 237 230 223 214 209 206 204 202 204 206 208 206 206 209 214 215 205 205 205 208 209 211 216 218 207 207 201 200 199 198 218 212 202 185 172 169 171 157 131 140 132 144 173 192 186 187 189 194 200 203 205 204 197 167 149 154 164 174 181 202 194 191 199 198 196 191 196 204 201 207 206 204 203 205 203 194 197 200 200 201 197 199 207 201 203 211 210 211 211 205 208 205 202
