data/bclim1.asc
NCOLS 210 
NROWS 174 
XLLCORNER 27.125 
YLLCORNER -2.20833333333333 
CELLSIZE 0.0416666666666667 
NODATA_value -32768 
[rows 42 to 83 of 174, columns 94 to 187 of 210]
242 243 245 245 248 251 254 256 258 260 259 261 262 262 259 255 253 253 253 254 254 254 254 255 256 253 253 254 253 247 250 254 255 251 250 249 246 245 243 243 243 243 244 244 243 242 240 240 241 240 239 238 239 239 238 237 236 235 236 236 236 236 235 235 234 233 232 232 230 226 224 224 224 223 222 219 220 221 220 216 218 238 248 252 255 257 260 262 263 255 250 229 226 230
241 243 245 248 250 254 257 257 258 259 259 260 262 260 256 253 251 250 251 248 251 252 252 253 254 253 251 252 251 247 243 248 252 254 254 252 248 245 244 245 245 245 243 242 242 241 239 239 240 241 241 240 239 238 238 235 234 233 234 236 236 236 235 235 234 233 233 233 232 227 226 225 225 225 224 221 222 222 222 217 217 234 245 250 253 256 260 262 260 258 249 236 225 226
241 243 247 250 254 255 256 257 258 258 260 260 259 254 250 247 247 247 246 243 247 248 250 250 251 253 250 249 249 245 241 241 245 247 252 252 250 248 247 248 247 245 243 241 241 240 238 238 238 240 240 239 238 220 227 233 224 231 232 235 236 236 235 235 235 234 233 232 232 229 227 226 226 225 225 223 224 223 224 221 220 232 244 247 250 255 259 260 257 252 248 240 237 229
243 245 248 250 252 254 255 257 258 258 259 260 254 247 246 244 244 243 242 239 242 244 247 246 247 249 247 246 247 245 241 239 240 244 248 252 251 250 249 247 246 244 242 242 241 240 239 236 233 239 240 238 236 236 229 225 228 229 232 234 235 236 235 234 234 234 233 232 231 230 228 227 227 227 226 225 225 224 225 225 223 225 234 240 245 252 257 258 254 251 242 235 222 221
241 244 247 250 253 253 254 255 256 256 258 254 247 244 243 243 242 241 239 238 237 242 243 241 244 244 243 243 245 244 240 238 239 241 244 244 245 244 246 245 246 245 242 240 239 240 239 236 234 239 240 239 237 235 231 222 228 229 231 233 235 235 234 234 233 233 233 232 231 230 229 228 228 228 227 226 227 226 226 227 225 223 223 231 240 248 255 257 250 237 238 231 224 213
242 244 247 251 252 253 254 254 255 256 256 247 242 242 241 241 241 239 238 237 238 241 235 239 241 241 241 240 242 242 239 236 237 239 242 243 240 238 241 244 243 244 242 240 238 239 238 236 235 239 240 238 237 236 234 222 233 232 231 232 233 233 234 234 233 232 231 232 231 229 229 230 229 228 228 228 228 227 227 228 226 225 225 225 234 247 253 253 243 225 226 220 221 229
243 246 248 250 251 252 254 254 254 255 255 245 242 241 240 239 239 238 237 236 239 239 231 235 239 239 237 239 241 240 236 235 237 239 240 241 242 238 240 241 241 243 242 240 239 237 237 236 235 238 240 238 236 236 237 235 235 234 233 231 232 234 235 233 233 233 231 230 230 230 229 231 230 230 230 230 229 229 229 229 228 229 227 224 231 247 248 253 248 230 228 225 222 237
242 243 246 249 251 252 253 253 254 255 249 242 241 241 239 238 238 237 235 235 237 235 233 233 236 238 237 239 240 239 236 236 237 238 238 239 242 241 238 239 240 242 242 241 239 237 236 236 237 238 239 238 237 237 237 237 236 235 233 232 229 232 235 234 234 232 230 228 230 232 231 231 231 231 231 230 229 230 230 230 230 229 227 220 231 243 243 249 250 246 237 225 215 230
241 244 246 249 252 253 253 253 254 252 245 243 241 241 239 239 238 236 235 236 235 234 233 233 233 235 236 238 239 238 237 236 235 236 237 238 240 242 238 237 239 240 240 240 239 238 236 235 236 237 238 238 238 238 238 238 236 235 234 234 222 232 236 234 232 232 231 229 230 232 232 232 232 232 232 231 229 231 230 231 231 229 228 223 219 239 240 247 248 247 233 218 214 246
240 243 248 250 251 253 253 254 253 246 245 243 242 241 240 240 237 236 236 236 235 234 233 234 233 233 235 236 237 236 236 235 234 235 236 238 239 241 240 237 237 239 238 239 237 237 237 237 236 237 238 238 238 237 238 238 237 236 235 234 225 233 236 235 232 229 230 230 231 233 232 233 233 233 230 229 229 231 232 232 232 230 229 223 223 231 237 243 244 242 239 241 247 255
238 242 247 248 250 252 253 254 252 247 246 244 243 242 242 239 238 237 236 235 234 233 234 234 234 233 233 234 235 235 235 233 233 235 236 237 238 239 240 238 237 237 237 238 238 238 238 238 238 238 238 239 239 238 239 239 237 237 236 235 230 231 237 236 234 229 230 231 232 234 233 234 234 232 230 220 227 231 233 233 233 231 230 226 225 225 234 236 238 237 236 248 251 250
240 243 246 249 251 252 252 254 252 249 248 246 244 244 242 240 239 237 235 233 234 234 235 235 234 233 231 231 234 234 233 232 232 234 235 237 236 237 238 239 238 238 238 238 237 238 238 237 238 238 238 237 239 239 239 237 237 237 235 235 234 236 236 233 233 229 229 232 233 234 234 234 234 233 232 227 228 231 233 234 233 232 231 230 228 226 230 231 225 237 246 253 254 258
238 242 246 249 250 250 252 253 254 253 249 248 248 243 240 238 237 236 234 235 236 235 236 235 234 233 231 231 232 231 231 231 232 234 235 236 235 236 237 238 238 238 238 237 237 237 236 236 237 237 236 236 237 238 239 239 238 236 234 232 236 236 234 229 229 229 229 232 233 235 235 235 235 235 234 233 233 233 233 235 234 233 232 230 229 228 226 224 223 237 248 253 257 260
238 240 244 247 249 249 250 252 253 253 250 252 248 242 240 239 238 238 237 237 237 238 236 234 234 233 233 232 231 231 231 232 231 233 234 234 235 235 236 236 238 238 237 236 236 236 236 236 236 237 236 235 236 237 238 238 239 237 235 234 236 235 232 225 227 231 228 231 233 235 235 236 236 236 236 235 235 234 235 235 235 233 232 230 229 227 226 224 221 233 246 252 253 256
240 240 244 246 249 250 251 252 252 253 253 250 247 243 241 241 240 239 238 238 239 237 236 234 235 234 234 232 231 232 231 232 231 231 232 233 234 234 235 235 237 237 238 237 236 236 235 235 235 236 236 235 235 236 236 237 239 238 236 236 225 223 226 218 232 229 227 229 233 235 236 236 236 237 237 236 236 235 235 236 235 234 232 230 228 227 224 222 222 238 246 249 251 254
240 242 243 245 247 247 248 250 251 253 252 250 247 244 244 243 242 241 240 239 238 237 236 235 236 234 232 232 231 232 232 232 232 232 232 232 233 233 235 236 236 237 238 238 237 237 237 236 235 235 236 236 236 235 235 236 237 238 236 237 232 228 230 227 234 231 221 218 232 234 236 236 237 237 237 237 237 236 236 236 235 234 233 231 229 227 225 222 220 227 243 246 244 252
239 240 241 243 243 242 247 249 252 252 251 251 248 245 243 242 239 238 240 239 239 238 236 237 236 234 232 230 231 231 232 233 233 232 231 232 233 233 235 235 235 235 236 238 238 238 237 236 236 236 236 237 237 236 236 236 237 238 238 238 237 236 234 233 232 229 221 222 230 233 236 237 237 237 238 237 237 237 237 237 236 235 234 232 229 227 224 221 209 210 234 238 239 247
237 237 239 240 239 241 245 248 249 251 251 247 245 244 243 241 239 238 238 238 237 237 237 238 237 235 233 230 231 231 232 233 233 233 232 233 233 233 234 234 234 235 236 237 236 238 238 237 237 236 237 237 236 236 236 236 237 237 238 237 232 237 237 237 237 236 232 224 223 232 235 237 238 238 237 238 237 237 238 237 237 236 234 232 229 226 223 208 179 175 208 231 240 242
230 235 237 237 237 241 246 249 248 248 251 249 248 245 244 242 241 241 239 238 238 237 238 239 237 237 236 232 231 232 233 232 233 234 233 234 234 233 233 232 233 234 236 236 235 236 237 238 237 237 237 237 237 236 237 236 236 236 237 237 233 231 235 236 238 238 237 235 222 230 236 237 238 238 238 237 237 238 237 237 236 235 233 231 229 225 221 202 165 151 186 224 241 244
229 234 234 234 236 242 245 246 248 248 251 253 249 248 245 245 244 242 240 241 241 238 239 238 238 238 236 234 231 231 233 233 234 234 233 234 233 232 233 233 232 234 235 235 235 233 236 237 237 238 238 237 237 237 237 236 236 236 236 236 236 234 237 237 238 239 238 237 236 236 237 237 238 238 237 237 237 237 236 236 236 236 233 230 227 224 221 211 183 179 200 213 233 237
223 231 229 231 236 241 244 246 248 250 253 252 251 250 249 246 242 240 241 243 241 239 239 240 240 237 236 234 231 232 232 232 233 234 234 235 234 234 233 232 233 233 233 234 234 233 234 236 237 237 238 238 237 236 236 236 237 237 237 237 237 238 238 238 239 239 238 237 237 238 238 238 238 237 237 237 237 236 235 234 235 234 233 230 227 224 221 217 206 199 206 212 221 224
220 222 222 232 237 240 242 247 250 251 252 252 252 251 249 246 243 242 244 245 242 240 241 240 239 238 237 235 232 232 233 233 234 234 234 234 234 233 232 233 234 234 233 233 233 232 232 234 235 236 237 238 238 237 236 237 238 238 238 238 238 239 238 239 239 239 238 238 238 238 238 238 237 237 237 237 236 235 235 233 232 231 230 229 226 223 220 219 216 212 211 212 214 211
211 209 218 234 236 238 241 250 252 253 253 251 250 250 249 247 244 246 247 245 243 242 239 239 238 236 236 234 232 232 233 234 234 235 234 233 233 233 233 234 234 234 234 233 232 230 230 232 234 235 236 236 238 238 237 238 238 239 239 239 240 239 240 239 239 239 238 239 238 238 238 237 237 237 237 236 236 235 234 233 232 231 228 227 225 223 221 219 218 216 214 213 210 205
206 206 223 233 235 238 245 253 253 253 251 250 252 251 250 246 247 248 244 241 240 240 240 239 237 237 235 235 233 232 233 234 234 234 234 233 234 234 234 235 235 235 234 234 233 231 231 232 234 234 234 235 236 237 238 238 239 238 238 239 239 240 239 239 239 238 238 238 238 238 237 237 237 236 236 235 235 234 233 232 232 230 227 225 223 221 220 219 218 217 215 212 209 203
205 211 224 232 234 238 250 254 253 253 252 254 253 254 253 250 249 247 244 241 239 238 237 239 238 238 237 236 233 233 233 234 234 234 233 233 234 235 235 235 234 233 233 233 233 232 232 231 232 233 233 233 235 236 236 238 238 239 238 238 239 240 239 239 238 238 238 239 239 238 237 237 237 236 236 235 233 232 231 230 229 228 226 226 224 220 217 217 217 215 214 212 211 206
207 212 225 232 234 242 253 254 254 254 254 252 250 250 250 247 246 245 244 241 240 238 237 237 238 237 237 236 235 233 234 234 234 233 233 234 235 235 234 235 234 234 232 232 232 232 232 233 233 233 232 232 232 235 236 236 238 239 239 239 239 239 239 239 238 237 238 239 238 238 237 237 236 235 234 233 232 231 228 227 227 227 227 226 223 220 216 214 214 215 215 214 212 209
211 218 231 233 237 250 255 254 254 253 252 250 248 248 248 248 247 245 243 239 238 237 236 236 236 236 235 236 234 233 234 234 233 233 234 235 235 235 234 234 234 233 233 232 231 231 232 234 234 235 234 233 232 233 234 236 237 237 238 239 239 238 239 239 237 237 239 239 238 239 238 237 236 235 234 232 231 230 226 218 225 227 228 226 224 221 217 212 214 216 216 215 213 212
209 212 229 234 245 255 256 255 254 253 252 251 249 250 250 248 247 246 242 239 236 233 233 234 234 233 233 234 233 233 234 233 233 234 234 235 235 234 234 234 233 233 233 232 232 232 233 235 236 235 234 234 233 232 232 233 236 236 237 237 239 239 238 238 237 238 238 239 239 239 238 237 236 235 233 230 229 225 226 224 226 227 227 226 224 222 219 214 214 216 217 217 215 213
210 222 223 246 254 255 256 255 255 254 252 251 251 251 249 250 249 248 241 238 235 232 230 230 229 230 231 232 232 233 234 234 234 234 235 235 235 235 235 234 233 234 234 233 233 234 235 235 236 235 236 235 233 234 235 233 234 236 235 236 238 238 237 236 237 237 237 239 239 238 236 236 236 235 234 224 226 222 211 207 224 228 227 227 225 223 220 217 213 216 218 218 216 216
235 226 233 253 254 255 255 255 255 254 253 253 253 251 251 250 249 244 239 237 236 234 230 229 228 230 231 231 231 232 233 235 234 235 234 234 234 234 234 234 234 235 234 234 233 235 236 236 237 237 237 235 234 234 236 237 236 235 235 236 236 237 237 236 236 236 237 239 239 238 237 237 236 235 234 232 229 195 183 215 224 228 228 227 226 224 221 218 213 215 218 220 218 218
239 250 254 254 254 254 255 255 255 255 254 254 253 252 251 245 241 240 238 235 234 231 229 230 229 229 229 230 231 232 233 234 234 234 234 234 234 234 234 234 235 235 235 234 233 234 236 237 237 237 236 235 235 235 237 239 239 238 237 236 236 237 237 237 238 238 238 239 240 238 236 237 236 236 235 233 232 217 214 225 229 229 229 228 227 225 222 219 214 216 218 220 220 219
254 254 255 254 254 255 255 256 256 255 255 254 253 251 245 239 236 238 236 236 233 230 230 229 229 229 229 230 230 232 233 233 234 234 234 235 235 235 235 235 235 234 234 234 234 235 236 237 238 238 236 236 235 235 237 239 240 240 239 237 237 238 239 238 239 239 239 240 240 238 236 237 237 236 235 234 234 232 231 231 231 230 230 228 227 226 223 219 216 216 218 220 221 221
254 255 254 255 255 256 256 256 256 255 254 253 251 244 240 237 236 236 233 233 230 230 231 230 229 230 230 230 229 231 233 234 234 234 234 234 234 234 234 234 234 234 235 235 235 236 237 238 238 238 238 237 237 236 237 239 241 242 241 240 238 240 241 239 240 240 239 239 240 238 237 237 237 235 235 235 234 234 233 233 232 231 230 229 228 227 224 218 216 216 218 219 220 221
255 255 255 255 255 256 255 255 255 254 254 251 243 237 236 234 234 235 234 231 229 230 231 230 230 232 231 230 231 231 232 234 233 233 234 234 233 234 234 235 235 236 235 236 237 237 238 238 237 238 237 238 238 237 237 239 241 242 241 241 240 240 241 241 240 241 240 240 240 238 237 238 237 236 236 236 235 234 234 233 232 231 230 230 229 227 225 221 213 213 214 217 219 221
255 255 256 255 256 256 255 255 255 253 248 239 237 236 233 231 232 232 230 229 228 229 231 231 231 232 230 231 231 233 233 233 233 233 233 232 233 234 235 235 235 236 237 237 237 238 238 238 238 238 237 236 237 238 239 240 241 243 242 242 241 240 241 242 242 241 241 241 239 238 237 238 237 236 236 236 235 234 234 233 232 232 232 230 229 227 222 220 210 193 181 210 218 220
255 255 255 255 256 256 256 255 252 241 237 235 234 234 231 230 231 230 229 229 229 230 230 231 232 231 231 231 232 233 233 233 232 232 232 232 233 234 235 235 235 236 236 237 237 238 238 238 238 238 238 237 238 239 241 240 242 243 243 243 242 241 240 242 242 242 242 241 240 238 236 237 238 236 236 236 235 235 234 233 233 233 232 231 230 223 208 198 191 163 169 206 217 220
255 255 256 256 256 256 256 251 239 235 233 233 231 231 230 230 229 229 230 229 230 229 230 231 232 232 232 233 232 231 231 231 232 233 233 233 233 234 234 235 235 236 236 236 237 237 238 238 238 238 238 239 240 240 241 241 242 244 244 243 242 241 240 241 242 242 242 241 240 239 237 238 238 236 236 236 235 234 234 234 233 232 231 230 229 226 214 175 166 189 202 213 218 220
256 256 256 256 256 256 252 238 235 232 230 231 230 231 229 229 227 229 230 230 229 230 230 231 232 232 232 231 229 229 227 228 232 233 233 233 233 234 234 235 235 235 236 236 236 236 238 238 238 238 239 240 240 241 241 242 243 243 243 243 243 241 241 242 242 242 242 241 240 238 237 238 238 236 236 236 235 235 234 234 233 232 231 230 229 226 213 186 173 200 211 216 218 219
255 256 256 256 256 249 235 232 232 231 231 230 229 230 230 228 228 228 231 230 230 230 231 231 232 232 232 232 232 231 228 230 233 233 234 233 234 234 234 235 235 235 235 235 235 237 237 238 239 239 239 240 241 241 242 243 243 244 244 243 243 242 242 242 243 242 242 241 240 239 238 238 237 236 236 236 235 235 234 234 233 232 231 230 228 225 219 213 207 213 216 217 218 219
255 256 256 255 246 233 230 230 230 228 229 230 229 229 229 227 225 227 230 230 230 230 231 232 232 232 232 232 232 233 233 233 233 233 233 234 234 234 234 234 234 234 235 235 236 236 236 237 239 240 240 241 241 242 242 242 243 243 244 244 242 241 242 242 243 242 241 240 240 239 238 238 237 237 236 236 235 235 234 233 232 231 230 229 227 225 224 222 220 219 219 217 216 216
255 256 254 240 232 230 230 231 230 229 228 229 228 228 226 227 230 230 231 230 231 231 232 232 232 232 232 231 232 232 232 233 233 233 233 233 234 234 234 233 234 235 235 235 236 236 237 237 239 239 240 241 241 239 241 242 243 243 243 243 241 241 242 242 242 241 240 239 239 239 238 237 237 236 236 235 235 234 233 233 232 231 230 230 228 227 226 224 223 220 217 215 214 214
255 249 235 231 231 230 229 228 221 224 224 226 228 228 228 229 230 231 231 231 231 230 232 232 232 232 231 231 231 231 232 232 232 232 233 233 233 233 233 233 234 235 235 235 236 236 237 238 239 239 240 240 241 239 241 242 241 241 241 241 240 242 242 242 242 241 239 237 237 238 237 235 235 236 236 235 234 234 233 233 232 231 230 229 228 227 226 225 223 221 217 214 210 209
