data/bclim11.asc
NCOLS 210 
NROWS 174 
XLLCORNER 27.125 
YLLCORNER -2.20833333333333 
CELLSIZE 0.0416666666666667 
NODATA_value -32768 
[rows 126 to 167 of 174, columns 94 to 187 of 210]
204 204 203 203 202 202 204 203 204 205 206 207 208 206 205 207 207 205 205 208 210 210 208 210 209 208 208 209 209 208 208 208 208 208 207 208 208 208 208 208 208 209 209 209 209 210 210 210 210 211 211 211 212 212 213 214 213 214 215 214 215 216 215 216 216 216 217 217 217 217 218 217 217 218 217 217 217 216 216 217 218 218 218 218 219 219 219 220 220 221 221 222 221 221
203 203 202 199 201 202 203 202 202 204 205 207 206 206 205 206 207 205 206 209 210 210 208 210 209 208 207 209 209 208 208 208 208 208 208 208 208 208 208 208 208 209 209 209 209 210 210 210 210 212 211 212 213 212 213 214 214 214 214 215 215 216 215 216 216 216 217 216 217 217 218 217 218 217 217 217 218 216 215 214 217 218 218 219 218 218 219 220 219 220 220 220 221 221
202 202 198 198 203 201 201 202 203 204 205 206 206 206 205 205 207 206 206 209 210 209 208 209 209 209 207 208 206 206 207 208 208 208 209 209 208 208 208 208 209 209 209 209 210 210 211 210 211 212 211 212 213 212 213 213 214 214 214 215 215 215 215 216 216 216 217 216 217 218 218 217 218 217 217 218 218 216 214 215 218 218 218 218 218 218 218 218 219 219 220 219 219 218
201 202 199 202 202 199 198 200 202 203 204 206 205 206 204 205 206 206 207 209 209 209 209 209 209 209 209 208 208 206 208 208 207 208 207 208 208 209 209 209 209 210 209 209 210 210 211 210 211 212 211 212 213 213 213 213 214 214 215 215 215 216 216 216 216 216 217 216 217 217 217 217 218 218 218 218 217 217 215 217 218 218 215 214 216 218 218 217 217 215 213 208 208 200
200 202 202 202 200 198 201 200 202 201 203 204 205 206 204 205 205 206 207 209 210 209 209 210 210 209 209 208 209 206 207 208 208 208 208 208 209 209 209 210 210 209 209 210 210 211 211 210 211 212 212 212 212 213 213 214 214 214 215 215 215 216 216 216 216 217 217 217 217 217 218 218 218 218 217 216 217 217 217 218 217 217 207 207 214 217 214 211 208 204 203 200 199 195
200 201 202 199 200 201 199 199 201 201 202 202 203 204 204 204 203 205 208 209 209 210 210 209 209 209 209 208 207 206 208 208 209 208 207 207 209 209 209 209 209 209 210 210 210 211 211 211 212 212 213 212 213 213 213 214 214 215 215 216 215 216 216 216 217 217 217 217 217 217 217 214 217 218 217 217 217 217 218 217 217 218 216 215 215 214 211 208 205 205 203 199 196 192
200 201 202 200 199 199 194 195 197 199 201 201 203 202 203 205 206 206 208 209 210 210 209 209 209 209 209 207 209 208 207 209 209 209 207 209 209 209 209 209 209 210 210 210 210 211 211 211 212 212 213 213 213 214 214 214 214 215 215 216 216 216 216 216 217 217 217 218 217 218 215 207 215 217 218 213 206 215 217 217 216 217 217 217 215 213 210 206 200 201 199 194 192 189
200 200 201 199 196 195 196 196 197 198 200 200 202 202 203 205 206 207 208 209 210 209 209 209 209 208 208 209 209 209 208 208 209 209 209 209 209 209 210 210 210 210 211 210 211 211 211 212 212 212 213 213 213 214 214 214 215 215 215 216 216 216 216 216 217 217 218 217 217 218 217 217 218 217 218 210 200 214 215 212 215 217 216 212 211 209 208 205 200 195 187 185 179 176
198 200 198 197 196 197 198 195 195 197 200 201 203 203 203 204 206 207 208 208 208 208 209 208 209 208 209 209 208 209 209 208 209 210 209 209 209 210 210 210 210 211 210 210 211 211 212 212 212 212 213 213 214 214 214 214 215 215 215 216 216 216 216 217 217 217 218 217 218 218 217 218 217 214 208 213 206 214 215 208 214 213 212 208 208 204 202 201 195 190 184 176 170 168
198 199 193 194 198 197 196 192 192 197 200 201 202 203 204 204 205 206 208 208 208 208 209 208 209 208 209 209 209 209 209 209 209 210 209 209 209 210 210 210 211 210 210 211 211 212 212 213 213 213 213 214 214 214 215 215 215 215 216 216 216 216 217 217 217 217 218 217 218 218 217 218 218 209 186 195 198 213 215 213 208 207 208 206 205 203 197 195 194 189 184 171 167 165
198 197 190 192 197 195 193 195 193 195 199 200 202 203 202 204 205 206 208 208 208 208 209 208 208 209 209 209 209 209 209 209 209 209 209 209 209 210 210 210 210 210 211 211 212 212 213 213 213 213 213 214 214 214 215 215 215 216 216 216 217 217 218 217 217 218 218 217 218 218 218 218 214 189 190 196 208 214 212 205 204 205 205 204 203 202 196 192 190 187 176 170 166 168
198 196 195 193 196 196 194 193 194 194 197 200 201 201 202 204 205 206 207 208 208 207 208 208 208 208 208 209 209 209 209 209 209 209 210 209 210 210 210 210 210 211 211 211 212 212 213 213 213 213 214 214 215 215 215 215 215 216 216 216 217 217 218 217 218 218 218 218 218 218 218 218 214 203 205 209 212 204 200 204 205 205 205 205 204 201 198 193 187 181 175 170 169 170
195 193 192 192 191 193 194 193 193 192 193 199 201 201 203 205 205 206 206 207 208 207 208 208 208 208 208 209 209 209 209 209 209 209 210 209 210 210 211 210 211 211 211 212 212 213 213 213 214 213 214 214 215 215 215 216 216 216 216 217 217 217 218 217 218 218 218 218 219 218 218 218 217 208 208 209 197 200 204 206 207 208 207 205 202 200 192 190 184 176 175 170 167 168
191 193 191 191 188 189 192 191 189 190 196 198 200 202 203 204 205 206 206 207 207 207 208 208 208 208 208 208 209 208 209 209 209 209 210 210 210 210 211 210 211 212 212 212 213 213 214 214 213 214 214 214 215 215 216 216 216 216 217 217 217 218 218 218 219 218 219 219 219 218 218 218 218 213 207 205 204 204 206 207 208 208 207 205 201 196 190 182 184 175 178 174 168 162
188 191 190 191 188 186 189 192 194 195 197 197 200 201 202 204 204 205 205 206 207 206 207 207 207 208 208 208 209 208 209 209 210 210 210 210 210 210 210 211 211 211 212 212 213 214 214 214 214 214 214 215 215 215 216 216 216 217 217 217 217 218 218 218 219 218 219 219 219 219 219 219 219 217 213 211 209 206 207 209 209 205 204 203 201 196 189 185 186 178 174 171 165 159
189 190 193 191 191 187 187 193 194 194 196 197 200 201 202 203 204 204 205 206 206 206 207 207 207 208 207 208 209 208 209 209 209 210 210 210 210 211 211 211 211 212 212 213 213 214 214 214 214 214 215 215 215 216 216 216 217 218 217 217 218 218 218 219 219 218 219 219 219 219 219 219 219 218 217 216 212 209 208 209 208 205 198 201 196 197 194 181 180 178 172 169 165 162
194 193 194 192 188 187 187 192 195 195 197 199 200 201 202 203 202 205 205 206 206 206 207 207 207 208 207 208 209 208 209 209 209 210 210 210 211 211 211 212 211 212 212 213 213 213 214 214 215 215 215 215 216 216 217 217 217 218 217 218 219 218 218 219 218 219 219 219 219 219 219 219 219 219 218 218 216 214 210 209 208 204 197 198 197 194 190 183 179 177 174 168 166 165
196 196 194 192 192 190 192 192 196 197 198 199 199 200 200 202 203 204 205 206 206 206 207 207 207 207 208 209 209 208 209 209 210 210 210 210 211 211 211 212 212 212 212 213 213 213 214 215 214 215 215 215 216 216 217 217 217 217 218 218 218 218 219 220 219 219 219 220 220 219 220 220 219 219 219 218 217 214 211 207 205 203 199 197 197 194 187 178 175 176 172 170 162 167
198 196 194 194 194 192 195 196 196 198 199 199 200 201 202 202 203 204 205 205 206 206 207 206 207 207 208 209 209 209 209 209 210 210 210 210 211 211 212 212 212 213 213 213 213 214 214 215 215 215 216 216 216 216 217 218 217 218 218 218 218 219 220 219 219 220 220 220 220 219 220 220 220 219 218 217 217 215 212 207 199 198 198 197 196 194 191 185 174 174 171 175 167 173
199 198 196 197 196 195 197 197 198 199 199 200 198 201 202 203 203 205 209 205 205 206 207 207 207 207 208 208 208 208 209 209 210 210 210 210 211 211 211 212 212 212 213 213 214 214 214 214 215 215 216 216 216 217 217 218 218 218 218 219 219 219 220 219 220 220 220 220 220 219 220 220 220 219 218 215 216 214 211 208 205 201 195 193 196 194 191 184 176 172 177 180 174 176
199 198 197 199 197 198 199 199 199 200 200 200 200 202 203 203 201 202 205 204 206 206 206 207 207 207 208 208 208 208 209 210 210 211 210 211 211 211 211 212 212 213 213 213 214 214 214 214 215 216 216 217 217 217 217 218 218 218 219 219 219 220 220 220 220 221 221 221 221 220 220 221 220 218 216 213 213 212 207 206 205 202 198 192 193 194 190 185 171 173 183 181 177 177
200 201 201 200 198 200 200 200 199 200 201 201 202 203 202 202 203 204 203 203 206 206 207 206 207 208 208 208 208 209 209 210 210 210 210 211 211 211 212 212 212 213 213 214 214 214 214 215 215 216 216 217 217 217 217 218 218 219 219 219 220 220 220 220 221 221 221 221 220 221 220 220 219 216 214 211 210 208 207 204 203 202 202 199 197 195 194 187 179 178 186 183 179 178
200 203 202 201 201 201 201 201 199 201 201 202 203 203 200 203 204 202 204 202 206 206 207 207 207 207 208 208 208 209 210 210 210 210 210 211 211 211 212 212 213 213 213 214 215 214 214 215 216 216 217 217 217 218 218 218 218 219 219 219 220 220 221 221 221 221 221 221 221 221 220 219 216 214 213 210 207 205 204 205 203 200 199 199 198 197 196 192 185 187 188 184 180 177
204 204 203 203 203 202 202 202 202 202 203 203 203 204 201 203 203 201 203 202 206 206 207 207 207 208 208 208 209 209 210 210 210 210 211 211 211 212 212 212 213 214 213 214 214 215 215 216 216 216 217 217 218 218 218 218 219 219 219 220 220 220 221 221 221 222 221 221 221 221 220 218 215 208 208 206 206 203 202 199 200 197 194 197 195 196 197 194 191 188 184 182 179 176
203 202 203 204 204 203 203 203 203 203 203 204 204 204 200 202 202 203 201 202 206 206 207 207 207 208 208 209 209 209 210 210 210 211 211 211 212 212 212 213 213 213 214 214 215 214 215 216 216 217 217 217 218 218 218 219 219 219 219 220 220 221 221 221 221 222 222 222 220 219 219 215 211 209 209 208 208 203 201 199 197 193 190 194 192 193 192 194 192 189 185 176 173 173
193 203 203 204 204 204 204 204 203 204 204 204 204 204 201 202 202 200 198 203 207 207 207 207 208 208 209 209 209 210 210 210 211 211 211 211 212 212 212 213 213 214 214 214 215 215 216 216 216 217 217 218 218 218 219 219 220 219 220 220 220 221 222 221 222 222 222 222 220 220 218 215 212 211 213 213 213 209 207 203 201 194 190 189 187 188 189 188 188 188 184 176 169 169
189 193 204 205 204 205 205 204 203 204 205 205 205 205 205 205 202 200 202 205 207 206 207 207 208 208 209 209 210 210 210 211 211 211 211 212 212 212 213 213 214 214 214 215 215 216 216 216 217 217 217 218 218 218 219 220 219 220 221 221 221 222 222 222 223 222 222 222 222 222 219 213 214 217 217 216 213 210 208 204 201 198 194 191 184 182 184 181 183 182 181 172 168 173
192 187 201 204 204 205 203 202 203 205 205 205 206 205 202 205 203 197 203 207 207 207 207 207 208 208 209 209 210 210 210 211 211 211 212 212 212 213 213 213 214 214 214 215 215 216 216 216 217 217 218 218 218 219 219 219 219 221 221 221 221 222 222 223 222 222 222 219 217 221 222 221 220 216 216 213 211 208 207 203 197 191 190 192 187 180 179 178 178 177 175 174 183 188
196 192 193 206 203 205 203 202 203 205 205 205 206 205 201 205 203 200 204 207 207 207 207 208 208 209 209 210 210 210 211 211 211 212 212 212 213 213 213 214 214 214 215 215 216 216 216 217 217 217 218 218 218 219 219 219 220 221 220 221 222 222 222 223 222 223 223 222 220 221 222 221 221 220 219 216 212 209 202 194 192 199 203 195 193 183 179 176 174 172 183 190 189 189
192 191 190 206 205 205 202 202 204 205 205 204 206 204 205 205 202 200 205 207 207 207 208 208 208 209 209 210 210 211 211 211 212 212 212 213 213 213 214 214 214 215 215 215 216 216 217 217 216 217 218 218 218 219 219 219 221 220 221 222 221 222 223 222 223 223 222 223 221 221 216 218 217 217 218 216 214 214 212 213 215 214 211 206 202 196 190 182 183 190 194 192 192 189
195 193 190 206 204 203 202 203 204 205 203 206 207 203 201 204 200 206 207 207 208 208 208 208 209 209 209 210 210 211 211 212 212 213 213 213 213 214 214 214 215 215 215 216 216 216 217 217 217 218 218 218 219 219 219 220 220 220 221 221 222 222 223 223 223 223 224 223 222 221 216 212 212 214 217 217 219 219 218 218 216 216 213 210 204 195 195 197 199 197 197 196 195 191
191 195 191 207 201 202 202 202 204 206 203 206 203 202 206 206 204 208 207 207 208 208 209 209 209 209 210 210 210 211 211 211 212 212 213 213 213 214 214 214 215 215 215 216 216 216 217 217 218 218 218 218 219 219 219 220 220 220 221 221 222 222 223 223 221 219 223 223 223 222 219 221 221 221 221 220 219 219 218 217 217 215 214 214 212 206 202 202 200 199 198 197 195 193
191 193 191 207 202 202 204 205 205 206 206 207 200 202 201 204 203 208 208 208 208 209 209 209 209 210 210 210 210 211 211 212 212 213 213 213 214 214 214 215 215 215 216 216 216 217 217 217 218 218 218 219 219 219 219 220 220 221 221 221 222 222 222 222 216 214 218 220 219 221 218 217 220 221 221 220 219 219 218 217 215 211 207 209 211 207 204 203 202 199 199 198 197 194
194 195 191 207 205 204 203 204 205 207 207 204 202 191 196 204 201 208 209 209 208 209 210 210 210 210 210 211 211 211 212 212 212 213 213 213 214 214 214 215 215 216 216 216 217 217 217 217 218 218 218 219 219 219 220 220 220 221 221 222 222 222 223 222 219 217 217 216 217 219 217 215 219 220 221 220 219 218 217 214 208 201 206 210 209 209 205 201 198 198 197 196 193 192
199 194 192 206 208 206 205 203 206 207 206 201 199 193 195 204 204 209 209 208 207 210 210 210 211 211 211 211 212 212 212 212 213 213 213 214 214 215 215 215 215 215 216 216 216 216 218 217 218 218 218 219 219 219 220 220 220 221 221 221 222 222 223 223 222 221 218 214 211 214 213 217 218 219 219 214 217 217 213 209 199 197 206 208 198 204 203 197 193 193 195 192 189 190
199 189 194 207 209 207 203 204 207 207 204 202 192 195 203 204 207 209 210 209 210 210 210 210 211 211 211 212 212 213 213 212 213 213 214 214 214 215 215 215 215 216 216 216 217 217 217 217 218 218 218 219 219 219 220 220 220 221 221 221 221 221 221 222 222 221 218 216 213 209 207 209 214 214 215 212 214 214 211 205 197 195 206 206 193 201 201 194 190 191 193 188 184 187
198 194 191 208 207 206 205 206 207 207 200 199 190 193 201 204 206 210 210 210 210 211 211 211 211 211 212 212 213 213 213 213 214 214 214 214 215 215 215 215 216 216 216 216 217 217 217 217 218 218 218 219 219 219 220 219 220 220 221 221 222 221 220 220 220 218 218 217 211 204 203 202 204 206 212 212 210 209 204 205 205 204 207 203 195 198 198 195 191 189 189 186 181 184
199 192 191 207 206 203 203 207 207 206 197 198 191 194 207 203 210 211 211 211 211 211 211 211 211 211 212 212 213 213 213 214 214 214 215 215 215 215 216 216 216 216 217 217 217 217 217 218 219 218 219 219 219 220 220 220 220 221 221 221 221 221 222 221 219 217 217 215 210 207 205 208 205 209 211 206 208 210 209 208 206 207 206 204 202 197 194 194 191 187 185 183 182 183
200 191 191 209 209 208 204 207 207 202 198 195 193 200 206 203 211 211 211 211 211 212 212 212 212 212 212 212 213 213 213 214 214 214 215 215 215 216 216 216 216 216 217 217 217 217 217 217 216 218 219 219 219 219 220 220 219 221 221 221 220 216 217 220 221 219 217 215 213 212 211 210 208 206 206 206 211 211 208 204 199 204 205 203 200 196 191 190 188 187 184 182 186 185
200 192 195 210 211 206 204 206 207 200 199 198 192 206 206 205 211 212 212 212 212 212 212 212 213 213 213 213 214 214 214 214 214 214 214 215 216 216 215 216 216 217 217 217 217 217 218 217 216 218 218 219 219 219 220 216 215 219 220 219 219 217 213 213 217 219 214 213 206 210 209 209 208 207 204 207 211 210 205 205 198 204 203 201 200 196 191 190 189 186 187 187 188 187
198 191 200 212 209 201 206 205 207 204 198 204 206 208 204 208 212 212 212 212 212 212 212 212 213 213 213 213 214 214 214 215 215 214 215 216 216 216 216 216 217 217 217 217 217 217 218 218 219 219 218 219 219 220 219 215 217 220 219 219 220 219 219 217 213 215 217 218 215 211 210 208 205 203 206 209 210 212 210 206 202 201 202 202 201 195 192 193 191 189 191 190 191 190
195 194 205 211 207 202 208 208 209 204 197 199 205 207 207 212 212 212 212 213 213 213 213 213 213 214 214 214 214 214 215 215 215 215 216 216 216 216 216 217 217 217 217 217 217 218 219 218 218 218 218 219 220 220 214 219 220 221 221 220 219 218 218 217 216 215 214 216 217 215 212 208 205 203 204 213 212 213 213 209 202 196 200 205 203 194 195 196 196 194 195 194 193 191
