data/bclim18.asc
NCOLS 210 
NROWS 174 
XLLCORNER 27.125 
YLLCORNER -2.20833333333333 
CELLSIZE 0.0416666666666667 
NODATA_value -32768 
[rows 84 to 125 of 174, columns 94 to 187 of 210]
139 168 174 177 179 181 183 190 194 196 196 196 196 196 195 194 193 191 190 186 184 184 181 180 181 183 185 188 190 191 189 186 182 179 176 174 171 169 169 167 166 165 164 164 164 165 165 167 167 169 170 171 173 174 174 176 177 180 181 181 178 174 171 170 169 169 167 162 157 156 157 157 156 156 155 154 155 153 153 152 152 150 150 149 148 145 141 137 132 128 124 217 210 205
171 181 182 188 190 191 193 199 198 200 197 196 195 195 193 192 191 189 187 185 184 183 182 182 184 186 188 192 197 197 192 187 183 179 176 173 171 169 168 167 166 165 164 164 163 164 165 167 169 170 173 176 179 180 181 181 182 181 182 184 178 174 174 174 174 175 174 166 160 157 159 161 161 160 159 157 157 156 156 154 154 154 157 153 151 148 144 139 135 131 126 219 212 205
183 189 192 199 201 199 200 203 203 201 198 197 194 193 191 190 188 187 186 185 183 183 183 183 185 187 190 193 197 197 192 187 182 178 175 172 171 169 169 167 165 166 164 163 162 163 165 167 170 172 175 179 183 185 184 183 183 184 183 182 178 175 177 178 179 180 177 172 168 164 164 164 165 164 163 161 159 160 158 157 163 166 167 163 156 150 145 142 137 133 129 224 215 207
185 192 195 201 203 201 204 206 204 200 198 194 192 191 189 188 186 186 184 184 184 183 183 185 185 187 189 191 194 193 189 185 181 177 173 171 171 169 169 168 166 166 164 164 161 163 164 167 171 175 178 181 183 186 186 185 185 185 184 184 182 182 181 183 184 183 182 181 175 171 169 170 169 168 166 164 163 162 160 165 182 187 183 178 178 170 146 143 140 136 235 228 219 214
187 192 192 196 199 203 204 203 201 199 196 192 190 187 187 185 184 184 183 183 183 183 183 185 185 186 188 189 189 189 186 182 177 175 173 173 171 171 169 168 168 167 165 165 164 163 163 168 173 177 179 182 184 185 185 186 186 186 186 186 186 186 187 187 188 189 189 186 180 177 176 177 174 171 169 167 166 164 167 176 204 203 200 200 202 188 160 143 139 243 234 233 226 222
186 190 189 192 199 199 201 199 197 194 191 190 188 186 184 183 182 182 182 181 182 182 183 183 185 185 186 187 187 186 184 181 176 173 173 172 172 171 170 170 170 169 169 168 166 166 167 172 176 181 183 184 184 185 185 186 187 187 188 189 191 191 192 192 193 194 193 192 187 185 183 182 177 175 172 170 167 167 171 186 215 212 213 214 214 204 184 178 141 240 239 238 233 232
188 191 189 192 195 198 195 196 193 190 190 188 185 183 182 182 181 181 180 181 180 181 182 183 184 184 184 186 184 184 181 179 175 173 174 173 174 173 172 173 173 173 172 171 171 173 175 178 182 185 187 187 185 185 185 187 188 188 191 192 194 194 195 196 195 195 196 195 191 189 185 182 177 174 172 171 171 171 179 220 224 219 225 226 225 215 190 166 268 243 236 233 232 233
188 191 189 191 190 193 192 190 190 189 186 185 182 181 179 179 179 179 180 180 180 181 181 182 184 184 184 184 183 182 180 179 177 174 174 175 175 175 175 175 176 177 177 176 178 179 182 186 190 191 192 190 188 187 186 188 189 190 192 194 195 198 199 199 199 197 194 194 191 189 185 181 178 175 175 174 174 173 185 220 227 229 233 240 239 223 207 178 293 260 239 235 233 234
184 186 184 186 188 188 188 188 187 186 184 181 179 178 177 176 177 177 178 178 179 181 181 182 183 183 183 183 183 181 180 179 178 176 176 177 177 179 180 179 181 181 183 183 184 186 189 192 196 198 197 194 191 191 189 190 191 193 195 197 199 201 201 201 200 198 196 193 191 187 185 181 178 176 176 177 189 179 180 203 229 231 242 261 266 241 215 349 310 279 248 237 235 236
181 184 186 188 187 188 188 186 184 183 181 179 176 176 175 176 176 177 177 178 179 180 181 181 184 184 184 183 182 182 181 180 179 177 178 180 181 183 183 184 185 186 188 189 191 193 195 197 200 201 201 199 197 194 193 192 193 194 197 199 201 202 203 202 202 200 197 193 190 187 183 182 179 177 179 180 192 197 202 204 221 234 250 278 265 259 234 213 345 305 253 240 240 239
186 185 186 188 187 186 186 185 183 181 180 177 176 174 173 174 175 176 176 177 178 180 181 183 183 184 185 184 183 182 183 181 181 181 181 183 184 187 188 188 191 192 194 196 199 200 201 202 204 205 204 203 200 198 196 194 194 195 198 200 204 204 204 203 202 200 197 195 191 187 184 182 181 180 180 183 194 206 211 245 246 235 258 288 288 271 239 218 348 295 254 243 246 245
186 187 187 188 187 186 189 185 182 181 178 177 174 173 173 173 174 175 176 177 179 180 183 184 184 185 185 185 185 185 185 185 183 184 185 187 188 190 192 193 196 197 200 204 206 206 207 208 208 209 208 207 205 201 197 195 196 197 200 202 205 205 205 204 202 201 197 194 190 188 187 183 182 182 183 188 229 261 247 227 242 242 252 261 262 250 232 368 357 311 260 247 249 252
189 187 187 189 189 188 186 185 184 181 178 176 174 174 173 173 173 174 176 177 179 181 183 185 185 187 187 189 189 187 188 188 188 188 189 191 192 193 195 197 200 202 206 209 212 212 211 211 211 211 210 209 205 203 200 198 198 199 202 205 207 208 208 207 205 202 199 196 192 190 187 184 183 184 187 195 243 257 233 224 233 246 246 245 246 237 229 370 350 312 271 264 266 260
191 188 188 190 193 192 188 187 185 182 178 176 175 174 173 173 173 174 176 177 179 182 184 187 188 190 191 191 191 191 192 192 192 192 194 195 196 198 199 201 204 207 211 214 217 215 213 212 212 212 211 209 205 203 202 200 200 202 205 207 210 210 212 209 207 205 201 197 193 190 188 186 185 189 194 202 217 226 230 235 257 245 242 238 237 231 224 373 355 320 287 292 283 273
191 190 190 194 200 195 192 191 188 182 179 178 175 175 176 177 175 173 176 178 181 184 186 188 190 192 194 194 195 196 196 196 196 198 198 199 201 201 204 206 210 212 215 218 219 217 215 213 211 211 211 207 204 203 201 201 202 204 208 211 212 215 214 213 210 207 204 199 195 191 188 187 187 189 195 205 210 220 231 237 266 251 241 235 230 225 220 372 356 329 305 309 296 282
196 196 191 191 195 194 194 194 192 188 186 181 180 175 175 178 177 176 177 179 183 186 189 191 194 195 198 198 199 201 201 202 203 203 203 204 205 206 209 211 214 216 219 220 221 218 214 213 211 210 208 206 204 203 202 203 203 207 210 212 215 217 217 217 215 211 208 205 199 193 193 191 191 192 197 214 224 231 237 238 267 263 246 238 229 219 210 369 354 339 326 330 308 291
195 198 195 192 192 193 196 195 194 189 188 185 182 178 176 177 177 177 179 181 185 189 192 195 196 200 201 203 204 205 205 208 207 209 209 210 209 211 214 217 218 221 222 225 226 221 216 211 209 206 205 202 202 201 202 203 207 211 212 214 217 220 220 221 220 217 214 212 208 201 199 197 195 195 200 213 220 232 240 241 241 253 263 250 238 228 220 217 410 395 371 343 319 299
204 203 200 197 195 196 198 196 193 189 189 185 182 179 176 176 177 178 179 181 185 190 195 199 201 204 206 208 208 211 211 213 214 215 216 217 216 217 219 221 223 226 227 228 229 226 219 212 208 205 203 203 203 203 204 206 209 213 216 217 217 221 225 226 224 221 221 221 219 212 208 205 206 203 205 217 229 242 248 246 245 246 262 262 257 257 252 250 422 393 369 350 326 305
216 213 208 201 197 197 201 198 198 196 191 187 182 179 178 177 177 179 179 178 180 186 198 204 206 209 211 212 214 215 217 218 220 222 223 223 222 223 225 226 228 231 233 232 234 232 225 220 212 207 203 203 203 204 209 209 210 215 219 220 221 226 227 228 228 228 227 226 224 221 222 215 216 227 232 237 244 254 249 250 250 251 251 256 262 248 238 235 231 391 369 348 328 311
212 211 210 206 202 198 196 196 200 198 194 189 184 180 178 179 178 181 183 182 188 189 193 207 211 213 216 218 219 221 221 224 226 228 230 230 228 229 230 232 234 236 239 238 240 239 234 225 216 213 208 203 206 210 213 212 216 217 222 223 224 226 227 231 234 234 231 230 229 226 226 225 236 250 255 257 259 258 255 257 258 254 257 261 259 251 246 239 232 394 369 350 332 313
205 207 206 206 204 201 201 200 199 198 194 189 185 180 178 177 180 178 185 191 195 198 197 209 217 219 220 223 224 224 226 227 230 230 233 234 232 234 235 237 239 241 245 245 243 243 243 235 224 219 213 207 209 215 219 220 221 222 225 226 228 230 233 234 236 237 236 235 235 237 238 242 252 261 272 274 267 260 258 267 266 258 259 262 264 259 254 248 415 400 377 355 335 318
200 200 202 202 202 203 203 201 200 196 194 190 184 181 177 175 175 179 185 190 193 198 205 213 221 224 227 228 228 229 229 230 232 235 235 234 234 236 238 240 244 247 250 251 248 247 249 240 233 230 360 221 219 230 230 227 225 225 230 231 234 237 239 239 241 241 240 240 240 241 244 247 255 271 287 278 265 261 258 263 262 263 269 271 272 267 261 257 251 412 391 368 345 327
201 199 199 201 199 199 199 200 197 193 192 187 182 180 177 174 173 178 184 190 198 203 213 223 229 230 233 233 232 234 233 233 235 235 233 233 234 237 240 245 246 253 256 258 255 254 252 248 241 378 380 377 231 234 233 233 230 232 235 236 240 244 244 244 247 248 248 246 247 248 252 257 259 267 274 268 267 262 259 263 266 265 268 275 272 271 267 262 262 434 418 386 354 332
196 198 197 196 197 197 197 199 194 190 190 186 182 179 176 174 173 179 187 193 201 210 218 223 228 238 238 237 237 237 235 235 235 234 232 233 235 240 245 248 255 259 261 265 260 265 392 255 250 386 393 387 386 384 242 245 238 239 243 244 247 250 250 252 256 256 253 253 251 255 256 259 264 269 269 271 284 274 268 268 267 267 268 274 275 275 272 267 268 441 429 401 367 331
194 194 194 195 194 193 193 192 190 188 186 183 181 178 176 176 174 181 190 195 204 216 223 222 220 237 243 242 240 239 238 236 235 235 233 234 238 243 248 257 263 268 270 272 267 270 265 395 396 393 395 397 394 393 250 250 250 248 251 254 257 257 258 261 264 264 260 259 256 268 269 269 273 273 272 271 275 270 270 270 269 275 277 276 275 274 275 271 268 265 441 420 373 344
190 190 191 190 190 190 188 188 187 185 185 183 180 178 177 176 179 182 191 201 209 221 232 238 244 248 244 246 240 238 241 241 239 237 236 239 245 250 257 265 275 279 279 275 277 277 274 273 402 400 399 398 399 400 400 259 259 260 262 266 269 271 271 270 273 273 267 265 262 264 269 275 282 283 278 277 278 273 273 274 275 275 274 279 275 270 273 274 275 271 261 436 411 360
187 186 187 187 186 187 186 185 184 183 183 181 180 179 176 179 184 187 196 206 217 227 238 247 248 247 248 249 246 240 244 242 240 240 241 243 251 257 264 274 281 290 288 283 285 289 285 278 407 406 408 405 406 407 411 273 276 274 275 277 282 283 282 281 281 280 274 270 267 265 269 277 286 285 284 281 279 277 277 279 281 282 283 281 276 271 279 282 284 279 269 259 430 394
183 183 183 182 182 183 183 181 182 181 181 180 179 180 180 183 189 193 202 211 221 232 241 253 254 253 247 252 252 252 250 249 246 245 246 250 256 264 272 283 292 300 298 295 297 291 289 286 284 412 411 413 418 421 284 287 292 288 288 293 294 294 289 288 289 286 278 274 270 268 271 279 280 277 278 277 282 286 288 285 286 289 284 278 275 277 289 294 293 292 284 275 450 423
180 180 179 180 179 181 180 180 181 181 182 181 181 182 183 186 191 198 206 215 225 235 245 255 259 259 253 255 252 354 253 256 257 254 254 257 263 271 279 288 304 307 307 307 300 297 292 292 288 414 423 433 436 438 441 441 305 304 304 307 306 302 296 295 291 286 283 281 275 269 277 274 271 270 278 287 293 299 297 297 295 288 282 282 285 290 297 300 305 306 303 294 470 435
177 176 175 177 177 178 179 179 180 181 181 182 183 185 186 190 195 201 209 218 227 237 246 256 365 262 259 258 354 354 352 260 263 263 263 266 270 275 282 292 306 316 317 315 307 301 304 300 295 425 433 441 311 458 319 319 318 318 318 320 315 307 300 294 289 284 281 281 279 273 271 270 267 274 299 306 306 312 311 302 293 286 285 289 295 294 300 306 315 323 322 505 487 463
172 173 173 173 175 176 178 178 181 181 183 184 186 187 189 193 197 204 211 220 229 238 247 257 261 263 362 359 359 357 359 368 272 272 273 277 281 286 292 303 312 321 324 321 316 310 309 308 310 309 448 319 330 336 338 337 334 332 329 326 323 314 304 298 293 288 285 281 274 270 264 262 265 276 300 301 302 305 299 290 287 293 292 292 293 296 302 318 329 334 334 326 312 484
170 169 171 171 174 174 176 178 181 184 184 186 188 190 193 195 199 207 213 221 230 236 245 252 259 361 362 361 365 369 369 385 279 282 284 288 293 298 304 313 323 328 331 328 326 321 322 323 318 321 327 336 347 353 359 355 348 343 339 334 329 319 308 300 295 288 282 278 273 264 259 259 284 289 293 289 294 293 286 290 291 298 304 307 309 315 320 327 343 349 346 335 323 497
167 168 170 170 170 173 176 179 180 185 186 189 191 192 194 197 202 210 217 223 231 238 242 247 252 256 363 366 372 379 387 402 288 292 297 300 306 310 315 322 328 333 336 334 333 334 337 336 336 336 343 352 363 371 374 367 358 350 343 336 328 318 310 302 295 287 279 274 266 260 256 263 271 269 278 276 276 280 286 293 294 302 308 310 315 321 334 338 352 357 349 342 333 320
167 167 168 168 169 172 176 179 183 186 188 191 193 194 196 201 206 212 219 222 227 234 240 243 247 358 367 374 384 398 409 422 435 304 309 313 319 323 328 332 337 342 343 342 345 347 349 348 346 349 356 364 526 379 382 374 365 356 347 338 329 320 311 303 294 286 278 269 262 255 251 251 254 252 251 263 267 269 273 284 297 303 313 317 320 322 330 346 354 358 358 351 345 340
166 166 165 167 168 171 176 179 184 188 192 193 195 198 201 203 206 211 216 219 224 229 232 239 244 249 258 387 399 415 429 443 458 472 322 326 332 336 340 345 348 349 351 352 355 359 357 355 356 361 366 373 379 537 383 376 368 358 350 341 331 321 311 303 293 292 280 267 259 252 246 239 235 232 248 258 265 276 281 289 302 313 317 316 318 329 339 352 365 368 366 362 364 357
165 164 164 164 166 171 175 181 185 191 197 197 199 203 202 204 208 211 216 221 225 227 230 235 240 248 262 400 418 436 450 467 481 493 504 340 345 349 352 356 359 361 362 363 364 363 363 365 367 370 374 379 381 385 381 376 368 360 352 341 332 322 313 302 292 283 273 264 257 248 241 234 228 226 228 232 249 269 285 302 304 312 306 308 321 327 343 358 370 372 368 365 371 360
163 163 162 162 166 170 175 181 188 194 197 202 200 204 204 208 210 213 217 222 225 229 232 237 246 256 271 421 439 456 474 489 504 515 524 354 359 363 366 369 371 371 373 373 373 373 374 375 375 377 380 382 384 384 380 375 368 360 351 342 332 322 312 302 292 281 271 262 254 245 236 229 224 222 220 225 237 256 284 291 297 295 297 306 315 338 356 365 357 349 358 360 360 358
162 162 162 163 166 170 175 180 187 194 200 201 205 208 208 209 214 219 220 225 229 234 238 246 256 270 284 443 314 480 499 515 529 539 545 547 374 378 380 381 383 384 384 384 383 382 383 383 383 384 384 385 385 383 380 374 368 359 350 342 332 322 311 300 290 281 271 260 251 242 233 227 223 220 217 218 222 238 252 264 278 287 297 298 310 319 324 324 344 328 327 344 341 344
163 163 163 163 167 170 175 180 186 193 198 201 206 211 212 211 214 220 224 230 236 244 250 260 272 285 300 316 490 510 525 542 553 380 567 568 391 392 394 394 396 395 395 393 392 391 390 391 390 389 389 388 386 383 379 374 366 359 349 339 330 320 310 299 289 279 269 259 249 240 232 224 217 215 212 218 224 232 250 267 285 289 284 292 297 299 302 311 318 320 312 306 301 294
163 163 163 166 170 171 176 180 185 190 195 200 205 212 214 213 216 224 230 237 246 253 264 275 287 303 320 335 351 366 554 568 396 585 588 407 409 409 408 408 409 408 405 403 401 400 398 397 395 394 392 390 388 384 378 372 365 357 348 338 329 319 309 299 287 278 267 258 248 239 231 223 217 212 212 214 226 236 253 260 265 268 267 272 279 286 289 296 305 310 307 303 300 297
166 166 167 169 172 174 177 180 185 189 194 199 205 213 217 216 219 226 237 245 256 266 278 292 305 321 339 356 373 389 403 413 420 610 612 426 425 425 423 421 419 574 415 412 411 407 405 403 400 399 396 392 389 384 378 372 364 356 348 338 328 318 308 298 287 277 267 258 248 239 231 224 217 214 214 215 218 227 237 243 244 249 253 259 263 270 275 285 294 298 301 300 302 301
170 170 171 173 175 177 179 181 185 188 191 199 207 216 221 224 228 236 245 255 267 280 294 308 323 340 358 377 396 414 428 628 445 637 635 446 443 441 437 434 431 427 424 421 418 415 412 408 405 403 399 394 390 385 379 371 364 355 346 337 327 317 307 296 286 276 266 256 247 239 230 224 218 215 214 214 220 223 228 232 235 240 244 250 254 260 266 274 281 288 291 295 297 298
