data/bclim12.asc
NCOLS 210 
NROWS 174 
XLLCORNER 27.125 
YLLCORNER -2.20833333333333 
CELLSIZE 0.0416666666666667 
NODATA_value -32768 
[rows 76 to 113 of 174, columns 85 to 169 of 210]
1446 1474 1478 1337 1058 898 893 885 875 866 860 850 841 837 833 843 865 894 944 1041 1172 1213 1245 1287 1314 1298 1282 1282 1272 1255 1231 1211 1200 1199 1200 1216 1226 1232 1239 1246 1259 1273 1282 1288 1300 1306 1307 1309 1312 1313 1317 1322 1335 1347 1360 1355 1345 1329 1316 1306 1310 1314 1318 1312 1308 1302 1301 1310 1316 1325 1327 1312 1287 1260 1232 1200 1170 1143 1115 1101 1099 1098 1100 1096 1090
1449 1461 1367 1146 914 898 891 884 877 868 856 851 838 831 822 826 861 936 1125 1193 1240 1266 1285 1327 1336 1320 1318 1292 1266 1241 1216 1196 1184 1180 1191 1204 1215 1222 1233 1246 1257 1270 1281 1288 1294 1301 1304 1306 1308 1315 1320 1327 1338 1347 1354 1353 1342 1330 1314 1304 1301 1305 1310 1308 1306 1304 1305 1313 1323 1336 1342 1332 1301 1266 1236 1203 1170 1142 1118 1104 1101 1100 1104 1100 1099
1486 1274 1003 929 909 902 894 887 879 871 861 853 845 835 827 836 926 1139 1218 1273 1291 1323 1330 1349 1353 1359 1335 1290 1263 1233 1209 1184 1167 1161 1171 1183 1202 1223 1244 1256 1268 1270 1277 1285 1288 1297 1299 1305 1304 1312 1317 1328 1338 1345 1352 1351 1345 1333 1315 1305 1298 1300 1305 1306 1308 1305 1307 1317 1331 1348 1360 1347 1316 1277 1240 1207 1175 1145 1119 1106 1107 1107 1111 1109 1110
1357 1085 925 917 909 905 898 891 882 877 871 864 856 849 848 920 1146 1224 1287 1330 1330 1361 1347 1362 1371 1377 1339 1289 1255 1229 1197 1172 1150 1143 1157 1179 1210 1238 1256 1275 1282 1274 1276 1280 1285 1291 1295 1296 1300 1308 1317 1325 1335 1343 1352 1351 1345 1334 1321 1306 1299 1298 1299 1304 1306 1308 1315 1326 1337 1351 1364 1348 1316 1282 1249 1216 1185 1154 1129 1116 1117 1115 1121 1118 1121
1030 940 924 919 914 907 902 896 889 887 880 875 871 866 977 1197 1261 1285 1323 1335 1365 1374 1361 1363 1365 1353 1320 1273 1246 1217 1187 1159 1137 1128 1155 1180 1206 1230 1253 1274 1279 1271 1277 1279 1284 1285 1286 1294 1296 1301 1310 1318 1330 1340 1348 1355 1349 1335 1319 1309 1300 1300 1303 1304 1309 1311 1319 1328 1340 1349 1355 1344 1316 1284 1255 1225 1196 1168 1150 1138 1130 1131 1136 1131 1132
936 933 927 920 916 910 909 904 900 895 894 890 890 1030 1218 1276 1300 1325 1375 1363 1363 1382 1363 1358 1357 1340 1310 1267 1237 1207 1186 1162 1142 1141 1163 1189 1217 1238 1257 1268 1276 1278 1279 1280 1281 1282 1283 1287 1292 1298 1304 1312 1320 1329 1340 1348 1346 1330 1318 1308 1300 1300 1299 1303 1310 1316 1325 1331 1341 1350 1351 1335 1313 1288 1263 1239 1210 1181 1167 1154 1148 1144 1145 1144 1144
938 931 930 923 921 918 916 911 910 906 906 925 1115 1235 1266 1293 1313 1341 1362 1385 1383 1385 1370 1362 1340 1304 1278 1248 1226 1203 1183 1167 1159 1164 1185 1212 1240 1260 1273 1282 1284 1286 1282 1280 1277 1277 1275 1279 1285 1288 1292 1300 1307 1316 1324 1331 1330 1320 1308 1300 1298 1295 1304 1305 1314 1323 1330 1337 1342 1350 1346 1330 1312 1291 1272 1254 1226 1199 1182 1173 1168 1160 1161 1159 1158
938 934 930 927 925 924 921 920 920 923 1000 1201 1258 1274 1294 1312 1344 1396 1391 1400 1388 1364 1349 1333 1314 1281 1258 1237 1216 1202 1192 1178 1177 1188 1207 1231 1261 1287 1300 1302 1299 1293 1285 1279 1273 1272 1269 1269 1274 1275 1279 1286 1292 1299 1306 1309 1310 1303 1299 1292 1288 1290 1301 1305 1313 1331 1343 1346 1349 1351 1338 1325 1312 1297 1281 1267 1248 1223 1206 1195 1189 1183 1172 1167 1168
939 937 933 928 929 928 931 941 944 1049 1236 1274 1298 1312 1327 1339 1377 1395 1392 1374 1359 1339 1332 1309 1293 1268 1246 1230 1209 1200 1196 1190 1193 1208 1235 1258 1286 1312 1325 1322 1311 1298 1284 1276 1268 1263 1261 1262 1263 1264 1268 1271 1275 1281 1285 1287 1289 1286 1283 1281 1280 1281 1287 1294 1310 1329 1353 1358 1359 1355 1342 1326 1314 1302 1296 1286 1265 1244 1226 1215 1206 1195 1184 1183 1177
939 937 937 933 934 935 955 968 1019 1242 1293 1297 1331 1346 1350 1360 1392 1393 1385 1371 1346 1323 1315 1288 1277 1254 1235 1224 1205 1198 1198 1196 1206 1225 1248 1275 1310 1347 1359 1337 1315 1300 1281 1269 1260 1254 1251 1250 1252 1252 1255 1257 1260 1263 1266 1268 1272 1271 1271 1270 1270 1270 1273 1287 1305 1324 1334 1345 1357 1347 1335 1326 1317 1313 1310 1299 1276 1250 1237 1229 1218 1207 1197 1193 1187
941 940 938 938 937 942 982 1014 1211 1294 1324 1340 1364 1379 1366 1366 1381 1387 1370 1362 1325 1303 1285 1272 1262 1241 1231 1216 1204 1199 1199 1206 1214 1229 1250 1284 1312 1347 1362 1335 1312 1290 1273 1260 1250 1245 1240 1242 1241 1240 1244 1244 1245 1245 1246 1251 1256 1259 1260 1260 1260 1260 1264 1276 1291 1305 1319 1329 1335 1334 1328 1325 1325 1322 1322 1304 1286 1267 1246 1238 1230 1220 1208 1201 1193
943 940 942 943 976 1018 1118 1159 1240 1296 1332 1340 1365 1373 1361 1371 1380 1364 1353 1332 1302 1279 1268 1257 1249 1229 1220 1209 1202 1203 1205 1210 1220 1235 1251 1272 1300 1321 1329 1317 1295 1276 1257 1244 1237 1233 1229 1230 1231 1232 1233 1232 1234 1231 1234 1238 1241 1250 1254 1253 1254 1254 1258 1269 1281 1293 1306 1318 1326 1325 1328 1330 1332 1335 1329 1317 1304 1282 1260 1247 1236 1224 1216 1205 1194
944 944 945 945 1161 1204 1227 1226 1257 1298 1327 1327 1341 1352 1363 1362 1362 1337 1330 1299 1272 1259 1247 1237 1227 1214 1211 1204 1203 1206 1209 1212 1222 1236 1249 1262 1278 1292 1296 1289 1273 1253 1240 1230 1226 1224 1221 1221 1222 1222 1223 1224 1224 1223 1223 1225 1238 1246 1250 1251 1251 1249 1252 1259 1271 1283 1297 1309 1318 1326 1331 1336 1338 1339 1338 1333 1318 1292 1270 1252 1238 1224 1210 1205 1198
948 946 955 1101 1227 1233 1223 1254 1260 1288 1308 1310 1323 1345 1341 1342 1331 1307 1289 1268 1260 1249 1237 1223 1214 1206 1206 1199 1199 1200 1205 1213 1221 1233 1245 1254 1262 1267 1268 1262 1252 1233 1222 1216 1214 1214 1212 1213 1214 1217 1218 1221 1220 1219 1220 1225 1237 1251 1258 1256 1251 1247 1248 1251 1264 1277 1289 1304 1315 1325 1333 1339 1344 1350 1347 1342 1328 1301 1278 1255 1237 1222 1214 1209 1200
949 950 1088 1231 1226 1226 1247 1269 1270 1289 1305 1300 1312 1325 1323 1308 1301 1276 1263 1254 1247 1232 1219 1209 1206 1202 1202 1198 1194 1197 1202 1209 1217 1229 1236 1241 1249 1247 1247 1242 1231 1218 1209 1206 1202 1206 1206 1209 1212 1213 1216 1219 1221 1223 1229 1237 1252 1262 1266 1264 1258 1247 1246 1246 1260 1271 1284 1300 1312 1328 1334 1343 1356 1355 1351 1344 1329 1303 1277 1248 1230 1214 1207 1202 1202
952 961 1150 1224 1223 1239 1255 1260 1270 1281 1297 1290 1296 1286 1293 1277 1267 1261 1249 1234 1226 1213 1203 1198 1194 1193 1194 1194 1193 1194 1201 1208 1212 1221 1227 1233 1235 1232 1231 1222 1215 1208 1199 1196 1198 1201 1201 1205 1211 1213 1217 1220 1225 1231 1238 1248 1263 1278 1285 1280 1268 1254 1248 1248 1258 1269 1281 1296 1310 1322 1339 1346 1355 1361 1352 1333 1314 1291 1264 1237 1217 1204 1202 1202 1213
955 1072 1205 1212 1226 1240 1233 1242 1246 1255 1260 1258 1262 1263 1259 1256 1251 1241 1231 1220 1205 1195 1187 1186 1184 1184 1187 1191 1189 1190 1200 1203 1205 1214 1219 1220 1224 1223 1217 1211 1204 1196 1192 1190 1194 1195 1201 1206 1209 1215 1221 1225 1233 1241 1250 1262 1276 1291 1301 1292 1281 1265 1258 1255 1263 1271 1282 1295 1310 1323 1335 1342 1349 1355 1346 1325 1301 1274 1246 1224 1204 1192 1187 1198 1223
1017 1199 1200 1194 1188 1193 1206 1216 1225 1228 1239 1251 1259 1250 1250 1246 1232 1218 1210 1200 1191 1178 1174 1175 1177 1179 1184 1183 1187 1188 1195 1202 1202 1208 1212 1214 1215 1213 1211 1205 1195 1190 1184 1187 1192 1198 1204 1207 1213 1220 1223 1231 1240 1250 1260 1273 1284 1298 1302 1298 1291 1282 1269 1266 1270 1275 1279 1293 1309 1321 1329 1338 1341 1339 1331 1311 1285 1257 1233 1209 1192 1181 1181 1187 1213
1130 1149 1172 1183 1197 1203 1216 1223 1227 1241 1238 1243 1247 1240 1233 1229 1222 1210 1196 1188 1177 1171 1166 1167 1172 1177 1179 1181 1185 1186 1191 1198 1201 1203 1207 1211 1210 1209 1205 1203 1193 1187 1186 1190 1196 1200 1208 1213 1217 1226 1231 1238 1250 1262 1271 1280 1291 1303 1308 1304 1303 1294 1281 1274 1272 1271 1277 1291 1310 1325 1325 1329 1328 1323 1309 1290 1269 1242 1219 1198 1180 1171 1169 1173 1193
1210 1140 1128 1179 1229 1222 1252 1232 1233 1239 1236 1236 1239 1231 1224 1235 1215 1202 1190 1178 1170 1163 1162 1164 1171 1176 1180 1181 1185 1184 1188 1194 1200 1201 1202 1207 1205 1207 1206 1201 1197 1192 1191 1196 1201 1207 1211 1218 1221 1232 1238 1248 1261 1274 1280 1289 1299 1307 1313 1309 1308 1302 1288 1276 1272 1270 1276 1293 1308 1319 1321 1322 1320 1310 1298 1276 1249 1223 1202 1186 1167 1156 1155 1166 1198
1246 1222 1164 1234 1250 1250 1254 1243 1242 1244 1231 1230 1235 1231 1220 1213 1210 1201 1187 1175 1163 1161 1162 1164 1171 1176 1180 1182 1183 1185 1186 1189 1196 1199 1203 1204 1210 1210 1206 1204 1202 1202 1202 1204 1207 1212 1217 1224 1228 1236 1245 1259 1272 1284 1290 1293 1300 1310 1314 1311 1305 1298 1289 1280 1272 1269 1276 1292 1312 1318 1322 1326 1312 1303 1290 1264 1240 1216 1193 1171 1150 1145 1147 1162 1209
1279 1268 1240 1257 1263 1275 1260 1256 1246 1244 1230 1226 1229 1245 1236 1218 1212 1202 1187 1168 1162 1158 1161 1167 1174 1180 1182 1181 1180 1181 1186 1188 1195 1202 1204 1209 1210 1208 1211 1212 1210 1213 1212 1214 1215 1219 1225 1227 1233 1240 1252 1265 1279 1292 1291 1289 1292 1296 1306 1305 1298 1282 1279 1278 1268 1268 1279 1296 1312 1316 1325 1331 1314 1298 1282 1257 1229 1198 1175 1151 1141 1140 1150 1176 1214
1293 1299 1280 1277 1268 1280 1264 1263 1254 1235 1226 1228 1248 1276 1253 1230 1222 1212 1180 1168 1161 1157 1162 1173 1176 1181 1180 1180 1178 1180 1185 1187 1190 1197 1203 1207 1209 1215 1215 1219 1218 1220 1224 1224 1225 1226 1229 1234 1239 1249 1256 1268 1281 1290 1287 1283 1281 1280 1288 1289 1277 1269 1268 1265 1263 1267 1279 1302 1317 1319 1334 1334 1322 1301 1282 1260 1226 1189 1154 1137 1135 1135 1143 1167 1219
1255 1282 1282 1286 1288 1283 1273 1273 1272 1247 1245 1224 1220 1239 1232 1231 1230 1222 1196 1192 1172 1169 1155 1162 1171 1176 1178 1178 1177 1177 1183 1188 1190 1196 1203 1208 1212 1217 1222 1228 1229 1231 1237 1234 1237 1236 1235 1240 1244 1254 1261 1270 1279 1287 1281 1272 1273 1271 1269 1261 1257 1253 1256 1257 1259 1263 1284 1301 1307 1319 1328 1333 1335 1317 1297 1274 1243 1202 1159 1152 1143 1143 1152 1174 1252
1282 1252 1239 1250 1259 1263 1262 1268 1261 1231 1252 1229 1209 1208 1212 1239 1229 1221 1198 1191 1178 1165 1152 1153 1158 1163 1162 1162 1171 1175 1181 1187 1191 1197 1205 1211 1215 1222 1229 1235 1241 1243 1245 1248 1247 1243 1243 1246 1252 1259 1265 1272 1284 1290 1279 1267 1251 1250 1241 1233 1229 1234 1234 1238 1245 1264 1290 1295 1304 1317 1335 1340 1342 1332 1313 1294 1279 1244 1199 1182 1177 1165 1166 1184 1241
1310 1306 1284 1241 1237 1250 1255 1255 1252 1273 1260 1247 1223 1214 1219 1225 1220 1202 1179 1177 1170 1157 1142 1136 1141 1147 1150 1149 1151 1160 1171 1184 1193 1197 1208 1214 1220 1226 1235 1242 1252 1258 1259 1264 1263 1256 1255 1254 1259 1262 1270 1274 1280 1286 1282 1262 1246 1231 1221 1216 1215 1224 1224 1237 1248 1261 1287 1297 1304 1305 1329 1348 1352 1342 1329 1327 1314 1294 1257 1229 1222 1217 1197 1204 1255
1317 1305 1264 1237 1233 1220 1228 1254 1298 1323 1309 1277 1237 1207 1208 1233 1220 1208 1196 1180 1162 1143 1122 1118 1122 1127 1129 1128 1126 1131 1145 1178 1194 1199 1209 1217 1224 1232 1240 1250 1258 1269 1278 1281 1279 1269 1263 1263 1263 1270 1277 1284 1283 1288 1288 1270 1254 1233 1215 1202 1203 1210 1222 1244 1249 1254 1279 1305 1306 1306 1334 1344 1346 1349 1349 1340 1334 1314 1299 1297 1272 1267 1295 1314 1335
1302 1284 1240 1242 1255 1216 1221 1248 1282 1291 1285 1276 1252 1224 1201 1182 1184 1205 1192 1170 1146 1131 1113 1101 1103 1106 1112 1117 1115 1135 1137 1153 1189 1200 1211 1220 1227 1234 1245 1255 1266 1280 1291 1300 1294 1277 1270 1266 1270 1274 1282 1290 1291 1297 1299 1288 1259 1232 1222 1206 1190 1208 1234 1249 1248 1266 1278 1296 1305 1304 1314 1324 1337 1358 1358 1342 1335 1329 1316 1312 1313 1348 1386 1401 1417
1279 1258 1232 1220 1252 1221 1206 1214 1225 1242 1244 1236 1236 1226 1199 1197 1183 1178 1165 1141 1118 1106 1091 1077 1077 1083 1077 1104 1121 1136 1147 1144 1181 1203 1213 1218 1230 1237 1244 1255 1266 1276 1276 1295 1293 1274 1267 1265 1269 1278 1287 1300 1298 1296 1300 1304 1277 1243 1231 1213 1192 1209 1239 1266 1272 1280 1280 1301 1299 1303 1318 1331 1335 1348 1353 1350 1344 1345 1358 1367 1380 1411 1426 1444 1482
1264 1238 1222 1209 1217 1221 1195 1187 1212 1197 1196 1204 1198 1193 1193 1188 1170 1159 1129 1114 1100 1077 1065 1051 1044 1042 1058 1076 1094 1106 1124 1149 1174 1200 1214 1223 1230 1238 1244 1250 1257 1270 1277 1284 1275 1260 1256 1259 1268 1280 1295 1304 1309 1301 1299 1306 1281 1262 1259 1242 1238 1236 1294 1298 1290 1279 1281 1308 1304 1310 1326 1340 1336 1352 1354 1351 1354 1356 1362 1377 1392 1422 1466 1545 1499
1234 1231 1226 1203 1196 1198 1178 1170 1183 1188 1170 1170 1176 1164 1155 1147 1145 1123 1101 1088 1066 1047 1035 1025 1014 1011 1029 1051 1074 1098 1116 1153 1186 1206 1215 1226 1229 1234 1244 1247 1253 1264 1262 1254 1248 1240 1244 1251 1270 1280 1301 1315 1319 1309 1310 1302 1296 1274 1285 1289 1280 1270 1292 1289 1298 1283 1295 1304 1305 1315 1339 1335 1337 1357 1365 1370 1360 1377 1384 1410 1433 1449 1473 1506 1495
1225 1225 1214 1193 1186 1178 1172 1160 1161 1149 1152 1144 1136 1136 1130 1121 1126 1096 1068 1061 1039 1022 1013 1000 990 986 1006 1037 1061 1088 1121 1150 1173 1191 1219 1224 1228 1233 1238 1240 1245 1246 1247 1234 1230 1227 1239 1254 1272 1296 1314 1326 1336 1321 1336 1310 1305 1293 1291 1320 1299 1296 1298 1308 1323 1294 1301 1316 1315 1324 1338 1334 1349 1375 1383 1377 1376 1378 1411 1423 1449 1489 1520 1525 1581
1211 1208 1207 1193 1171 1157 1153 1136 1135 1126 1120 1113 1115 1103 1088 1086 1071 1055 1037 1027 1012 999 988 978 975 966 994 1028 1044 1076 1123 1150 1154 1158 1202 1223 1231 1228 1230 1232 1233 1234 1233 1228 1223 1227 1244 1260 1287 1312 1335 1343 1347 1330 1342 1325 1315 1315 1302 1313 1320 1314 1320 1318 1321 1319 1312 1326 1333 1335 1331 1337 1365 1388 1396 1379 1383 1381 1465 1487 1511 1570 1579 1594 1616
1178 1185 1180 1162 1145 1126 1120 1113 1104 1098 1091 1085 1075 1064 1057 1041 1033 1021 1008 1003 989 975 967 962 954 965 979 1009 1049 1079 1125 1163 1192 1214 1225 1220 1228 1216 1211 1225 1229 1229 1228 1228 1228 1238 1255 1276 1302 1336 1355 1359 1349 1354 1354 1341 1343 1326 1321 1310 1316 1324 1325 1331 1322 1325 1336 1342 1348 1354 1362 1367 1369 1396 1403 1388 1390 1387 1427 1483 1544 1619 1654 1640 1668
1146 1153 1133 1129 1120 1106 1096 1085 1076 1069 1056 1053 1043 1031 1024 1017 1002 993 987 979 967 958 954 942 949 968 977 1013 1051 1088 1127 1168 1202 1211 1214 1220 1225 1222 1205 1219 1214 1213 1216 1227 1234 1248 1268 1290 1321 1348 1377 1377 1366 1374 1393 1376 1348 1346 1334 1345 1312 1319 1321 1342 1347 1366 1355 1357 1351 1368 1377 1376 1382 1399 1404 1387 1385 1390 1399 1457 1539 1627 1649 1675 1682
1114 1108 1092 1087 1086 1070 1064 1057 1046 1031 1024 1018 1005 997 993 988 975 972 963 954 949 943 944 939 945 968 986 1022 1054 1093 1131 1166 1202 1214 1219 1213 1226 1229 1227 1224 1218 1216 1217 1226 1241 1256 1279 1307 1340 1372 1399 1399 1395 1410 1387 1378 1367 1354 1349 1333 1330 1338 1345 1349 1360 1394 1365 1354 1365 1370 1373 1357 1371 1396 1400 1368 1372 1374 1385 1442 1523 1567 1579 1617 1634
1075 1059 1055 1050 1047 1027 1022 1016 1012 1006 993 980 976 968 968 959 953 949 944 939 937 934 934 937 945 963 990 1024 1056 1093 1128 1165 1198 1217 1227 1221 1226 1222 1229 1222 1229 1234 1231 1236 1248 1269 1295 1323 1356 1402 1420 1427 1429 1407 1396 1376 1372 1354 1339 1361 1392 1383 1372 1377 1383 1398 1381 1358 1352 1353 1352 1341 1361 1361 1352 1358 1370 1365 1360 1440 1463 1480 1505 1588 1669
1045 1034 1034 1020 1013 997 993 994 983 975 961 951 945 942 939 937 931 930 927 925 924 925 929 936 948 968 995 1025 1058 1091 1126 1163 1195 1216 1230 1231 1234 1235 1238 1230 1233 1241 1249 1252 1269 1284 1306 1333 1368 1409 1442 1452 1451 1422 1399 1403 1385 1363 1367 1370 1374 1394 1414 1416 1412 1400 1384 1366 1359 1348 1329 1316 1311 1305 1303 1309 1332 1345 1340 1369 1395 1410 1499 1661 1731
