data/bclim4.asc
NCOLS 210 
NROWS 174 
XLLCORNER 27.125 
YLLCORNER -2.20833333333333 
CELLSIZE 0.0416666666666667 
NODATA_value -32768 
[rows 0 to 41 of 174, columns 94 to 187 of 210]
1185 1201 1206 1226 1235 1253 1258 1252 1269 1280 1272 1294 1276 1286 1298 1312 1326 1306 1318 1324 1328 1355 1356 1315 1303 1328 1335 1358 1345 1346 1347 1349 1327 1324 1342 1327 1346 1347 1338 1351 1324 1312 1284 1309 1299 1283 1290 1280 1262 1250 1240 1233 1220 1217 1207 1209 1205 1210 1182 1145 1174 1145 1122 1141 1122 1114 1099 1088 1091 1065 1052 1047 1056 1042 1016 1016 1018 996 975 979 979 946 940 910 904 890 881 897 892 883 874 888 873 858
1191 1191 1207 1233 1233 1249 1251 1269 1260 1271 1274 1299 1291 1309 1307 1348 1332 1336 1331 1330 1348 1335 1324 1327 1339 1346 1353 1367 1349 1338 1358 1349 1368 1364 1367 1377 1369 1331 1332 1316 1326 1324 1314 1316 1296 1287 1287 1278 1269 1269 1265 1245 1224 1243 1214 1202 1198 1193 1169 1149 1160 1158 1150 1139 1123 1113 1108 1094 1095 1081 1074 1061 1055 1044 1034 1019 1010 1018 1004 969 947 938 927 909 901 888 885 908 906 889 888 879 867 836
1195 1200 1218 1225 1245 1263 1250 1250 1264 1281 1274 1285 1296 1290 1328 1319 1313 1331 1337 1331 1330 1319 1328 1350 1355 1333 1312 1348 1352 1355 1373 1388 1388 1368 1354 1357 1360 1324 1344 1339 1324 1300 1305 1289 1307 1286 1282 1273 1249 1272 1249 1228 1222 1236 1242 1177 1210 1198 1152 1178 1160 1131 1138 1138 1123 1100 1096 1100 1077 1091 1087 1060 1042 1049 1031 1019 998 993 978 966 955 945 941 935 922 915 916 884 903 892 876 828 815 838
1214 1222 1207 1223 1222 1239 1239 1265 1272 1284 1289 1302 1301 1327 1334 1307 1346 1326 1338 1316 1311 1329 1344 1375 1348 1360 1354 1365 1370 1358 1371 1366 1376 1353 1332 1332 1357 1340 1352 1337 1333 1313 1299 1298 1297 1267 1267 1278 1281 1261 1270 1263 1224 1233 1241 1210 1206 1177 1178 1181 1149 1153 1155 1138 1126 1121 1087 1100 1091 1106 1093 1068 1057 1021 1018 997 1008 982 963 960 951 944 935 956 936 922 937 915 910 878 871 836 826 835
1218 1222 1213 1213 1227 1222 1241 1249 1265 1289 1311 1311 1311 1312 1310 1316 1306 1332 1315 1314 1322 1335 1380 1372 1365 1368 1349 1334 1357 1381 1366 1342 1350 1349 1341 1345 1346 1340 1357 1333 1318 1331 1302 1323 1278 1298 1262 1266 1269 1254 1259 1241 1223 1249 1233 1218 1186 1189 1190 1178 1183 1159 1150 1131 1137 1131 1111 1123 1119 1093 1080 1071 1067 1033 1027 1030 992 992 993 965 956 967 928 953 947 912 916 904 893 877 844 848 833 837
1218 1214 1214 1214 1226 1241 1236 1261 1278 1281 1281 1311 1304 1301 1321 1315 1322 1337 1314 1339 1349 1350 1348 1357 1355 1332 1365 1367 1367 1341 1348 1374 1358 1392 1367 1361 1334 1349 1371 1345 1324 1349 1339 1306 1278 1289 1279 1305 1254 1242 1257 1249 1232 1234 1228 1218 1214 1190 1181 1178 1170 1169 1158 1156 1136 1142 1129 1123 1100 1098 1094 1086 1073 1040 1020 998 993 993 971 978 978 961 926 945 930 908 920 884 882 872 878 846 857 836
1217 1212 1220 1225 1231 1234 1262 1269 1283 1289 1296 1296 1304 1282 1320 1311 1311 1348 1328 1336 1356 1362 1380 1360 1367 1374 1388 1377 1362 1367 1366 1388 1385 1372 1374 1376 1352 1361 1357 1358 1340 1324 1324 1316 1324 1286 1282 1274 1270 1275 1261 1237 1243 1255 1226 1213 1230 1178 1181 1197 1171 1170 1171 1181 1146 1143 1142 1112 1103 1087 1094 1101 1054 1033 1023 1020 997 988 985 985 960 964 926 938 902 896 908 894 871 876 873 857 862 873
1229 1205 1237 1217 1225 1259 1262 1283 1289 1285 1313 1305 1297 1290 1308 1304 1323 1341 1352 1343 1368 1374 1374 1369 1375 1372 1359 1378 1377 1404 1405 1374 1392 1392 1356 1381 1370 1341 1351 1349 1349 1326 1336 1328 1339 1301 1311 1288 1259 1278 1263 1237 1249 1244 1213 1218 1218 1189 1205 1177 1188 1175 1183 1180 1155 1142 1123 1110 1114 1114 1114 1085 1058 1045 1028 1022 1010 989 971 960 957 947 942 929 902 911 899 899 890 859 864 867 850 861
1205 1232 1250 1229 1228 1233 1262 1273 1285 1279 1276 1290 1302 1301 1322 1335 1329 1348 1361 1350 1382 1363 1360 1378 1371 1353 1373 1379 1381 1394 1378 1408 1376 1351 1348 1367 1370 1349 1349 1357 1355 1346 1327 1336 1352 1291 1306 1270 1255 1262 1248 1234 1242 1248 1236 1223 1218 1189 1190 1186 1188 1191 1171 1176 1147 1131 1138 1129 1114 1078 1078 1083 1072 1072 1044 1044 1009 984 973 960 943 947 941 917 908 902 910 888 875 868 858 835 858 852
1235 1232 1239 1233 1241 1242 1237 1253 1268 1280 1286 1285 1273 1293 1311 1331 1329 1354 1349 1339 1380 1384 1377 1397 1381 1367 1387 1407 1400 1394 1389 1373 1378 1373 1373 1376 1372 1366 1370 1365 1348 1337 1329 1324 1320 1311 1293 1302 1260 1262 1242 1208 1242 1242 1229 1226 1216 1184 1207 1188 1188 1176 1168 1157 1141 1138 1130 1130 1104 1108 1083 1078 1071 1071 1044 1058 1028 996 971 972 949 938 927 910 904 922 880 876 870 866 854 855 854 834
1225 1211 1224 1238 1230 1232 1258 1268 1274 1287 1274 1274 1287 1317 1331 1340 1333 1338 1348 1359 1405 1389 1387 1398 1384 1383 1405 1409 1396 1394 1379 1367 1394 1408 1395 1383 1387 1382 1374 1357 1357 1339 1328 1319 1311 1311 1311 1286 1282 1255 1246 1249 1242 1235 1229 1229 1202 1204 1211 1203 1211 1196 1183 1183 1157 1139 1151 1142 1146 1120 1096 1069 1071 1069 1062 1052 1021 999 982 966 967 935 935 910 896 898 874 877 870 878 858 844 854 854
1209 1197 1207 1227 1236 1260 1242 1259 1269 1282 1286 1307 1289 1322 1321 1348 1349 1360 1348 1358 1395 1396 1400 1409 1412 1392 1403 1395 1396 1396 1385 1412 1441 1414 1382 1400 1388 1388 1385 1348 1344 1351 1320 1326 1301 1295 1295 1289 1270 1275 1237 1237 1242 1243 1215 1229 1202 1217 1229 1214 1223 1213 1163 1171 1170 1158 1149 1156 1148 1131 1102 1083 1051 1069 1062 1046 1025 1018 984 971 970 964 934 915 925 882 898 877 870 870 858 854 863 842
1204 1218 1204 1230 1232 1236 1259 1265 1278 1291 1293 1299 1312 1328 1336 1337 1340 1380 1376 1374 1417 1423 1416 1406 1409 1424 1398 1402 1386 1400 1408 1423 1419 1382 1384 1388 1391 1382 1388 1360 1344 1352 1338 1295 1308 1316 1298 1280 1276 1274 1258 1242 1235 1264 1228 1237 1235 1211 1210 1210 1215 1196 1202 1183 1163 1177 1163 1152 1130 1148 1127 1106 1058 1069 1062 1056 1019 1014 988 998 1007 962 934 907 936 908 883 882 863 866 875 866 869 855
1208 1201 1212 1215 1244 1242 1242 1262 1274 1280 1308 1295 1317 1347 1347 1341 1363 1365 1384 1394 1426 1423 1429 1448 1421 1422 1420 1408 1408 1413 1421 1410 1417 1416 1403 1415 1394 1391 1379 1360 1353 1341 1329 1323 1308 1287 1288 1289 1270 1270 1241 1239 1255 1263 1229 1229 1252 1205 1217 1229 1208 1210 1197 1176 1205 1197 1190 1170 1155 1130 1108 1095 1062 1068 1063 1037 1024 1010 986 1016 1033 970 939 939 883 898 881 901 876 882 858 877 851 846
1194 1213 1229 1219 1227 1229 1258 1265 1272 1280 1269 1301 1316 1318 1332 1346 1362 1387 1390 1422 1414 1416 1434 1416 1428 1422 1415 1412 1404 1410 1417 1410 1417 1403 1400 1422 1429 1410 1369 1328 1345 1321 1320 1314 1312 1295 1292 1301 1283 1235 1246 1230 1245 1239 1228 1232 1239 1230 1223 1226 1218 1218 1195 1203 1203 1195 1186 1156 1159 1155 1121 1087 1058 1063 1049 1041 1019 1018 986 1031 1032 967 950 902 887 897 889 880 869 891 858 856 836 844
1219 1229 1244 1244 1248 1270 1266 1258 1270 1272 1293 1316 1313 1322 1346 1362 1374 1386 1409 1422 1436 1445 1440 1444 1431 1410 1419 1404 1427 1397 1415 1424 1409 1392 1412 1398 1404 1397 1360 1347 1340 1322 1320 1324 1302 1283 1281 1270 1276 1251 1252 1227 1239 1223 1217 1229 1248 1223 1237 1224 1237 1203 1204 1196 1198 1198 1196 1162 1155 1144 1118 1106 1063 1042 1051 1038 1020 1000 988 1044 1003 944 944 919 909 893 873 872 856 896 871 846 842 840
1201 1216 1236 1265 1237 1264 1266 1288 1284 1283 1293 1319 1339 1352 1364 1359 1398 1375 1394 1415 1444 1444 1445 1445 1436 1431 1426 1413 1434 1423 1407 1414 1394 1410 1403 1410 1398 1387 1359 1342 1341 1317 1301 1313 1304 1276 1281 1258 1285 1252 1247 1227 1237 1223 1229 1238 1236 1240 1225 1225 1187 1198 1213 1220 1218 1204 1217 1182 1169 1149 1136 1121 1072 1069 1052 1030 1030 1012 1010 1051 988 949 936 923 882 879 880 859 862 866 847 842 850 839
1215 1230 1239 1255 1254 1278 1271 1263 1281 1273 1307 1305 1338 1365 1371 1380 1395 1398 1409 1408 1434 1444 1449 1437 1444 1431 1432 1433 1433 1420 1418 1400 1376 1393 1373 1395 1382 1355 1346 1336 1305 1317 1311 1299 1297 1270 1268 1252 1259 1228 1233 1229 1240 1223 1226 1240 1229 1226 1225 1226 1206 1186 1213 1218 1213 1217 1182 1166 1179 1163 1155 1122 1069 1069 1047 1039 1027 1018 1018 1032 1026 942 918 910 908 879 877 849 874 860 847 827 837 824
1192 1211 1233 1242 1259 1269 1279 1277 1282 1299 1305 1291 1328 1347 1383 1414 1424 1418 1423 1429 1434 1448 1444 1446 1444 1439 1438 1412 1422 1402 1420 1400 1401 1404 1367 1359 1376 1354 1341 1322 1299 1298 1264 1298 1270 1265 1252 1240 1240 1246 1245 1228 1211 1220 1222 1240 1246 1243 1225 1206 1194 1187 1178 1206 1212 1198 1197 1205 1190 1160 1129 1110 1092 1058 1052 1037 1014 996 994 1047 1008 927 917 906 880 894 892 862 860 852 828 821 815 812
1170 1205 1233 1254 1260 1244 1265 1279 1287 1290 1308 1329 1340 1348 1397 1407 1425 1426 1424 1429 1447 1447 1462 1464 1449 1435 1447 1429 1418 1423 1416 1371 1382 1379 1356 1371 1347 1323 1318 1312 1295 1292 1294 1288 1253 1261 1241 1252 1254 1252 1252 1222 1228 1222 1222 1218 1208 1247 1230 1226 1218 1193 1187 1198 1190 1218 1203 1183 1168 1143 1125 1119 1068 1064 1062 1042 1036 1002 990 980 1005 937 902 897 886 894 856 862 847 852 827 821 792 812
1170 1193 1204 1239 1244 1265 1277 1282 1309 1338 1329 1311 1347 1362 1403 1408 1428 1466 1457 1444 1452 1474 1463 1451 1472 1445 1458 1434 1421 1410 1409 1393 1368 1358 1354 1347 1332 1310 1310 1280 1277 1278 1247 1263 1263 1247 1254 1217 1228 1243 1235 1229 1226 1213 1221 1218 1246 1224 1225 1223 1218 1221 1210 1205 1208 1206 1197 1186 1167 1135 1149 1121 1087 1061 1048 1041 1018 996 984 964 946 933 908 883 872 882 860 860 847 850 847 840 788 805
1169 1193 1204 1241 1267 1247 1277 1286 1317 1326 1361 1336 1355 1390 1414 1432 1432 1461 1465 1477 1467 1496 1483 1481 1465 1462 1445 1450 1427 1415 1399 1380 1373 1362 1349 1309 1303 1297 1274 1265 1294 1281 1278 1241 1268 1226 1258 1205 1215 1244 1240 1217 1222 1222 1199 1234 1211 1234 1225 1235 1237 1231 1243 1217 1198 1181 1147 1163 1178 1182 1141 1133 1123 1075 1076 1040 1020 988 984 966 972 920 902 877 872 869 846 845 852 850 801 807 803 771
1154 1199 1211 1251 1264 1261 1274 1274 1329 1341 1405 1402 1372 1390 1397 1437 1450 1472 1490 1494 1487 1517 1506 1485 1484 1460 1453 1451 1420 1408 1408 1385 1374 1344 1324 1318 1309 1302 1264 1256 1256 1251 1274 1275 1224 1232 1237 1227 1226 1222 1237 1222 1204 1202 1187 1209 1219 1211 1230 1219 1230 1231 1239 1241 1217 1193 1148 1172 1179 1166 1154 1139 1109 1088 1070 1048 1021 996 998 1005 1015 947 899 886 871 877 866 864 862 824 795 784 793 790
1167 1191 1195 1265 1260 1280 1294 1311 1343 1361 1419 1456 1439 1378 1414 1450 1474 1465 1527 1500 1506 1529 1526 1499 1479 1485 1446 1444 1448 1431 1396 1383 1366 1353 1314 1308 1322 1295 1274 1227 1229 1224 1243 1271 1255 1228 1209 1218 1213 1213 1226 1222 1205 1202 1190 1212 1211 1212 1213 1221 1211 1226 1232 1239 1217 1217 1199 1197 1197 1149 1158 1160 1125 1084 1062 1055 1016 1003 997 1012 1012 985 959 885 860 865 866 860 828 820 810 803 760 779
1156 1174 1208 1236 1255 1271 1317 1331 1336 1368 1430 1492 1497 1456 1417 1448 1456 1482 1499 1494 1542 1533 1535 1510 1493 1477 1452 1448 1430 1417 1383 1389 1356 1347 1300 1289 1303 1305 1254 1264 1210 1218 1231 1255 1211 1232 1209 1205 1194 1204 1203 1190 1190 1190 1200 1190 1206 1212 1205 1211 1211 1207 1226 1220 1217 1231 1221 1205 1184 1172 1138 1137 1121 1084 1069 1046 1038 1013 999 986 1012 982 995 940 860 861 861 839 822 808 787 802 780 791
1148 1178 1183 1237 1247 1316 1334 1342 1346 1378 1444 1489 1501 1504 1502 1440 1474 1497 1515 1525 1557 1558 1537 1524 1496 1504 1474 1441 1414 1433 1398 1375 1349 1329 1314 1289 1271 1281 1276 1264 1253 1268 1250 1223 1213 1178 1189 1231 1176 1195 1195 1191 1240 1215 1190 1192 1193 1224 1193 1193 1202 1218 1192 1213 1210 1217 1205 1202 1172 1160 1151 1141 1126 1090 1075 1040 1028 1021 1000 998 973 983 995 946 864 861 847 845 824 816 787 766 771 750
1176 1183 1208 1261 1255 1308 1326 1344 1348 1397 1473 1516 1493 1519 1563 1553 1481 1505 1512 1517 1563 1558 1554 1549 1501 1496 1486 1440 1424 1401 1383 1363 1354 1336 1303 1297 1281 1263 1268 1271 1271 1267 1244 1241 1207 1178 1189 1197 1208 1205 1181 1216 1241 1200 1187 1187 1199 1202 1214 1211 1216 1202 1219 1202 1197 1199 1193 1198 1177 1166 1144 1141 1096 1104 1074 1035 1030 1005 989 986 971 981 978 943 875 873 860 825 817 788 780 752 772 772
1155 1200 1206 1275 1282 1316 1314 1332 1356 1392 1443 1506 1520 1547 1572 1610 1538 1510 1533 1553 1557 1577 1540 1530 1499 1484 1467 1461 1430 1403 1385 1361 1346 1328 1297 1291 1269 1258 1230 1240 1228 1251 1232 1241 1221 1174 1200 1175 1219 1211 1215 1204 1211 1216 1204 1187 1205 1202 1201 1194 1205 1223 1189 1209 1205 1205 1191 1175 1165 1170 1138 1130 1098 1090 1077 1058 1043 1023 1004 973 980 940 913 902 872 850 838 837 806 800 780 788 754 751
1159 1191 1215 1251 1260 1287 1303 1352 1384 1415 1455 1497 1534 1572 1586 1612 1615 1548 1538 1589 1561 1539 1545 1512 1505 1498 1475 1464 1412 1405 1390 1359 1345 1311 1290 1283 1271 1234 1216 1205 1199 1219 1241 1254 1217 1195 1226 1200 1214 1193 1210 1203 1216 1203 1216 1197 1172 1211 1204 1204 1206 1200 1208 1198 1203 1203 1172 1158 1149 1170 1132 1118 1106 1093 1079 1039 1052 1037 991 978 986 946 909 889 852 838 812 799 810 806 780 751 750 751
1182 1174 1200 1234 1262 1279 1319 1353 1388 1419 1447 1494 1541 1565 1631 1645 1645 1573 1581 1565 1574 1564 1554 1536 1506 1487 1466 1442 1439 1412 1374 1358 1348 1316 1278 1269 1258 1237 1222 1218 1223 1209 1218 1230 1219 1211 1205 1196 1176 1178 1197 1209 1176 1190 1186 1181 1176 1200 1191 1180 1210 1206 1186 1192 1202 1186 1160 1141 1096 1109 1097 1067 1061 1070 1052 1039 1032 1003 979 985 952 922 901 863 850 812 820 812 776 810 772 757 751 736
1181 1191 1202 1243 1271 1303 1339 1363 1404 1433 1479 1505 1549 1579 1644 1646 1644 1611 1611 1611 1573 1578 1554 1542 1513 1495 1460 1457 1421 1396 1383 1355 1330 1305 1280 1269 1259 1225 1220 1201 1222 1213 1232 1241 1219 1227 1188 1191 1176 1176 1186 1198 1188 1187 1181 1178 1174 1191 1215 1154 1189 1205 1198 1194 1202 1172 1151 1128 1120 1094 1096 1084 1058 1062 1077 1035 1034 1004 1002 973 973 908 875 833 833 827 812 792 775 775 768 759 743 736
1159 1188 1229 1235 1249 1283 1327 1365 1395 1429 1477 1506 1549 1586 1629 1656 1642 1664 1650 1625 1588 1543 1551 1503 1505 1487 1468 1435 1407 1387 1383 1355 1306 1280 1257 1259 1239 1215 1216 1193 1209 1208 1211 1212 1189 1210 1181 1193 1186 1200 1184 1199 1180 1186 1181 1173 1169 1165 1178 1162 1154 1171 1196 1191 1171 1172 1148 1133 1127 1118 1080 1061 1055 1059 1048 1034 1032 1000 991 977 953 909 871 850 833 825 808 827 809 777 767 755 735 720
1149 1172 1198 1242 1271 1286 1318 1356 1407 1431 1473 1492 1537 1543 1627 1657 1692 1669 1641 1618 1603 1588 1548 1531 1496 1465 1438 1418 1395 1378 1368 1330 1282 1280 1269 1244 1236 1238 1213 1200 1202 1191 1174 1179 1202 1208 1189 1171 1179 1181 1180 1179 1160 1161 1180 1164 1154 1151 1173 1171 1171 1172 1172 1172 1160 1160 1132 1121 1121 1088 1076 1063 1062 1035 1043 1031 1023 1012 974 969 945 913 871 869 846 810 832 819 788 787 754 742 724 738
1155 1186 1203 1233 1256 1294 1337 1336 1362 1399 1437 1469 1508 1534 1578 1623 1653 1675 1633 1529 1599 1588 1544 1509 1492 1479 1415 1397 1366 1366 1357 1306 1309 1280 1257 1261 1226 1207 1201 1213 1176 1185 1193 1193 1184 1191 1163 1186 1186 1177 1181 1181 1155 1171 1163 1166 1166 1140 1168 1161 1173 1165 1165 1134 1141 1132 1127 1106 1106 1098 1075 1080 1053 1047 1026 1017 1018 1007 996 1005 964 929 871 864 848 819 819 813 770 753 754 747 730 743
1159 1183 1192 1216 1243 1277 1314 1334 1353 1386 1420 1454 1480 1507 1548 1623 1614 1590 1632 1584 1582 1581 1540 1508 1464 1443 1426 1414 1366 1352 1340 1311 1297 1260 1237 1241 1222 1215 1196 1192 1170 1198 1184 1176 1189 1172 1163 1179 1172 1172 1160 1178 1173 1176 1161 1162 1173 1142 1154 1168 1166 1143 1122 1142 1132 1125 1106 1106 1088 1080 1066 1057 1035 1035 1011 1025 993 993 993 988 966 921 870 864 850 814 805 790 759 741 750 717 716 743
1154 1187 1191 1215 1228 1271 1281 1303 1348 1372 1396 1400 1453 1484 1541 1556 1587 1587 1600 1613 1580 1530 1499 1494 1472 1440 1428 1397 1351 1356 1315 1291 1270 1247 1248 1204 1205 1212 1199 1191 1179 1187 1184 1167 1159 1179 1161 1172 1162 1178 1172 1168 1168 1187 1181 1149 1148 1162 1168 1168 1139 1134 1128 1141 1098 1108 1115 1098 1082 1055 1062 1042 1015 1023 1014 993 993 991 988 989 951 919 868 856 832 803 796 779 763 741 726 710 719 707
1150 1174 1177 1211 1215 1238 1288 1305 1331 1354 1376 1398 1424 1456 1492 1497 1518 1555 1581 1562 1549 1503 1491 1454 1427 1408 1393 1360 1333 1315 1299 1274 1246 1242 1227 1202 1181 1193 1199 1179 1166 1181 1164 1168 1172 1176 1164 1166 1172 1167 1149 1141 1164 1168 1156 1159 1156 1154 1163 1134 1139 1141 1121 1133 1108 1107 1101 1103 1088 1050 1051 1016 1023 1003 997 1003 1010 990 993 967 939 921 869 863 836 807 804 760 760 753 727 721 714 712
1142 1146 1177 1186 1224 1249 1283 1300 1312 1355 1362 1376 1389 1421 1442 1427 1472 1497 1521 1508 1511 1492 1456 1414 1405 1383 1379 1344 1322 1316 1285 1264 1244 1215 1215 1207 1187 1176 1161 1166 1162 1159 1172 1150 1162 1165 1153 1132 1184 1145 1169 1158 1156 1155 1135 1145 1137 1153 1127 1140 1161 1134 1131 1094 1103 1103 1092 1085 1057 1030 1036 1048 1015 1005 998 1004 985 987 967 981 920 907 866 862 857 819 807 782 757 740 710 718 719 741
1136 1159 1191 1197 1223 1247 1272 1293 1310 1326 1328 1344 1380 1386 1402 1424 1468 1468 1480 1467 1474 1451 1451 1400 1391 1376 1362 1331 1284 1278 1270 1256 1241 1216 1226 1182 1164 1162 1172 1167 1168 1164 1150 1132 1148 1149 1156 1160 1133 1164 1151 1151 1158 1157 1152 1140 1134 1137 1127 1127 1098 1118 1115 1096 1077 1103 1067 1080 1039 1045 1050 1024 1018 1004 984 997 983 985 960 955 939 884 881 845 841 845 845 800 764 740 714 709 706 745
1123 1160 1164 1181 1213 1238 1271 1287 1291 1333 1307 1343 1352 1388 1379 1421 1443 1428 1428 1452 1414 1403 1403 1395 1364 1340 1333 1316 1300 1252 1259 1229 1215 1193 1178 1164 1164 1153 1149 1136 1140 1156 1151 1165 1160 1154 1154 1149 1152 1157 1155 1154 1156 1151 1140 1140 1153 1129 1101 1120 1095 1071 1103 1091 1096 1069 1068 1035 1058 1025 998 1003 1003 996 975 978 955 957 952 949 919 903 895 857 839 815 806 782 777 745 712 695 741 731
1137 1159 1177 1186 1204 1251 1275 1294 1321 1314 1328 1344 1334 1376 1378 1371 1390 1378 1392 1396 1386 1375 1372 1362 1342 1325 1292 1294 1280 1238 1210 1211 1197 1193 1171 1164 1161 1145 1139 1143 1149 1154 1154 1152 1155 1150 1139 1139 1145 1149 1139 1129 1137 1143 1122 1122 1139 1115 1129 1129 1089 1096 1071 1089 1078 1064 1056 1056 1014 1000 1024 998 993 978 966 969 981 947 941 938 927 892 857 846 823 817 806 765 771 766 735 713 735 749
1118 1152 1197 1180 1194 1227 1278 1285 1297 1317 1323 1303 1310 1337 1348 1359 1364 1344 1344 1383 1350 1337 1324 1330 1324 1291 1269 1270 1254 1223 1198 1196 1190 1184 1152 1146 1144 1150 1143 1137 1147 1156 1138 1152 1134 1146 1127 1133 1146 1146 1151 1137 1127 1126 1123 1104 1115 1110 1116 1091 1094 1087 1087 1076 1071 1049 1032 1031 1042 1011 1000 998 968 981 966 939 943 947 931 931 952 896 860 835 798 782 770 780 759 740 748 729 775 754
