data/bclim4.asc
NCOLS 210 
NROWS 174 
XLLCORNER 27.125 
YLLCORNER -2.20833333333333 
CELLSIZE 0.0416666666666667 
NODATA_value -32768 
[rows 84 to 125 of 174, columns 94 to 187 of 210]
747 770 794 802 804 828 825 843 828 846 863 840 825 815 818 807 802 766 784 795 787 781 751 762 774 779 762 760 747 785 778 780 776 766 785 815 814 799 809 829 833 833 835 862 875 894 863 894 914 942 925 983 965 992 1008 1006 1013 1014 1003 1036 1044 1025 1008 985 981 951 941 903 887 866 843 828 794 772 771 740 714 726 696 688 680 685 662 655 665 643 649 653 649 638 647 636 629 630
770 783 788 794 834 839 855 873 860 874 859 832 828 821 816 779 798 782 787 779 794 762 760 764 752 773 774 761 763 744 765 782 784 765 759 762 784 801 798 804 815 820 831 830 873 872 873 889 915 932 930 937 971 992 986 992 999 990 1005 1021 1007 1001 1003 979 953 925 915 884 837 819 828 815 771 771 769 732 726 711 681 683 662 674 662 641 644 636 640 648 633 628 628 623 621 631
760 787 802 821 831 832 858 894 899 888 834 854 828 814 803 803 802 789 793 780 783 771 751 740 747 752 756 748 763 756 749 745 733 759 739 737 758 760 782 788 792 801 809 806 830 842 863 883 873 924 911 931 932 961 979 964 979 999 978 999 972 976 970 943 923 891 849 827 833 808 812 791 780 740 759 721 713 683 645 671 655 661 645 665 645 635 634 631 633 617 617 618 603 617
750 800 792 826 842 842 869 898 893 871 855 828 788 799 774 770 762 792 757 769 778 759 741 750 732 731 712 730 741 750 738 741 715 722 733 732 736 723 750 767 785 774 791 813 810 828 832 843 860 883 908 900 925 938 942 957 948 950 958 955 938 904 903 912 895 854 842 824 796 780 780 765 751 730 730 705 682 692 661 657 689 681 668 670 651 655 655 630 622 617 623 603 611 640
753 785 801 826 834 858 859 855 845 850 846 813 786 788 794 772 776 750 751 768 768 759 745 738 744 723 732 713 712 699 717 727 721 695 701 715 723 746 745 742 744 759 775 786 806 800 820 841 840 862 890 901 906 926 918 932 934 922 921 921 899 901 921 900 871 839 820 807 797 787 761 732 732 720 740 717 709 685 657 672 683 670 675 670 673 655 649 646 618 620 617 642 638 603
747 783 783 830 840 848 842 823 819 822 819 792 804 772 784 762 768 736 733 744 734 729 736 730 715 716 704 704 688 679 682 705 695 706 694 690 698 710 725 721 731 745 764 755 776 789 796 813 817 824 872 875 895 902 920 908 900 916 894 897 900 901 880 856 849 841 807 782 787 766 754 732 732 718 729 698 689 676 651 654 674 675 666 688 678 666 646 666 656 637 620 622 626 609
745 762 779 794 814 807 824 824 819 816 806 788 767 772 752 748 735 716 750 724 750 724 704 714 694 688 692 677 691 672 668 647 674 662 657 669 676 678 698 687 695 727 734 750 764 762 773 796 805 801 841 846 881 875 909 909 876 887 887 892 862 867 882 835 844 834 814 771 777 777 743 722 722 737 733 699 688 681 654 678 690 676 679 664 673 673 666 641 654 638 632 629 628 629
720 725 758 761 794 799 778 777 788 777 776 762 742 743 731 730 725 705 714 727 734 731 718 703 672 680 674 665 665 658 676 659 626 624 639 658 658 680 663 680 672 693 692 718 728 739 776 768 779 807 812 838 835 845 848 852 862 854 856 855 845 838 834 838 822 822 809 778 769 755 741 745 730 729 751 712 702 664 644 656 667 679 679 679 676 671 665 647 633 642 642 662 651 643
733 732 780 768 802 766 783 766 778 778 761 758 742 732 717 735 712 715 704 711 721 700 714 706 669 669 675 641 663 645 636 641 637 625 625 626 619 641 665 661 671 706 678 696 715 717 739 742 769 775 783 782 797 810 827 840 826 817 812 821 803 822 799 809 807 793 781 770 769 754 749 744 720 729 703 726 666 668 646 648 680 675 678 676 660 671 664 646 656 646 651 650 667 653
716 718 743 755 769 770 764 769 767 753 750 738 720 722 697 694 704 703 693 689 704 692 679 685 669 675 653 639 644 628 630 606 618 601 592 600 609 610 626 635 649 672 673 676 703 703 696 717 732 735 759 765 757 770 790 798 812 806 819 803 803 789 763 774 777 777 759 766 765 771 747 722 730 741 720 690 707 649 653 633 658 675 672 685 678 652 656 666 647 655 642 687 662 678
665 716 711 724 737 734 751 748 726 724 709 724 685 685 685 686 681 668 676 690 687 679 686 662 667 649 662 642 639 618 596 614 578 600 591 601 609 615 634 612 636 619 636 671 670 678 680 715 717 729 744 738 756 754 767 765 765 771 786 777 785 787 766 748 744 753 740 738 750 751 725 735 732 729 704 709 702 639 651 670 680 647 666 678 657 654 665 665 665 666 655 682 682 688
682 688 713 712 710 727 692 714 715 702 710 685 684 687 663 674 685 664 682 653 679 679 682 680 639 640 636 634 609 621 598 601 613 589 578 597 598 605 614 610 621 621 617 621 624 650 657 657 698 693 703 714 715 729 741 734 741 755 750 761 755 763 774 761 748 727 742 730 733 746 735 735 706 717 708 709 709 702 670 659 665 661 664 677 654 678 644 646 677 650 682 694 676 690
669 685 702 678 687 679 667 682 680 673 664 669 670 674 658 638 644 656 657 676 653 649 663 668 654 652 625 599 600 603 610 591 565 590 579 589 569 581 582 606 595 603 597 613 607 622 632 647 665 671 692 685 698 700 702 715 717 707 724 721 727 726 745 756 727 724 711 717 726 731 734 721 728 717 703 746 706 679 662 681 653 663 666 670 652 665 656 664 670 660 679 695 696 703
655 674 664 649 673 668 680 674 673 692 673 668 652 672 669 656 649 646 646 620 639 653 642 647 642 647 641 614 587 589 579 598 601 601 571 598 598 588 589 579 577 590 599 600 612 604 622 632 656 684 666 685 680 690 673 689 681 681 681 707 712 719 718 712 712 740 708 711 698 717 734 717 713 723 729 736 721 717 688 670 669 653 659 657 652 656 656 643 645 645 679 681 692 695
638 650 645 660 671 660 656 668 657 673 658 670 670 666 630 649 665 629 624 638 624 643 637 637 632 630 606 598 603 595 601 585 594 589 574 596 582 579 576 576 576 579 579 571 571 581 606 613 613 644 657 670 689 675 682 693 680 674 693 692 705 707 702 685 698 711 710 701 700 692 692 711 722 704 720 723 733 714 703 676 679 663 666 666 658 663 656 664 652 665 666 692 692 705
628 627 642 622 633 647 639 668 650 660 646 645 634 626 631 626 633 650 640 629 649 637 615 614 625 625 601 595 599 590 589 601 579 600 583 573 569 553 579 578 579 581 587 578 579 598 598 589 598 601 613 651 636 655 655 651 661 664 674 678 678 678 699 696 692 672 678 693 693 689 681 697 700 720 704 735 726 711 704 684 665 673 665 654 671 650 675 676 657 656 667 679 692 701
617 616 620 639 635 650 634 613 650 642 642 643 625 643 630 628 618 642 626 605 621 625 621 608 607 606 592 603 578 585 593 610 610 589 584 572 563 557 538 560 574 575 554 573 563 590 582 590 598 616 612 639 628 624 624 622 629 640 650 651 650 667 667 692 667 684 672 680 681 677 698 693 681 705 698 710 717 703 706 686 670 664 671 664 656 671 663 675 659 668 662 676 679 690
585 604 616 604 624 628 622 630 630 633 645 650 626 614 629 618 629 642 647 628 614 621 612 614 603 581 584 601 599 589 582 599 600 594 585 589 570 558 554 539 545 545 555 557 562 562 527 559 568 581 598 614 620 616 628 633 621 619 632 640 627 641 666 656 665 649 655 638 661 668 694 691 695 699 709 718 727 709 688 678 672 663 649 646 656 670 650 670 660 671 681 677 679 681
593 602 609 618 615 631 622 614 625 612 623 604 630 613 592 616 612 600 617 606 612 617 626 598 586 581 584 568 573 582 590 592 589 583 599 601 597 569 558 543 548 547 547 558 562 555 557 567 573 556 580 574 586 593 599 621 636 617 622 622 625 643 627 651 651 647 632 650 647 658 680 687 694 707 727 707 720 674 706 676 655 670 669 647 665 664 630 650 663 659 674 681 676 691
566 596 588 603 600 603 615 602 629 615 614 602 615 608 592 603 600 611 581 597 587 602 598 599 579 566 567 579 576 549 570 588 582 569 598 578 563 537 554 530 530 537 535 548 548 567 559 576 566 543 556 566 550 565 570 585 599 605 625 625 607 610 639 610 638 636 632 613 639 645 653 682 681 694 719 718 703 695 690 677 677 673 648 667 665 665 630 662 679 680 671 680 699 727
561 568 563 592 599 606 620 619 603 589 614 597 605 579 584 613 608 607 589 561 584 581 586 591 571 574 565 554 575 565 559 564 571 582 570 560 544 525 510 529 525 522 541 545 540 529 557 555 545 557 557 554 560 551 563 588 588 563 596 605 624 630 632 606 637 614 614 609 626 637 641 647 692 701 686 706 690 669 668 666 677 653 657 659 665 664 670 677 658 671 680 680 693 714
547 576 579 596 575 593 587 591 610 579 583 604 607 579 584 589 588 572 592 581 581 573 575 589 573 553 555 549 562 557 577 566 554 558 562 569 544 521 522 519 511 511 538 556 538 538 541 545 545 548 563 566 543 560 535 544 548 571 572 604 617 601 608 629 620 605 618 607 611 622 626 646 656 658 688 701 669 668 681 653 653 661 660 664 658 664 651 660 658 680 687 687 693 693
555 558 547 584 579 570 587 584 579 572 579 586 578 580 595 583 605 581 573 575 565 592 562 553 559 546 557 571 545 566 550 563 546 544 547 529 536 523 507 522 507 513 531 525 531 562 549 539 534 560 555 551 548 565 540 541 540 563 575 582 596 626 622 598 606 610 608 590 606 633 605 610 662 634 643 637 660 656 656 663 659 654 643 658 646 653 651 664 659 679 667 691 706 699
548 537 555 571 549 559 583 575 579 575 583 576 576 563 576 577 574 586 568 544 570 566 575 576 542 537 532 551 551 551 553 557 547 564 551 529 524 492 501 507 519 523 531 547 555 530 536 535 548 562 559 565 567 540 551 552 554 545 571 568 588 572 595 601 613 603 596 592 614 630 631 599 614 610 621 611 624 614 658 663 628 652 637 652 657 646 657 659 647 667 665 688 695 711
525 537 547 551 555 559 584 566 591 568 551 571 553 549 550 556 551 574 560 568 557 536 548 553 561 549 527 531 525 531 545 557 560 562 534 546 512 505 494 507 525 507 523 531 518 545 554 542 545 548 576 572 555 563 557 558 569 553 551 569 574 583 573 584 605 599 598 594 599 579 581 574 560 589 576 596 594 609 617 629 629 639 646 646 647 653 675 641 660 649 668 682 694 724
511 537 537 545 556 536 555 545 544 554 576 560 549 547 565 566 534 548 541 554 542 557 541 536 528 516 543 534 536 538 535 561 556 556 557 564 559 545 539 539 539 550 525 554 545 545 532 539 543 552 567 575 552 554 549 557 546 569 566 584 573 571 576 576 598 597 596 594 596 581 578 563 539 545 547 564 591 604 600 629 616 628 646 649 642 648 639 649 650 662 660 677 696 736
518 526 530 537 537 547 553 559 563 544 549 557 545 546 553 548 547 539 536 553 537 554 533 537 504 504 525 522 528 535 542 545 557 558 585 577 574 579 580 564 547 547 533 548 550 554 536 531 560 562 550 563 554 562 542 545 542 547 564 566 548 563 572 585 596 602 584 584 569 554 544 563 557 520 541 552 571 595 597 604 617 629 630 630 642 644 657 657 665 656 654 696 694 723
489 504 512 519 512 529 543 535 539 532 532 530 530 534 551 547 558 547 514 527 516 548 522 512 519 484 493 494 518 517 521 551 549 568 582 605 622 620 594 596 544 547 549 541 533 539 548 548 531 551 569 562 544 544 528 560 547 547 547 565 576 578 577 562 585 594 563 585 562 565 569 556 540 527 537 571 588 596 576 606 604 630 631 642 649 634 661 657 655 666 677 693 708 713
497 490 509 506 524 525 507 547 540 553 525 560 548 545 539 528 545 515 530 542 542 511 508 518 520 515 520 502 492 487 521 517 545 574 596 618 618 623 632 598 560 551 531 529 556 531 550 555 540 527 524 530 548 539 536 538 546 574 547 549 558 559 572 559 563 549 553 570 565 556 557 526 534 545 545 578 564 564 591 617 617 618 606 618 634 642 653 640 656 679 690 693 678 726
489 499 497 514 519 500 530 516 532 542 536 542 533 531 533 525 520 541 542 534 550 542 518 507 501 495 493 494 489 512 502 508 548 571 585 632 642 676 640 604 576 539 546 527 538 550 535 546 531 560 527 526 533 548 554 521 551 551 557 571 554 537 552 585 584 565 564 560 578 565 531 544 559 551 557 565 577 596 604 597 617 621 618 628 634 634 640 640 652 673 681 678 689 729
463 482 468 490 507 497 504 520 516 527 527 514 507 509 515 528 540 544 522 532 527 520 511 497 506 497 471 488 471 487 513 487 536 542 562 602 632 643 621 589 560 537 519 542 560 545 550 529 550 548 539 531 529 533 520 527 553 545 549 573 563 556 541 567 573 559 564 562 564 568 557 564 557 557 557 577 585 596 604 599 609 601 616 644 649 624 636 649 655 655 673 687 714 720
489 473 471 487 484 490 480 494 513 512 512 531 529 529 528 528 518 536 531 530 528 516 515 502 490 482 479 475 475 471 473 493 520 534 572 583 592 609 601 562 527 510 510 545 542 549 541 548 546 522 544 542 541 529 541 529 547 547 545 569 549 554 546 536 553 578 577 542 542 573 578 565 557 565 573 596 589 605 608 619 608 620 625 644 650 644 649 650 649 649 678 674 680 690
482 469 474 486 481 475 482 491 523 520 521 512 522 493 501 494 519 531 519 518 513 517 515 480 497 480 495 488 475 470 475 492 494 527 556 565 587 580 591 548 527 524 520 533 541 526 551 533 546 524 546 561 536 538 525 539 529 549 561 541 542 550 557 555 569 566 570 556 565 599 554 560 554 596 600 587 617 603 603 613 610 638 618 644 644 644 652 631 644 652 652 651 665 723
455 459 492 466 466 487 502 502 513 509 497 504 506 517 516 507 519 507 512 514 502 496 509 487 499 487 511 466 475 492 494 488 514 522 533 543 567 547 555 539 530 526 522 541 533 542 514 523 535 538 530 539 559 551 545 533 519 549 564 534 535 542 556 560 563 547 562 559 575 576 571 571 577 589 588 593 619 621 613 601 613 617 644 636 644 644 651 651 651 647 651 676 672 688
439 468 467 475 463 485 475 478 491 514 521 517 507 518 531 502 507 511 512 525 501 517 525 501 502 503 471 497 488 507 500 505 524 524 541 542 545 552 523 524 530 535 489 534 533 521 546 539 519 536 553 527 523 538 529 530 541 538 567 523 542 550 571 549 545 560 556 566 566 580 586 558 589 579 582 623 605 615 606 631 633 620 633 639 654 647 644 653 633 637 655 653 672 693
449 432 469 468 481 485 482 486 492 486 496 507 507 518 517 538 512 517 532 524 515 498 511 501 514 503 503 482 496 496 512 511 503 516 535 519 519 562 493 510 532 520 511 526 525 526 542 546 528 522 547 568 528 555 538 536 552 549 560 536 528 530 571 566 538 583 558 563 561 593 590 594 607 594 606 608 606 628 612 630 627 627 636 650 647 649 641 637 627 641 640 639 661 674
433 444 447 450 465 473 461 473 496 504 507 517 512 531 518 528 528 519 506 517 510 501 507 527 509 502 520 510 496 492 519 511 506 513 556 537 531 556 519 524 530 521 525 515 535 529 516 538 525 530 529 561 530 524 545 538 548 546 539 524 563 538 544 565 539 580 574 560 588 592 584 593 600 618 612 630 618 628 626 633 650 630 647 646 649 656 659 625 630 625 602 624 633 643
427 430 444 465 461 480 482 482 504 488 515 514 527 522 519 517 533 535 529 540 542 523 516 539 510 520 504 497 486 522 507 507 517 544 539 531 554 555 527 526 516 522 519 504 506 538 518 538 534 527 539 531 526 530 545 525 526 546 542 509 568 551 521 573 545 576 577 577 600 577 568 592 610 602 630 632 648 630 630 630 665 653 634 659 644 654 649 657 640 624 599 598 593 618
417 416 429 457 458 460 444 473 506 501 519 509 509 542 545 522 522 539 542 530 524 525 516 502 499 496 506 506 506 502 532 496 511 523 524 548 517 539 554 533 506 535 524 505 515 533 535 519 551 528 530 525 526 534 545 529 544 544 544 526 568 551 530 567 557 562 562 568 587 577 587 597 589 618 630 628 630 618 636 650 627 667 671 671 649 661 689 703 678 630 589 553 538 532
430 430 420 463 477 460 458 491 481 493 523 532 514 550 547 542 528 539 532 534 512 539 517 525 497 516 515 520 517 502 512 480 517 526 539 527 515 523 539 538 509 517 520 514 533 515 494 524 521 541 517 525 538 511 531 519 529 544 546 528 552 528 535 576 549 581 562 569 601 578 598 570 602 616 616 632 637 655 630 640 645 650 656 676 679 689 695 696 666 621 574 550 517 524
413 429 434 426 460 465 477 448 497 509 506 506 517 548 524 537 547 534 539 524 517 527 532 487 508 527 531 507 499 519 510 490 516 506 513 532 512 516 520 511 494 526 507 492 531 515 509 533 497 516 528 501 534 507 538 518 532 536 515 522 572 545 547 562 566 594 581 572 597 565 609 573 630 606 613 626 630 626 651 639 647 668 667 668 689 681 662 653 658 603 551 560 521 528
425 413 413 434 461 468 462 473 506 509 501 511 531 557 551 548 563 551 538 524 520 527 507 510 530 521 507 490 501 524 529 506 520 527 509 507 501 491 512 518 502 516 517 484 508 489 501 521 524 507 526 514 523 524 541 504 525 541 506 525 565 514 563 558 543 571 563 589 593 580 590 592 606 610 632 630 640 632 635 639 648 654 647 658 698 660 658 644 615 575 603 574 515 548
