data/bclim8.asc
NCOLS 210 
NROWS 174 
XLLCORNER 27.125 
YLLCORNER -2.20833333333333 
CELLSIZE 0.0416666666666667 
NODATA_value -32768 
[rows 42 to 83 of 174, columns 0 to 93 of 210]
236 237 237 237 237 237 236 236 237 236 236 237 237 237 238 239 239 237 236 237 237 237 238 238 238 238 238 238 238 239 239 239 240 240 240 238 239 239 238 238 238 237 238 237 236 233 232 234 233 231 231 233 235 237 233 236 236 235 233 233 233 232 232 231 231 231 231 230 230 229 229 229 229 228 228 228 228 228 226 224 223 222 221 221 221 220 219 219 219 218 219 221 223 226
237 237 238 237 236 236 236 236 236 236 235 236 236 237 237 238 239 238 238 238 238 238 237 237 238 238 237 238 238 239 239 239 239 240 240 240 239 239 238 237 237 236 238 237 237 234 234 235 234 232 232 233 233 233 231 233 236 236 233 231 232 231 230 230 228 229 230 231 228 227 229 230 229 228 228 227 227 226 225 224 223 222 220 221 220 219 219 219 218 219 219 221 223 224
237 236 237 237 236 236 236 236 235 236 235 235 235 236 237 237 238 239 239 239 239 238 238 238 238 238 237 237 238 239 238 239 239 239 239 239 239 239 238 237 237 236 237 236 236 235 234 234 233 233 231 230 231 231 228 230 235 234 232 230 230 230 229 229 227 226 229 229 230 229 230 230 230 229 228 228 226 223 224 224 222 222 220 220 219 218 218 218 218 219 220 222 224 227
236 236 237 237 237 236 236 236 236 235 235 235 235 236 236 236 237 238 239 239 239 238 238 238 237 237 237 237 238 237 238 238 238 239 239 239 237 237 237 237 236 237 236 236 235 234 232 232 233 233 233 232 231 229 228 233 234 235 233 231 230 229 228 228 228 226 228 229 230 230 230 229 229 228 227 227 225 224 223 223 222 222 220 219 219 218 218 218 218 220 220 222 223 224
236 236 235 236 237 237 236 236 236 235 235 235 235 235 236 236 237 237 238 238 239 239 237 238 237 237 236 236 237 236 237 238 238 238 237 238 237 236 236 236 236 236 236 235 234 235 234 233 232 232 233 233 231 232 233 233 233 235 233 232 231 230 224 229 230 227 227 228 228 225 228 228 229 228 228 226 226 223 223 221 221 221 220 220 219 218 217 217 217 218 220 220 220 224
236 236 235 233 235 237 237 237 236 235 235 235 235 235 235 236 236 237 238 238 238 239 238 238 237 236 236 237 237 237 237 237 237 236 236 236 236 236 236 236 236 235 234 235 235 235 235 234 234 232 232 231 230 230 228 233 234 231 231 232 232 232 232 232 229 228 226 225 225 223 228 228 228 226 227 228 226 226 223 221 220 220 220 220 219 218 216 216 217 219 220 220 222 225
236 236 236 234 234 236 236 236 236 237 236 236 235 235 235 235 236 237 238 237 237 238 238 238 236 236 236 237 237 237 236 237 236 236 237 236 232 234 236 235 236 235 235 235 235 234 234 234 233 231 229 229 229 229 228 232 233 226 226 228 227 227 229 229 230 228 225 223 218 221 228 227 228 224 226 227 225 225 223 221 220 219 219 218 218 217 216 216 217 218 219 220 221 226
237 237 237 236 233 234 235 236 236 236 236 236 235 235 235 234 236 236 237 237 237 236 237 235 236 236 237 237 237 237 237 237 237 237 237 235 231 225 235 235 236 235 236 236 235 234 234 234 233 232 230 227 229 230 229 229 232 227 226 227 226 226 228 228 228 229 228 228 224 216 227 226 226 223 223 226 226 225 225 224 222 219 217 216 216 216 216 216 215 217 218 220 223 226
237 237 236 237 236 234 235 235 235 235 236 236 235 235 234 234 236 237 237 237 236 236 236 235 235 236 236 237 237 237 237 236 237 237 235 234 235 234 236 236 235 235 235 234 235 235 234 233 233 231 229 225 224 228 230 230 230 227 227 225 226 224 227 226 224 225 226 227 228 226 227 225 225 223 223 224 224 224 223 223 222 219 216 215 216 215 215 214 214 214 217 220 220 224
237 237 237 236 236 235 234 235 235 234 235 236 236 236 235 234 236 237 237 237 234 235 235 236 236 236 235 235 236 237 237 237 237 236 235 236 236 236 235 235 235 235 235 234 234 234 233 233 232 232 230 229 224 224 229 229 227 223 226 223 224 224 225 224 224 221 223 223 226 227 227 226 225 225 225 224 224 224 222 221 220 219 216 215 215 214 214 214 213 213 214 219 224 226
236 237 237 237 237 236 236 235 235 234 234 236 235 235 235 235 236 237 237 236 235 235 236 236 236 235 235 235 236 236 236 236 237 236 236 236 236 236 236 236 236 235 236 235 236 235 233 233 232 232 229 229 228 225 226 229 227 225 226 225 223 223 223 224 223 221 220 221 223 225 226 226 225 225 224 224 223 224 223 222 219 218 215 215 214 214 212 212 211 210 210 218 223 226
235 236 236 236 236 237 236 235 235 235 235 235 235 235 234 234 235 236 236 236 235 235 236 236 236 235 235 235 235 236 235 236 236 236 236 235 236 235 236 235 236 236 236 236 236 235 235 233 233 232 230 230 229 228 224 226 225 225 226 225 224 223 222 223 224 223 219 220 222 225 225 223 224 223 224 223 222 222 223 221 217 215 214 214 212 212 211 209 210 208 208 216 222 222
235 236 236 236 236 236 236 235 235 234 235 235 234 234 235 235 235 236 235 235 235 235 235 235 236 236 236 236 236 236 235 235 236 236 236 235 236 235 234 235 234 234 235 235 236 236 235 234 234 233 231 231 230 230 226 225 224 222 224 223 223 221 220 220 219 217 218 217 220 223 224 222 222 223 222 223 222 221 221 218 216 212 212 213 212 212 211 207 205 203 207 216 220 220
236 236 236 236 236 236 236 236 236 235 235 235 235 235 235 236 236 236 236 235 235 235 236 236 237 237 237 236 236 236 235 235 236 235 235 236 235 234 234 234 234 234 235 234 235 236 236 235 233 231 229 230 228 229 226 225 224 222 219 222 220 220 220 218 216 214 214 216 219 219 221 221 219 220 218 221 219 218 217 218 215 211 213 212 210 210 206 206 201 203 208 213 216 224
235 235 235 235 235 235 236 236 236 236 235 234 235 236 236 236 236 236 236 235 236 236 236 237 237 237 236 236 235 236 235 235 236 235 234 235 234 233 234 233 233 234 234 234 235 235 235 234 232 228 228 228 228 227 225 223 222 221 219 220 219 218 218 216 214 212 213 216 218 217 215 217 214 216 213 220 218 215 215 217 213 213 212 210 209 206 201 201 199 203 207 212 219 224
234 234 234 234 235 235 235 236 236 236 236 236 235 235 234 235 235 235 235 235 236 236 237 237 236 236 236 236 235 235 235 235 235 235 234 234 233 233 233 233 233 234 234 234 234 235 234 233 232 230 230 229 228 227 226 224 222 221 221 219 218 218 217 216 214 214 213 214 215 215 212 210 212 211 212 215 216 211 214 216 213 212 211 209 207 202 199 197 197 201 203 208 218 223
233 234 235 234 235 235 235 236 236 236 236 236 236 235 234 234 235 235 235 235 236 237 236 236 236 236 236 235 235 235 235 235 235 235 234 234 234 234 233 233 234 234 233 233 234 234 233 233 231 231 230 229 230 228 226 224 222 221 220 219 217 216 216 217 214 214 215 214 214 214 211 209 210 210 210 213 209 210 212 214 212 208 207 205 203 196 195 194 196 199 202 204 215 223
234 233 235 235 235 235 236 236 236 236 236 236 236 236 236 236 235 235 236 236 236 237 237 237 237 237 236 236 236 236 235 235 235 234 235 234 234 234 234 234 234 234 234 234 234 234 234 231 230 230 230 229 229 227 226 224 222 221 220 218 216 216 217 216 214 214 215 214 214 214 212 209 211 212 211 209 207 208 211 213 210 207 204 201 200 194 191 192 196 198 199 199 211 221
234 234 234 236 236 235 236 236 236 236 236 236 236 236 236 236 235 236 236 236 236 237 236 237 237 236 236 236 236 236 235 235 235 235 235 235 234 234 235 235 235 235 235 235 235 234 232 229 229 230 229 229 228 226 225 224 223 221 220 218 217 217 216 215 215 214 215 215 215 214 213 211 213 213 211 208 205 206 210 210 207 206 205 198 196 193 191 190 191 192 192 197 207 216
235 234 235 236 236 236 237 236 236 235 235 235 236 235 235 236 236 236 236 236 237 237 236 236 236 236 236 237 236 236 236 236 236 236 235 235 235 236 236 236 236 236 235 235 234 234 230 228 229 229 228 228 227 225 224 223 222 221 220 219 217 217 216 215 215 213 211 214 215 215 214 214 213 213 207 204 204 205 210 206 203 202 195 193 191 192 189 189 188 189 190 193 201 205
235 234 235 236 236 236 236 236 236 236 235 235 235 236 236 237 237 236 236 236 237 237 237 237 237 237 237 236 237 236 236 236 237 237 236 236 236 235 235 235 236 235 234 234 234 232 230 227 228 228 227 227 226 226 225 223 221 221 219 218 216 216 217 215 216 214 214 215 215 215 214 213 212 211 208 205 203 205 208 203 200 198 189 189 191 190 187 188 189 190 190 191 196 201
235 235 236 237 236 236 235 235 235 235 235 235 236 235 236 237 236 235 236 237 236 236 237 237 237 238 238 237 237 237 237 237 237 236 236 235 235 235 234 234 236 235 233 233 233 232 231 229 228 226 226 226 225 224 224 222 221 219 219 217 216 216 217 216 216 216 217 216 216 215 215 213 212 209 206 204 202 206 204 200 198 192 188 188 188 188 186 187 189 188 188 189 192 197
235 234 235 235 235 235 235 235 235 235 236 235 236 236 237 237 236 235 236 236 236 236 237 237 237 238 237 237 237 236 236 237 236 236 236 235 235 235 234 234 235 234 233 232 231 231 230 229 226 225 225 225 225 223 223 222 222 221 220 219 217 217 218 217 217 218 218 217 217 216 215 214 212 209 204 203 204 205 200 199 195 189 188 187 188 186 184 186 188 187 185 182 189 194
235 236 235 235 235 235 235 235 235 236 236 235 235 236 237 236 236 236 236 236 236 236 236 237 237 237 237 237 236 236 236 236 235 235 235 235 234 234 235 234 233 233 231 230 230 229 228 228 226 224 224 224 223 223 223 222 223 224 222 220 218 217 218 219 218 220 219 218 217 216 215 213 211 210 203 202 204 201 200 198 191 188 187 187 187 185 183 185 184 184 181 178 186 189
237 236 235 235 235 235 235 235 236 236 236 235 236 237 237 237 236 237 237 237 237 237 237 236 236 237 237 236 236 235 235 235 235 234 234 235 234 232 233 233 232 232 230 229 228 228 228 227 226 225 226 225 224 224 224 223 224 223 222 220 218 217 218 220 220 220 219 220 218 217 214 213 212 210 209 203 202 200 201 196 190 188 187 187 186 185 183 182 181 177 176 178 183 188
236 236 236 235 234 234 235 236 236 236 235 235 236 237 237 237 237 237 237 237 236 236 237 237 236 237 236 236 236 235 233 232 234 234 233 235 234 232 231 233 233 231 231 228 228 229 229 229 227 227 226 225 224 225 224 224 224 224 222 220 217 218 218 220 221 221 220 220 218 214 214 212 211 208 201 202 199 197 194 195 190 189 186 187 185 183 183 179 179 175 175 179 181 186
236 235 235 236 235 234 235 236 236 236 235 236 237 237 237 237 237 237 237 236 236 236 237 237 236 236 236 235 235 234 233 232 232 231 233 234 234 233 230 230 231 229 229 228 228 229 230 230 229 229 228 226 225 224 225 225 225 224 222 220 218 219 220 220 219 220 221 220 216 209 214 210 206 201 199 200 197 195 190 190 189 188 184 184 184 182 180 178 176 171 174 178 181 190
236 235 234 236 235 235 236 236 234 233 235 236 237 237 237 237 237 237 238 237 238 237 237 237 235 235 235 234 234 234 234 232 231 228 230 233 233 234 229 228 230 229 229 228 229 227 230 230 230 230 229 227 225 225 226 224 224 223 222 220 217 217 220 221 219 220 220 219 217 212 215 207 203 199 198 197 194 191 189 190 190 188 184 182 182 181 179 175 173 168 168 173 180 189
236 235 234 235 236 235 236 236 236 228 235 236 237 238 237 237 237 237 237 237 237 237 237 236 235 234 234 233 233 233 234 231 229 230 228 230 231 232 232 231 228 228 230 228 227 229 229 231 232 230 229 228 225 226 226 225 223 222 220 218 215 213 219 221 220 220 221 219 216 217 213 200 200 199 196 196 194 193 190 189 186 186 183 182 182 180 178 173 169 167 165 170 182 202
238 236 235 236 235 236 236 236 236 235 236 236 237 237 238 237 237 237 237 237 237 236 236 236 235 234 233 232 231 231 231 232 230 230 230 227 230 232 230 225 228 227 229 229 228 230 232 232 232 229 228 226 226 226 226 224 223 220 220 218 215 213 216 219 220 220 221 220 220 215 205 202 204 199 193 194 194 194 191 189 185 183 183 183 180 179 176 170 165 165 165 170 194 216
240 238 238 236 235 235 234 235 236 236 232 232 235 235 237 236 236 236 237 237 236 236 237 237 236 234 234 231 230 230 230 232 231 230 229 228 226 230 228 225 228 229 229 230 229 231 233 234 231 230 228 226 226 226 225 224 224 221 222 221 217 214 215 219 219 218 217 219 212 204 207 209 208 200 190 194 194 195 190 186 184 184 185 184 180 178 173 170 165 163 165 180 212 225
243 239 240 238 235 233 234 234 235 237 235 229 231 234 235 236 236 236 237 238 238 238 237 236 236 235 234 233 233 232 232 232 231 229 228 229 228 229 227 225 229 228 231 231 232 230 233 233 230 227 225 225 225 226 224 225 226 225 224 225 218 216 214 216 216 216 216 219 217 210 212 210 209 205 198 195 197 194 190 185 183 185 183 182 180 178 173 169 167 168 177 218 228 234
244 242 242 238 235 234 233 233 237 240 239 240 238 234 234 236 236 237 238 238 239 239 238 238 237 235 234 232 233 234 234 232 230 229 229 230 230 229 228 226 229 228 231 232 234 230 233 233 230 226 224 225 225 227 225 226 227 221 225 224 219 217 214 210 212 214 214 217 218 207 214 213 208 200 200 199 200 191 188 184 185 185 182 180 177 174 171 166 166 175 205 227 242 245
245 245 243 239 238 236 235 237 237 238 240 241 242 241 238 235 238 238 239 238 240 239 239 238 237 236 235 233 233 235 233 233 231 229 229 231 232 229 229 231 230 229 231 234 234 232 235 231 228 226 224 224 226 228 226 228 228 227 226 224 222 218 216 214 213 214 217 217 217 203 215 213 204 203 205 202 198 191 192 192 187 185 183 179 177 175 170 167 166 192 229 244 244 245
246 245 244 242 239 237 238 240 239 240 239 240 242 242 241 237 237 239 240 238 240 239 239 239 238 237 236 235 235 236 233 231 230 230 230 232 232 230 230 230 231 234 233 235 235 236 233 230 227 225 224 226 228 228 228 227 227 226 223 224 221 220 218 216 215 216 217 219 219 216 218 213 209 205 202 203 195 192 196 195 188 184 179 179 176 173 169 168 188 225 245 245 245 246
246 245 245 240 241 245 244 244 241 243 240 239 240 241 243 242 238 237 241 243 241 239 239 238 237 238 237 236 237 237 233 231 233 232 231 231 232 231 233 232 233 234 235 236 236 234 232 227 228 230 229 229 228 228 228 227 224 226 225 224 222 223 220 217 216 217 216 218 221 219 217 215 212 205 203 202 196 198 200 192 186 181 179 177 176 173 171 185 215 244 260 260 261 260
245 245 245 245 245 246 247 246 244 245 243 243 240 241 243 242 242 240 240 242 242 241 239 238 237 238 237 238 237 237 236 236 235 233 231 233 234 233 234 235 236 236 236 236 235 233 230 229 230 231 230 228 229 229 228 226 224 224 222 223 224 223 220 219 217 217 217 220 223 221 218 214 209 205 201 203 200 198 199 196 192 179 177 173 174 168 198 234 258 259 260 260 260 260
245 245 245 245 246 245 246 246 245 246 246 246 244 243 243 243 244 244 243 241 242 241 239 238 238 238 238 238 239 238 238 236 235 233 232 232 237 235 234 236 236 237 236 236 235 233 232 231 230 229 229 229 229 228 227 227 225 222 223 223 223 224 218 218 217 215 217 220 225 222 215 205 205 201 198 203 200 194 198 190 185 181 177 174 172 187 224 259 259 259 259 260 260 260
245 245 245 246 246 246 245 244 244 243 243 244 244 243 243 243 244 244 244 243 241 239 237 237 238 239 239 239 238 238 236 236 235 232 234 235 237 237 236 238 237 236 235 234 234 232 231 231 231 229 230 230 230 228 225 224 225 223 223 225 224 220 221 219 219 217 221 224 225 219 216 209 204 195 196 206 204 199 190 184 183 182 176 174 196 232 257 259 259 259 259 260 260 260
245 245 244 246 246 246 246 246 246 245 243 241 242 242 244 243 241 243 243 243 242 239 238 238 238 238 238 238 239 238 237 236 235 233 236 234 236 238 239 238 235 235 235 233 233 232 231 231 232 230 231 230 229 228 227 227 226 224 223 225 225 223 222 219 219 221 223 224 219 220 217 214 208 206 207 209 206 201 187 181 186 187 180 192 238 259 258 259 259 259 259 260 260 260
246 245 245 246 246 246 246 246 246 246 245 243 239 238 242 244 242 242 242 241 241 240 240 239 239 238 237 237 236 237 237 237 237 236 236 233 236 239 236 237 236 235 234 230 232 232 232 232 230 231 231 230 228 228 228 228 226 225 225 225 226 225 223 224 223 222 226 219 213 221 219 214 210 210 210 207 205 201 188 181 209 210 209 233 258 258 258 258 259 259 259 260 260 261
245 246 246 246 246 247 246 247 247 246 246 246 243 240 240 241 243 243 242 242 240 239 239 239 239 238 236 235 235 235 236 237 237 237 236 235 237 239 237 236 236 235 233 232 233 234 233 233 232 231 232 230 229 229 229 229 227 226 226 226 226 226 226 227 224 225 224 221 217 222 218 216 216 213 210 207 200 195 198 192 228 250 254 257 258 258 258 258 258 259 260 259 260 260
