data/bclim18.asc
NCOLS 210 
NROWS 174 
XLLCORNER 27.125 
YLLCORNER -2.20833333333333 
CELLSIZE 0.0416666666666667 
NODATA_value -32768 
[rows 0 to 41 of 174, columns 0 to 93 of 210]
116.000000000000000 116 116 115 115 115 115 114 112 111 110 110 109 108 107 106 236 105 235 234 233 233 234 232 233 231 230 232 230 229 229 229 229 229 229 229 229 229 229 230 230 232 231 233 233 233 231 231 232 234 235 235 235 235 233 232 232 233 233 228 224 223 221 218 214 211 209 209 208 208 206 202 199 196 194 192 189 188 186 182 180 180 177 177 175 172 170 168 165 163 161 161 160 159
119 118 118 118 118 118 117 116 115 115 113 111 111 111 109 240 239 108 239 238 237 237 236 235 235 234 234 234 233 233 233 232 233 233 233 232 233 233 233 233 233 235 235 236 236 236 235 233 234 237 236 237 239 238 238 237 237 236 235 232 229 225 225 222 218 214 212 211 211 212 211 206 201 199 197 196 194 192 187 183 182 180 181 179 177 175 174 170 167 165 163 161 161 161
123 122 120 121 121 120 119 117 117 117 116 114 114 114 113 111 110 244 243 243 242 241 241 240 237 236 236 237 238 236 237 237 234 237 237 234 235 237 237 236 235 237 238 239 239 239 237 237 237 237 239 240 240 241 243 241 241 241 240 236 232 228 226 226 221 219 216 213 222 215 213 208 204 202 199 198 197 193 189 187 183 182 180 181 180 179 176 171 168 166 163 162 163 161
125 124 124 123 122 122 121 119 120 119 118 118 117 116 249 114 247 247 112 247 245 243 243 242 241 241 240 240 240 239 239 239 239 238 239 239 239 239 240 239 239 238 240 240 241 241 241 240 241 242 243 243 244 244 246 246 245 245 243 239 234 231 228 227 225 222 218 216 216 214 214 211 208 204 203 202 198 195 190 187 185 185 182 181 182 181 179 173 170 168 165 163 163 163
126 126 126 125 125 123 123 123 122 121 120 120 120 119 253 252 252 115 252 251 249 248 246 244 243 244 242 242 244 244 242 243 242 240 242 242 242 242 244 243 244 243 242 243 244 245 244 242 242 244 244 245 248 249 249 249 246 246 245 241 238 233 231 229 227 225 221 219 216 216 217 215 212 208 206 202 199 195 192 191 187 185 185 185 184 183 181 175 173 169 167 164 164 163
130 130 129 127 127 126 125 124 124 123 122 122 122 122 121 119 119 255 253 253 252 251 249 248 248 248 247 246 246 246 246 245 245 243 244 245 245 244 247 247 247 245 245 245 248 248 246 245 245 245 247 248 251 253 252 251 248 248 247 243 241 236 234 231 231 229 224 222 219 219 220 217 216 212 207 205 202 200 196 192 189 186 185 185 185 184 184 179 175 172 169 167 164 165
132 132 131 130 128 128 126 126 126 126 125 125 123 123 123 262 260 258 257 255 254 253 253 252 251 251 250 248 248 250 250 249 248 247 248 248 248 248 248 249 249 248 248 248 250 250 249 249 247 250 251 252 254 254 254 253 251 249 248 246 244 239 238 234 231 232 227 224 221 220 222 220 217 215 211 207 205 200 197 194 190 189 186 185 185 184 183 182 179 175 170 168 167 168
134 134 133 132 131 131 130 130 129 129 128 128 125 124 124 125 263 263 261 260 258 257 257 257 256 255 253 253 252 252 253 253 251 250 250 250 250 251 252 252 252 249 252 253 253 253 252 251 250 251 254 253 254 254 255 255 254 253 251 248 247 244 241 237 234 233 231 229 226 225 224 221 218 215 212 210 205 202 200 196 192 190 189 186 185 185 185 184 181 180 173 170 168 173
138 137 135 134 134 133 133 132 132 132 130 129 129 129 127 271 268 268 265 263 263 262 261 260 260 260 257 256 254 255 256 254 254 254 253 253 253 253 254 256 254 254 253 253 256 256 254 254 252 254 254 254 256 256 256 257 258 256 255 122 123 120 117 242 238 112 112 232 107 107 225 223 220 215 213 210 208 205 202 199 194 194 191 189 188 187 185 184 185 183 179 173 170 175
140 139 137 137 137 137 137 135 135 133 133 131 131 131 130 130 273 271 268 269 268 266 266 265 264 262 260 259 258 258 258 259 258 257 257 257 257 256 256 257 259 257 257 256 258 258 258 256 256 255 257 256 256 256 257 257 128 259 127 127 126 123 121 120 118 116 115 113 110 109 227 223 221 218 215 212 208 205 202 199 197 196 194 191 189 189 188 186 184 184 183 176 173 66
141 140 140 140 139 138 138 138 137 136 134 134 134 132 279 279 278 275 274 274 273 271 270 269 267 264 263 262 262 261 260 261 260 260 259 259 260 260 260 261 262 262 260 260 261 261 260 259 258 258 258 259 258 258 259 259 128 128 128 129 129 128 125 123 122 120 118 116 113 110 109 226 221 219 217 214 210 207 204 202 199 198 198 194 191 189 188 186 185 184 183 69 68 66
145 145 143 143 142 141 140 140 139 138 137 137 136 135 284 283 282 280 278 280 279 277 276 274 270 268 268 265 264 264 264 265 265 264 263 264 263 263 266 266 266 265 262 262 263 264 262 261 260 261 259 260 261 259 259 130 130 129 130 129 128 127 129 127 127 123 120 118 114 112 109 107 105 221 218 214 212 209 208 205 200 199 199 198 195 191 189 187 186 184 71 71 70 68
148 147 147 146 145 145 144 143 142 141 139 139 138 138 138 287 286 285 284 284 284 282 279 276 275 273 272 270 267 267 266 265 267 269 267 267 267 268 271 270 270 268 267 266 268 267 264 264 262 262 262 261 261 261 261 132 130 131 130 131 130 129 129 129 127 125 122 119 116 113 111 109 106 222 220 217 214 212 209 206 203 201 199 199 199 195 192 190 76 73 72 71 71 68
151 151 150 150 149 148 146 146 144 143 142 142 141 140 140 291 290 290 288 288 286 285 282 282 281 279 277 274 272 271 269 270 270 271 271 270 269 271 273 273 274 273 273 272 272 270 268 267 265 264 263 263 263 131 132 133 131 131 131 130 131 131 130 128 128 125 123 121 118 116 112 109 227 224 222 220 216 216 211 208 204 203 200 199 198 196 194 192 190 189 72 71 70 70
154 153 154 151 151 151 151 148 147 146 145 145 145 144 298 296 294 293 293 291 290 290 288 287 286 284 281 278 276 277 276 277 276 276 276 276 275 275 276 276 275 275 273 273 272 272 272 270 268 266 266 266 131 134 133 132 134 133 133 133 132 132 131 130 130 127 124 121 119 117 114 111 229 107 225 221 219 218 213 212 208 204 201 199 198 195 194 192 190 189 73 71 71 70
157 156 155 155 155 153 153 152 149 304 148 147 147 303 146 301 300 299 297 295 294 294 293 291 290 287 284 284 283 281 280 281 280 282 281 280 279 278 277 277 277 276 275 274 273 274 275 272 135 271 134 135 134 135 134 134 134 134 133 133 134 133 133 132 132 129 126 124 121 119 117 114 111 109 227 224 221 219 217 215 212 207 203 201 198 195 194 193 190 189 74 72 71 69
159 159 158 158 157 155 311 154 151 151 151 151 150 306 306 148 305 304 302 299 299 298 297 295 294 293 291 290 289 287 286 286 287 286 284 284 283 282 280 279 279 278 278 276 276 275 135 273 137 138 137 137 136 136 136 136 136 136 136 135 135 136 133 135 132 132 130 126 124 120 118 115 234 112 229 225 224 222 220 217 213 209 205 204 201 197 195 193 189 189 74 73 72 70
162 161 162 161 159 159 157 156 155 155 154 154 152 312 311 150 309 308 306 305 304 302 300 299 298 297 295 295 294 294 292 290 291 289 287 287 286 285 282 282 282 280 279 278 276 276 276 276 138 138 139 138 138 137 139 139 139 138 139 137 137 137 134 133 133 132 130 130 126 123 121 118 237 113 231 228 225 225 222 217 213 210 208 205 202 199 196 194 191 190 75 76 74 70
165 165 164 163 163 161 160 158 157 157 318 157 155 316 317 315 313 312 311 309 307 306 305 305 303 301 301 300 299 298 298 296 295 293 291 289 288 288 285 285 283 283 281 281 280 139 277 276 140 141 141 140 139 139 139 140 139 138 138 137 137 138 135 135 134 133 132 131 129 124 122 119 239 237 233 230 229 229 225 220 216 212 209 207 204 200 197 195 193 77 75 74 72 70
170 168 168 167 165 164 324 324 162 162 322 322 158 321 321 319 318 317 316 314 313 312 311 309 308 307 305 305 303 301 300 299 298 297 294 293 291 291 289 287 286 286 285 284 283 282 280 279 141 142 142 140 140 141 142 140 139 141 139 138 140 138 136 135 134 134 133 133 130 128 125 122 243 239 236 233 232 231 226 222 219 216 212 209 204 203 200 196 194 191 75 71 70 69
172 172 171 169 169 166 166 329 329 164 327 327 161 161 326 323 323 321 320 319 320 318 316 313 314 312 310 308 306 305 304 303 303 301 299 295 295 293 292 292 290 289 289 288 286 285 144 144 144 144 142 143 142 142 142 141 142 141 140 140 140 139 136 136 136 136 134 134 133 130 127 124 122 242 238 235 234 234 229 225 221 218 215 212 209 204 201 199 196 192 75 72 70 69
175 175 173 173 171 170 334 334 334 166 332 332 331 331 330 330 327 326 324 324 323 322 321 320 318 316 315 312 310 310 310 308 306 303 301 300 298 297 297 295 293 292 291 291 289 287 287 147 147 145 144 143 144 143 144 144 142 141 141 141 141 140 137 138 137 137 137 135 133 131 129 128 249 122 241 239 237 235 231 228 224 222 219 214 211 208 205 200 197 195 76 73 70 69
179 176 177 176 341 339 339 339 339 169 338 338 336 336 335 334 332 330 330 329 329 327 327 325 323 321 319 317 316 316 313 311 308 307 305 303 301 300 299 296 296 295 295 293 150 149 148 148 147 147 145 145 145 146 145 144 143 141 143 143 141 140 141 140 139 137 138 136 134 131 131 129 128 249 244 242 240 239 236 231 228 224 222 218 216 211 209 204 200 195 76 73 72 69
180 180 178 179 345 344 176 345 343 343 343 342 342 340 340 339 336 335 334 335 333 332 331 329 327 325 323 322 320 319 317 315 313 311 310 306 304 303 301 300 299 297 153 153 150 152 150 149 150 149 147 146 147 146 146 145 143 144 144 143 143 141 141 141 141 139 138 137 134 134 132 131 255 251 247 247 243 241 238 235 232 227 225 221 220 214 210 207 203 198 78 73 72 69
184 350 182 182 350 349 350 349 348 349 348 346 346 346 344 344 342 341 339 339 337 337 336 333 331 330 329 327 326 324 322 318 317 315 312 311 309 307 157 304 302 155 298 154 294 152 152 151 152 151 149 149 149 148 146 145 145 144 144 143 143 143 144 143 143 142 139 137 135 135 133 132 132 256 252 252 250 246 243 239 234 231 228 225 222 216 214 210 205 82 78 74 70 68
187 356 355 184 354 354 355 353 352 354 351 351 350 350 349 348 348 347 346 345 344 341 340 338 336 335 333 332 330 328 325 323 321 317 316 160 313 311 309 308 306 159 158 156 156 155 154 154 153 152 150 150 149 148 148 147 148 147 145 145 146 145 145 145 143 142 139 138 137 136 135 259 133 260 257 258 253 251 247 242 238 235 233 230 224 221 218 215 89 87 89 77 72 69
189 361 358 358 359 360 359 358 359 358 356 355 354 354 353 353 353 352 350 350 348 346 345 342 341 340 338 335 334 332 330 326 324 322 321 319 317 164 164 164 162 162 160 158 157 158 156 154 154 154 152 151 150 150 149 149 148 148 148 147 147 147 145 145 144 141 141 139 139 138 137 262 262 262 262 260 259 256 251 247 245 240 239 233 227 224 224 218 93 93 92 81 74 72
192 364 363 362 190 363 363 362 364 361 362 362 361 360 360 359 358 358 356 355 354 352 349 348 346 344 343 340 338 336 332 331 330 327 325 168 169 320 167 314 164 163 162 161 160 160 158 157 155 154 154 153 152 153 152 152 151 151 150 149 147 147 146 144 144 144 143 142 141 140 265 137 136 265 263 263 261 261 258 256 251 252 250 238 233 231 231 225 96 95 94 86 81 76
195 369 369 369 368 368 368 367 366 368 367 368 368 367 366 366 363 363 363 361 358 357 354 354 351 349 347 344 343 339 338 337 336 333 330 328 326 323 170 169 167 166 164 164 162 160 159 159 158 157 157 156 155 155 154 154 154 151 150 149 148 147 147 146 145 145 145 143 142 142 140 267 268 267 264 263 263 261 263 263 262 268 263 244 250 244 238 108 101 106 99 90 85 80
199 374 201 375 373 372 372 372 373 373 372 373 372 372 371 370 369 369 369 367 363 362 361 359 356 354 351 349 347 346 343 342 340 337 177 178 329 175 173 172 170 169 168 167 164 163 163 162 161 159 158 159 157 156 155 155 154 152 151 151 150 150 149 148 148 145 146 146 145 143 143 270 269 267 266 265 264 262 263 263 268 274 272 255 271 261 118 115 108 109 101 93 89 85
377 379 205 380 379 377 377 377 378 377 377 378 377 376 375 375 376 374 373 371 367 368 366 362 360 358 356 355 352 351 348 346 343 341 181 336 332 178 176 324 174 172 172 170 168 166 164 164 163 162 160 159 158 157 156 155 154 153 152 152 152 150 151 149 148 148 147 147 145 146 272 141 269 270 271 268 269 268 269 271 275 280 282 276 279 134 123 122 117 109 104 97 93 89
382 383 208 385 386 384 383 382 383 382 381 381 382 381 380 380 379 378 377 375 374 371 370 367 364 363 361 359 358 355 353 349 347 344 342 339 337 332 179 179 177 174 175 174 311 169 167 165 163 163 162 160 159 158 158 156 155 155 154 154 153 152 151 151 150 149 149 147 147 146 144 143 270 272 275 273 271 273 276 276 280 285 286 279 141 137 128 126 121 111 104 100 95 92
387 387 388 389 391 390 390 388 387 387 387 387 387 386 385 384 383 383 382 380 378 377 375 374 372 368 365 364 363 360 357 353 352 349 346 186 187 184 183 181 180 179 319 316 175 172 170 168 166 166 165 163 162 161 159 159 158 158 157 155 155 154 154 153 152 150 149 148 277 147 147 274 274 273 274 271 271 273 277 278 282 148 148 144 142 138 132 129 122 115 108 102 97 95
392 394 395 395 396 396 396 395 394 394 394 394 393 393 392 391 389 389 386 385 384 383 380 379 379 375 372 369 368 364 361 358 357 354 350 346 344 341 337 334 184 182 182 180 177 175 173 170 169 169 167 165 164 163 162 160 160 160 159 158 157 156 156 155 155 153 153 152 151 150 149 148 274 275 275 273 272 271 276 280 149 150 148 145 142 139 135 130 125 120 112 106 102 100
396 398 399 402 402 401 402 401 401 401 400 399 399 399 398 397 396 393 393 391 389 386 386 385 383 381 378 373 371 370 368 366 200 358 355 351 348 344 340 337 187 185 185 321 179 177 175 173 172 172 169 168 166 164 164 162 161 161 161 160 159 158 158 158 157 156 153 152 153 152 151 150 147 147 146 279 276 145 279 149 150 150 150 146 144 140 134 132 129 126 117 111 106 104
402 403 404 406 407 408 407 407 407 407 405 405 406 405 404 403 401 400 399 397 395 393 390 388 386 384 382 379 378 375 374 207 206 204 203 202 200 198 196 192 336 332 328 184 182 181 178 176 173 172 170 168 169 167 165 164 164 164 164 163 162 159 161 160 159 159 156 155 156 154 284 153 149 148 149 280 152 151 152 152 152 149 149 145 143 140 135 133 131 130 120 119 115 112
406 407 409 411 412 412 413 412 411 412 411 410 411 411 410 408 407 405 405 404 401 398 395 393 390 389 388 385 383 381 379 376 211 209 209 208 205 203 201 198 195 193 189 187 185 183 182 180 176 174 172 171 171 168 168 167 166 165 165 165 165 163 163 163 162 161 159 159 157 157 156 155 151 151 153 153 150 153 151 151 151 148 147 145 143 139 136 133 132 130 126 126 124 121
410 411 413 415 417 416 416 416 417 417 417 416 416 416 416 414 412 411 410 408 406 402 401 400 396 394 392 391 389 386 217 217 217 215 215 214 211 208 205 202 200 196 194 191 189 187 184 183 178 176 176 172 171 171 170 169 169 168 168 168 167 166 165 165 166 164 162 161 160 160 160 157 154 151 155 158 155 152 152 152 150 150 148 146 142 139 135 132 131 131 132 132 128 122
416 417 418 419 420 422 420 422 421 423 422 421 421 421 420 418 417 417 415 414 411 409 405 404 403 400 397 393 222 223 222 222 222 221 221 219 218 213 209 207 203 200 197 194 192 191 189 185 183 179 176 175 174 173 172 171 172 171 171 171 172 170 168 169 170 167 166 166 163 162 161 160 157 154 155 158 154 151 152 152 152 149 147 146 141 138 136 133 131 134 135 135 132 123
422 423 423 424 424 426 426 425 427 427 427 425 426 426 424 422 422 421 419 418 415 413 410 409 408 405 401 228 226 227 228 228 228 226 227 225 221 217 215 212 209 204 202 197 195 194 191 189 189 182 178 178 176 175 174 175 175 174 175 175 176 173 172 173 173 170 168 166 164 163 161 160 160 158 157 156 154 152 153 154 152 150 149 146 144 141 139 137 135 138 138 139 136 129
425 426 426 428 430 431 430 430 431 431 431 431 430 430 428 427 425 425 423 424 421 418 415 413 412 410 407 403 232 231 232 233 232 232 230 228 225 222 219 216 212 209 205 200 198 201 197 197 192 185 182 308 178 178 177 178 177 176 177 178 177 177 176 174 173 170 169 168 166 164 164 161 160 160 159 156 153 152 153 154 153 152 149 148 146 145 144 141 141 143 145 142 137 135
430 430 431 432 433 434 434 434 435 434 434 435 433 433 431 431 432 430 430 429 426 423 420 417 416 415 411 410 237 236 235 236 235 235 233 231 229 226 224 219 215 212 208 206 203 204 202 200 196 190 186 183 181 180 179 178 177 178 179 180 178 177 177 175 173 173 172 170 168 167 166 164 161 159 157 155 154 152 153 153 153 153 152 149 148 148 148 149 148 149 150 146 140 136
