data/bclim8.asc
NCOLS 210 
NROWS 174 
XLLCORNER 27.125 
YLLCORNER -2.20833333333333 
CELLSIZE 0.0416666666666667 
NODATA_value -32768 
[rows 126 to 167 of 174, columns 0 to 93 of 210]
234 232 229 231 232 232 233 234 234 236 235 236 238 237 236 237 235 234 238 238 238 237 237 238 236 235 233 229 228 228 228 226 226 226 223 222 221 222 223 222 221 219 214 203 204 184 183 168 158 152 149 139 136 135 145 192 233 234 234 233 233 233 232 231 231 232 228 227 227 227 226 217 214 209 203 202 207 187 188 201 190 188 203 204 206 206 207 208 206 205 206 206 206 206
235 233 232 232 232 231 233 234 234 235 233 236 238 237 235 236 236 232 236 237 237 237 237 238 235 234 233 229 230 230 227 225 223 222 219 218 218 218 220 220 220 217 215 182 196 180 165 159 153 153 149 145 141 140 163 211 234 234 234 233 233 232 232 231 232 231 227 226 226 226 216 208 209 207 197 194 201 195 180 188 176 185 202 204 205 205 207 207 206 205 205 205 205 205
235 234 233 231 230 230 231 232 233 232 232 234 237 235 234 235 233 234 234 236 237 237 236 237 237 234 233 232 232 228 226 224 224 222 219 218 217 216 219 220 217 207 193 175 168 168 166 165 154 152 152 142 143 153 191 222 235 234 234 233 233 232 232 231 231 231 226 226 226 224 206 202 206 208 202 189 193 184 177 178 187 199 202 203 204 205 206 206 205 205 204 204 204 204
235 234 234 233 232 230 229 231 231 231 231 233 236 233 233 234 232 233 233 235 236 236 236 236 235 231 230 230 230 229 227 226 224 223 220 220 219 214 199 210 195 198 191 172 163 167 170 165 152 152 153 145 161 186 221 235 235 234 234 233 233 232 232 231 231 230 223 224 224 219 207 197 203 205 202 195 186 185 186 185 189 196 201 202 203 204 205 205 204 204 203 204 204 204
235 234 234 233 232 231 230 229 229 229 231 235 235 232 232 232 232 231 234 234 235 235 235 234 231 229 228 230 230 229 228 227 225 225 222 211 217 211 212 211 205 198 186 170 171 168 168 160 154 155 161 149 186 197 233 235 235 234 233 233 233 232 232 231 231 229 224 223 222 211 202 200 202 205 202 193 188 185 184 191 192 198 200 201 203 203 204 205 204 204 203 204 204 205
233 233 234 234 233 232 231 230 229 227 228 231 233 233 231 231 230 231 232 231 234 233 235 233 229 227 227 228 229 228 227 226 227 227 224 197 196 201 208 199 197 187 186 171 170 172 169 162 158 152 165 170 181 220 235 235 234 234 233 233 232 232 231 231 230 227 224 221 220 207 199 196 200 200 203 197 184 186 189 198 200 200 201 201 202 202 203 204 205 204 205 205 205 205
232 232 232 234 235 233 232 231 230 228 228 229 228 231 230 228 228 230 231 231 234 231 233 232 229 226 226 224 219 219 223 225 226 226 225 207 203 192 199 191 191 184 176 170 171 172 169 160 164 153 154 191 219 235 235 235 234 233 233 233 232 232 231 230 228 225 221 219 217 205 195 192 195 194 198 192 194 194 198 200 202 202 201 202 201 201 202 203 204 205 205 206 208 208
232 233 233 233 234 234 233 231 230 229 228 227 227 227 226 226 226 227 229 232 231 233 230 229 229 227 226 223 216 222 223 224 224 221 219 215 208 196 184 181 182 175 171 170 171 172 173 162 168 171 170 204 233 236 235 235 234 234 233 233 231 231 230 228 225 222 222 218 207 196 195 192 191 191 191 193 194 195 199 201 201 202 201 202 202 199 201 203 203 204 206 207 207 206
232 232 232 233 233 233 233 232 231 230 230 228 225 225 224 223 224 226 228 231 230 228 228 228 228 222 223 223 222 222 223 222 220 214 208 206 204 201 187 179 179 175 174 172 167 171 173 180 181 183 183 186 234 236 235 235 234 234 233 232 230 230 229 225 223 219 218 211 200 197 193 191 191 192 193 194 196 196 200 201 202 203 203 203 202 203 201 201 198 199 202 206 206 205
231 231 231 231 232 231 232 232 230 229 229 228 227 224 223 224 223 226 229 228 221 226 225 226 222 224 224 222 223 222 221 220 218 211 208 207 208 189 180 170 177 174 175 169 167 168 166 184 189 184 186 202 236 236 236 234 234 233 233 230 230 228 228 226 221 219 217 203 196 195 190 192 192 194 195 195 196 198 200 201 202 203 203 202 201 202 202 204 204 202 199 206 205 204
231 231 229 227 228 230 230 228 228 225 218 219 220 221 220 225 227 229 225 226 226 229 229 231 230 228 226 224 223 222 221 221 209 209 213 208 195 186 177 173 174 175 178 171 168 165 171 191 188 176 190 215 236 236 235 234 234 233 232 228 228 226 225 224 220 216 211 197 195 191 189 191 194 196 196 196 197 199 201 202 202 201 202 202 201 201 203 203 201 203 201 205 204 204
229 228 228 226 227 225 224 225 220 219 218 216 217 219 214 214 228 228 220 221 220 224 225 224 225 222 224 229 227 223 221 215 207 209 205 201 201 200 173 169 176 177 179 173 169 170 188 193 187 174 198 231 235 236 235 234 233 231 230 226 227 224 220 219 220 215 207 195 192 188 191 189 193 196 193 195 196 199 200 196 193 194 199 198 200 202 203 203 201 203 204 205 205 204
229 227 226 223 223 226 224 228 231 229 233 233 235 235 222 223 232 228 224 221 217 220 225 230 230 216 212 213 212 206 207 202 205 216 219 217 199 179 181 167 170 177 179 178 177 187 192 192 184 175 214 234 234 235 235 234 232 230 228 225 224 220 216 213 213 205 198 188 187 191 193 192 193 188 185 191 186 194 200 197 195 195 192 194 198 201 202 202 200 200 204 205 204 204
229 226 229 224 221 225 229 233 231 234 235 233 236 231 219 223 230 230 227 207 210 213 218 223 230 223 221 213 203 197 206 215 227 222 216 206 201 188 175 168 175 177 177 179 182 189 195 195 183 177 218 233 233 234 234 233 231 229 225 223 222 215 211 207 207 199 192 184 185 192 195 195 197 195 189 197 197 195 189 192 194 200 193 191 196 200 200 198 198 201 204 204 202 200
229 222 234 232 227 222 222 229 229 233 226 229 234 236 226 222 233 226 213 221 222 220 226 228 223 224 223 216 216 214 217 225 223 213 205 201 196 191 181 173 172 175 173 180 192 192 199 190 184 175 223 230 231 232 233 232 230 226 221 219 220 214 208 203 199 195 191 190 186 188 195 192 192 195 193 194 195 192 197 198 198 203 191 194 193 197 194 195 200 202 202 202 198 195
235 229 234 231 231 229 236 236 236 236 234 232 231 235 234 228 229 224 220 224 231 221 230 232 231 229 228 225 227 224 219 212 202 194 195 192 188 189 190 184 176 169 172 188 195 198 194 181 177 190 225 226 227 230 233 231 229 224 217 215 219 206 201 198 192 196 192 192 191 194 199 197 194 192 195 199 197 195 192 195 195 202 194 197 194 194 194 198 197 200 198 196 195 195
238 235 239 232 234 234 235 240 240 241 240 240 239 238 236 237 234 227 232 219 212 214 216 228 223 221 225 225 220 212 203 202 203 208 217 222 215 215 216 192 175 178 199 193 189 185 183 182 183 207 223 220 216 228 231 230 227 221 209 203 214 203 198 193 190 183 197 198 195 199 199 199 199 197 197 200 200 199 196 198 202 206 194 201 201 196 196 200 194 193 199 195 195 200
238 240 241 241 241 241 241 240 238 237 240 240 237 228 234 236 235 229 223 225 229 232 234 232 224 214 207 208 216 205 213 211 205 207 214 220 221 205 186 172 189 196 193 180 180 180 179 178 189 210 219 206 202 231 230 228 225 220 210 198 205 196 192 185 175 174 178 185 191 192 191 193 198 199 199 200 194 193 201 201 206 202 194 200 202 195 198 199 194 194 200 196 199 201
240 240 241 241 241 240 240 240 238 237 238 238 237 237 234 230 234 233 221 220 226 226 231 225 225 230 228 226 228 227 226 224 222 220 216 221 220 223 212 203 199 193 197 185 182 177 183 187 196 213 213 189 185 230 229 226 223 219 210 189 186 188 183 181 167 162 169 176 186 182 185 189 189 196 202 199 194 191 198 204 205 206 198 200 200 198 200 204 199 203 200 193 196 203
238 232 237 241 240 239 239 239 239 236 234 234 238 236 234 234 234 231 231 227 225 230 229 222 221 221 233 229 225 224 225 228 224 211 207 213 196 222 197 199 197 182 184 197 187 179 180 186 193 209 208 191 189 229 228 226 222 217 208 192 171 171 167 167 170 160 166 176 169 171 182 190 188 197 199 202 198 199 199 204 207 207 207 206 201 204 202 196 204 206 205 200 198 200
238 236 236 240 240 238 239 237 238 236 234 234 234 232 232 229 231 230 229 227 225 230 231 216 207 215 220 227 227 221 223 223 218 209 199 193 210 219 211 194 173 181 173 180 195 188 182 189 186 203 200 188 207 228 227 224 220 215 204 184 171 159 159 155 152 162 158 164 174 167 171 185 191 197 198 201 204 205 206 206 208 208 208 207 207 203 197 196 193 199 202 207 203 199
239 237 234 240 241 240 238 238 236 236 235 233 233 233 232 232 228 228 228 232 229 226 231 224 219 220 226 226 227 224 221 223 220 214 203 215 219 213 199 192 170 171 168 169 182 193 191 193 191 199 193 184 211 226 225 222 215 207 197 187 169 159 162 153 156 161 165 160 159 171 169 177 183 195 197 198 200 204 203 204 204 207 206 206 205 199 201 198 194 199 193 197 207 203
241 239 238 238 241 240 240 240 237 236 234 234 235 234 232 232 234 233 228 230 230 229 218 219 223 215 221 219 219 202 210 216 221 218 202 203 208 187 191 178 178 170 171 170 183 187 189 191 191 189 185 177 212 223 222 218 209 196 187 183 176 171 163 161 170 166 160 165 162 163 174 173 181 185 195 197 203 204 201 202 204 205 207 207 204 192 199 201 195 195 199 195 201 208
239 241 241 240 241 240 240 240 240 237 237 237 235 232 235 235 236 237 227 224 229 229 228 221 210 220 220 212 216 217 198 215 216 213 203 186 195 204 207 183 189 173 171 170 181 186 185 180 180 179 174 191 216 219 220 216 206 188 184 181 176 176 165 157 164 160 154 164 163 159 172 170 173 184 191 199 202 204 200 204 204 205 207 206 201 186 194 203 202 201 203 202 196 205
237 238 237 239 236 237 239 240 240 239 237 236 234 232 232 232 236 238 233 223 229 230 229 226 224 226 221 192 199 211 214 217 210 199 193 188 171 184 196 197 187 172 171 169 171 185 185 180 175 167 173 202 211 216 216 214 203 190 185 176 178 178 174 157 155 165 160 162 167 165 165 167 170 184 196 198 202 206 204 204 205 200 200 195 195 195 192 205 202 201 200 197 200 194
231 237 232 238 238 236 237 240 239 240 239 238 238 238 234 235 238 238 237 226 226 229 229 223 219 220 215 198 198 202 204 203 199 198 197 190 180 169 198 193 195 194 177 172 171 181 180 175 168 170 188 199 206 210 211 204 194 189 181 178 176 174 173 164 148 156 165 161 168 168 168 168 173 187 195 199 204 204 201 205 203 197 204 201 208 205 197 206 201 193 195 194 200 195
229 229 232 236 237 237 235 238 239 239 239 238 236 237 238 239 238 237 237 234 227 229 230 229 227 220 221 219 210 207 208 202 199 193 190 190 183 177 199 189 182 189 184 185 180 175 175 172 164 175 183 193 200 204 200 194 175 174 172 168 168 167 169 169 155 151 161 164 163 169 167 175 181 194 199 204 205 203 203 206 204 203 207 209 209 208 200 205 199 195 196 196 201 198
230 228 232 235 234 236 235 236 239 237 237 238 237 235 237 237 237 237 236 230 229 230 226 227 223 225 219 209 214 212 210 201 194 191 183 184 177 178 184 193 183 180 171 182 176 170 173 165 164 159 171 186 192 194 185 180 158 151 151 148 146 144 162 170 162 152 163 161 160 171 166 166 186 199 203 204 204 202 205 206 204 207 209 210 210 208 202 201 203 201 197 198 201 196
228 227 231 235 232 233 237 237 238 237 235 237 237 235 236 237 235 237 236 235 222 225 232 232 230 220 214 211 207 221 224 212 193 186 189 192 181 176 175 184 186 168 170 168 172 164 164 167 158 134 146 176 182 186 170 154 143 142 132 127 124 116 161 171 161 160 162 162 165 170 165 170 188 199 201 204 203 204 207 204 205 207 210 209 210 210 209 203 202 204 206 201 204 199
226 222 226 230 228 231 235 238 236 237 234 236 236 236 235 234 236 235 236 232 227 223 230 231 228 223 214 203 201 211 225 222 208 195 197 193 182 172 164 175 176 168 170 167 155 154 167 169 163 141 146 165 178 174 138 131 127 137 147 153 158 162 168 174 169 164 158 163 168 168 165 174 188 198 205 206 203 207 206 206 208 210 209 205 210 210 210 209 208 205 206 205 204 202
226 225 224 220 225 230 233 236 238 235 231 234 232 234 234 235 236 235 235 234 231 227 224 234 227 213 219 212 195 206 222 214 205 205 207 197 193 180 168 165 164 166 169 166 152 157 176 177 170 159 151 154 171 167 127 94 102 133 156 167 172 174 178 175 169 162 163 157 161 169 171 170 175 197 204 203 204 208 206 205 208 209 209 203 211 209 209 207 204 206 203 204 202 203
228 233 227 225 224 228 229 234 236 235 227 231 231 228 233 236 236 232 235 234 230 233 229 233 232 225 217 225 196 187 208 214 201 204 205 178 185 178 167 160 160 163 167 165 155 162 181 181 179 168 137 134 166 161 136 87 83 132 160 176 182 178 179 175 168 166 165 160 158 169 168 170 178 195 204 201 205 207 207 205 201 208 210 200 206 209 210 207 199 207 204 202 202 200
234 232 234 235 232 227 225 229 232 236 234 230 231 225 228 235 232 235 234 234 233 230 233 229 227 226 223 213 219 204 206 206 205 188 196 181 178 176 173 163 161 158 156 157 156 177 190 189 185 180 167 163 172 160 140 127 120 146 158 180 189 180 175 170 162 166 163 164 163 170 166 173 180 189 196 203 206 208 206 205 209 209 208 201 193 195 208 209 207 200 202 206 203 199
238 237 235 235 232 222 223 226 228 234 235 230 227 225 227 230 233 235 235 234 233 234 233 227 227 215 223 223 223 215 207 200 202 196 178 177 175 174 173 161 151 143 144 150 157 183 195 194 193 191 185 180 174 161 149 142 143 152 151 166 192 183 179 166 157 166 169 165 161 166 166 171 181 179 192 201 204 207 203 203 209 206 208 206 194 204 211 210 210 205 202 204 205 202
238 235 232 230 231 223 216 220 225 228 227 221 221 223 223 220 220 228 233 231 226 228 234 233 213 220 215 216 220 216 198 193 189 201 191 183 183 184 183 168 154 140 143 136 164 187 192 194 197 196 194 191 185 165 145 136 144 149 151 168 192 180 176 176 187 179 177 178 176 168 176 170 174 184 191 193 200 202 199 205 208 207 204 208 202 209 211 210 210 208 207 196 204 205
236 232 230 231 224 218 217 216 220 223 220 222 220 221 220 213 210 218 223 225 222 219 223 233 232 220 215 208 203 221 217 204 191 199 200 198 195 194 191 182 160 140 137 134 173 190 190 196 199 200 200 194 190 171 135 129 136 149 162 174 198 182 165 180 189 182 174 174 179 176 182 180 174 180 180 188 190 200 204 208 210 203 201 210 206 208 211 210 210 206 208 200 198 205
233 221 217 222 223 216 214 213 214 217 213 216 215 219 216 213 211 208 210 216 215 215 218 218 223 217 209 203 200 212 220 210 207 197 192 198 197 192 180 155 149 136 134 141 175 186 192 197 200 201 202 199 186 174 151 133 139 152 157 176 200 192 182 192 178 184 177 178 175 181 193 187 183 178 189 189 192 197 204 202 204 206 201 207 205 203 206 210 210 202 207 201 196 205
233 229 219 215 216 214 214 209 209 212 209 211 212 213 214 215 212 207 207 210 213 213 211 220 218 207 206 202 196 214 224 217 216 198 184 187 191 192 182 163 153 145 140 144 176 187 194 198 201 202 203 201 183 165 151 136 139 153 156 175 195 184 189 198 180 183 186 173 173 180 191 197 196 187 188 192 190 197 201 196 197 201 200 200 205 200 203 210 211 208 203 202 197 205
227 226 220 218 217 216 211 207 205 204 207 211 209 210 214 215 211 208 203 205 209 208 208 215 224 225 214 202 197 198 211 224 214 189 171 179 176 177 186 171 146 140 141 148 173 187 193 196 200 202 204 203 184 165 150 140 143 163 170 184 197 191 173 204 194 186 196 178 183 181 192 201 199 195 190 200 196 199 200 200 197 200 195 199 209 204 205 210 211 209 198 200 202 205
237 233 224 218 214 210 210 208 205 204 207 210 208 210 210 215 213 208 204 201 202 205 208 218 222 217 225 203 198 197 193 217 196 192 178 174 171 171 174 156 149 152 133 148 173 188 192 194 198 201 203 204 191 170 156 139 144 162 164 182 197 196 178 200 204 202 202 199 186 189 198 199 198 195 197 195 200 201 202 203 201 198 196 205 210 207 203 211 211 209 199 202 204 205
229 237 218 216 212 208 202 207 204 203 203 207 207 209 210 213 215 205 205 204 207 205 208 219 217 206 216 210 198 199 195 215 210 200 185 171 169 167 159 143 140 145 135 151 182 189 189 191 195 200 203 203 191 185 169 140 142 153 167 183 194 196 184 200 198 195 194 204 200 191 205 205 195 197 193 197 198 201 201 202 200 199 198 208 207 205 209 211 211 210 207 208 207 204
222 237 230 222 213 209 205 203 201 203 205 207 205 206 209 214 215 204 205 205 208 209 211 215 218 207 207 201 200 198 197 217 211 202 184 171 168 170 156 132 140 133 144 174 193 187 188 188 193 199 203 205 203 197 166 147 152 163 173 180 201 193 190 199 197 195 190 195 203 201 206 205 203 203 206 203 194 197 200 200 201 198 199 207 201 203 211 210 211 210 205 207 205 202
