data/bclim12.asc
NCOLS 210 
NROWS 174 
XLLCORNER 27.125 
YLLCORNER -2.20833333333333 
CELLSIZE 0.0416666666666667 
NODATA_value -32768 
[rows 114 to 151 of 174, columns 85 to 169 of 210]
1016 1007 1004 988 983 973 975 960 953 942 935 927 921 921 917 916 912 917 915 918 919 924 929 937 950 970 998 1025 1057 1092 1125 1161 1192 1216 1231 1240 1248 1256 1251 1253 1261 1264 1267 1272 1291 1315 1338 1361 1395 1424 1450 1462 1454 1434 1414 1403 1401 1400 1394 1398 1412 1460 1469 1461 1450 1429 1404 1383 1365 1366 1333 1303 1290 1287 1284 1294 1292 1280 1283 1280 1301 1356 1459 1621 1680
992 986 974 962 953 952 943 932 924 915 906 903 898 901 899 897 901 903 908 910 912 919 927 939 953 973 1001 1027 1060 1090 1122 1155 1185 1213 1231 1248 1257 1276 1285 1281 1298 1294 1301 1310 1329 1352 1377 1399 1424 1453 1468 1470 1460 1453 1438 1438 1442 1406 1413 1429 1456 1485 1517 1516 1491 1453 1424 1403 1378 1373 1338 1293 1275 1266 1257 1243 1242 1239 1213 1212 1237 1404 1464 1532 1576
974 960 950 941 934 924 919 909 899 894 891 887 881 878 879 881 887 890 898 901 911 920 928 940 955 979 1006 1036 1064 1097 1126 1150 1178 1205 1229 1254 1274 1292 1311 1323 1338 1342 1352 1368 1380 1408 1424 1439 1456 1468 1479 1481 1473 1466 1467 1480 1473 1465 1453 1470 1493 1529 1556 1554 1511 1471 1433 1399 1371 1338 1307 1281 1258 1245 1220 1200 1187 1171 1155 1149 1210 1284 1306 1408 1459
967 952 939 932 918 910 907 898 885 879 876 869 866 859 862 870 876 884 890 896 906 918 927 941 963 986 1012 1042 1064 1088 1121 1152 1175 1200 1233 1264 1292 1321 1346 1367 1388 1403 1424 1442 1449 1466 1475 1485 1491 1497 1502 1498 1493 1497 1505 1512 1495 1479 1485 1501 1525 1547 1566 1563 1521 1480 1439 1401 1365 1332 1299 1269 1242 1214 1187 1167 1140 1121 1101 1092 1112 1149 1171 1219 1353
959 941 927 920 908 900 891 881 870 862 856 849 846 843 848 856 861 874 886 897 906 917 934 950 967 987 1013 1039 1061 1087 1115 1139 1173 1204 1237 1276 1317 1353 1386 1416 1439 1465 1490 1517 1525 1528 1529 1529 1532 1533 1528 1525 1520 1522 1540 1521 1504 1503 1513 1524 1540 1553 1560 1551 1514 1478 1436 1400 1362 1325 1291 1256 1226 1194 1204 1158 1109 1083 1058 1041 1027 1018 1032 1180 1308
950 933 919 909 900 887 877 869 856 845 839 832 828 827 833 843 855 866 881 899 908 921 943 953 971 992 1016 1042 1069 1097 1116 1142 1172 1210 1252 1302 1349 1393 1432 1467 1500 1527 1553 1573 1584 1584 1581 1577 1573 1569 1564 1557 1550 1546 1538 1530 1530 1530 1532 1539 1547 1549 1559 1529 1504 1470 1431 1393 1356 1317 1281 1244 1211 1175 1144 1112 1080 1052 1023 1001 982 976 993 1049 1133
952 937 915 905 894 880 869 857 842 831 823 814 811 814 818 831 845 863 881 897 913 921 943 958 981 1004 1027 1052 1079 1103 1127 1151 1185 1233 1284 1339 1393 1442 1484 1524 1559 1590 1613 1629 1637 1635 1630 1623 1617 1608 1600 1592 1582 1573 1566 1557 1553 1549 1547 1550 1550 1546 1541 1515 1490 1457 1423 1383 1345 1309 1270 1234 1197 1162 1126 1089 1058 1028 998 973 958 951 972 1003 1090
950 941 919 895 884 872 856 844 828 814 807 801 800 803 812 821 835 852 872 892 909 931 952 970 988 1019 1047 1069 1097 1124 1153 1181 1221 1272 1330 1387 1445 1498 1545 1588 1625 1653 1674 1685 1689 1686 1679 1670 1659 1650 1638 1624 1612 1601 1590 1582 1574 1566 1561 1555 1548 1540 1524 1505 1478 1447 1409 1373 1336 1297 1259 1223 1184 1145 1113 1075 1040 1009 981 955 942 946 969 991 1036
949 938 919 890 878 865 846 833 816 806 797 792 790 796 804 814 827 845 865 884 904 930 960 983 999 1027 1062 1088 1120 1154 1189 1225 1272 1327 1386 1445 1505 1563 1615 1655 1693 1719 1735 1744 1743 1738 1728 1715 1701 1687 1672 1660 1640 1628 1613 1601 1592 1582 1571 1561 1549 1535 1516 1494 1465 1433 1400 1361 1323 1283 1248 1210 1171 1134 1100 1063 1032 998 969 948 930 924 939 959 1043
948 928 912 888 873 859 841 827 811 796 787 782 788 794 799 810 821 838 857 877 901 927 964 992 1010 1041 1083 1117 1151 1190 1230 1278 1327 1384 1448 1510 1573 1633 1685 1731 1765 1788 1801 1805 1801 1791 1776 1760 1743 1733 1712 1691 1669 1652 1637 1622 1609 1592 1579 1563 1547 1531 1509 1481 1454 1421 1388 1351 1314 1277 1240 1200 1167 1126 1092 1053 1023 992 965 942 924 917 921 946 999
946 920 905 885 865 852 835 822 810 794 787 784 786 790 796 807 817 834 850 870 898 927 968 1000 1025 1057 1098 1144 1184 1228 1275 1327 1385 1445 1511 1579 1646 1708 1765 1811 1844 1863 1870 1867 1857 1841 1822 1802 1779 1759 1736 1715 1696 1675 1656 1638 1619 1601 1586 1568 1547 1526 1501 1475 1445 1414 1377 1342 1304 1268 1230 1191 1158 1120 1083 1050 1018 988 962 941 928 919 930 957 992
938 916 893 877 859 844 831 819 809 796 790 788 790 795 799 806 816 830 847 865 896 933 975 1014 1045 1086 1132 1176 1219 1269 1324 1384 1444 1506 1574 1646 1718 1785 1849 1896 1927 1940 1940 1928 1913 1890 1867 1841 1817 1790 1766 1741 1719 1696 1675 1653 1632 1611 1592 1569 1545 1521 1496 1468 1435 1403 1367 1332 1296 1258 1222 1185 1148 1112 1079 1045 1016 986 962 942 931 923 926 951 977
930 908 887 869 857 840 826 816 807 799 795 795 795 798 805 809 821 833 845 863 898 941 985 1029 1072 1112 1157 1208 1258 1313 1371 1435 1499 1565 1639 1713 1787 1861 1931 1983 2011 2015 2005 1986 1959 1934 1906 1876 1848 1819 1793 1768 1740 1714 1691 1665 1643 1618 1593 1568 1542 1517 1491 1459 1428 1392 1359 1324 1287 1251 1214 1180 1144 1108 1075 1045 1015 987 964 948 934 927 929 939 960
917 897 879 860 850 836 828 816 810 803 801 799 807 806 809 817 827 838 855 877 910 951 997 1046 1097 1138 1186 1237 1294 1353 1416 1486 1546 1617 1691 1771 1849 1931 2005 2064 2093 2087 2062 2033 2004 1971 1940 1907 1876 1845 1815 1790 1756 1730 1704 1677 1650 1624 1596 1570 1542 1515 1485 1452 1421 1387 1351 1315 1280 1244 1210 1173 1138 1105 1073 1043 1015 993 971 950 940 933 934 944 960
907 890 872 858 845 833 824 817 812 807 805 810 813 808 816 825 836 846 865 890 925 967 1013 1063 1114 1161 1209 1263 1326 1388 1457 1527 1594 1658 1734 1815 1894 1969 2046 2118 2149 2136 2102 2069 2036 2001 1967 1932 1899 1866 1834 1802 1774 1742 1714 1685 1657 1629 1598 1571 1543 1513 1479 1447 1413 1377 1344 1308 1275 1238 1203 1169 1136 1102 1072 1044 1017 992 974 959 945 939 940 949 963
893 880 868 850 843 831 825 818 811 811 812 812 814 817 828 838 846 858 880 904 940 984 1030 1078 1131 1179 1229 1293 1357 1420 1489 1558 1626 1695 1769 1847 1923 1999 2063 2123 2153 2151 2121 2088 2057 2019 1985 1949 1915 1884 1849 1817 1787 1754 1724 1693 1661 1631 1602 1571 1538 1505 1473 1440 1408 1373 1338 1301 1268 1232 1199 1166 1130 1100 1074 1044 1020 998 978 963 953 948 950 956 972
883 871 862 849 839 832 828 821 817 814 817 816 819 824 836 842 856 869 894 922 959 1001 1049 1101 1151 1204 1257 1319 1384 1449 1517 1583 1653 1723 1794 1865 1936 2004 2065 2112 2136 2139 2123 2093 2070 2032 1996 1962 1929 1894 1861 1828 1794 1762 1730 1698 1666 1634 1603 1567 1535 1502 1471 1436 1400 1367 1332 1297 1262 1224 1192 1161 1130 1099 1071 1045 1022 1003 985 971 962 957 959 973 1001
872 869 861 854 843 839 832 826 820 820 820 824 827 830 839 853 866 884 909 939 976 1021 1068 1123 1175 1229 1287 1348 1410 1474 1540 1608 1673 1742 1808 1877 1945 2007 2059 2095 2119 2120 2109 2094 2068 2034 2003 1971 1936 1900 1868 1833 1800 1767 1735 1702 1666 1634 1600 1566 1533 1500 1465 1430 1395 1358 1326 1290 1256 1222 1187 1156 1128 1097 1071 1045 1024 1004 990 987 1027 969 971 986 1005
872 867 864 859 855 843 842 835 831 825 827 829 833 839 849 877 891 907 927 959 994 1034 1085 1144 1199 1257 1314 1373 1433 1496 1560 1626 1692 1757 1821 1883 1947 1997 2043 2077 2097 2102 2097 2087 2062 2032 2005 1974 1940 1905 1872 1838 1803 1770 1735 1702 1667 1634 1599 1564 1531 1495 1460 1425 1390 1355 1320 1286 1252 1217 1185 1152 1122 1095 1070 1046 1026 1008 994 1023 1162 1026 982 996 1084
895 879 875 871 862 856 850 844 836 832 833 834 838 849 862 878 897 919 946 974 1010 1052 1103 1162 1221 1279 1338 1394 1456 1517 1580 1643 1704 1769 1830 1889 1941 1986 2028 2059 2074 2084 2082 2069 2051 2029 2001 1971 1939 1908 1874 1842 1807 1773 1737 1704 1667 1633 1597 1562 1525 1491 1455 1421 1382 1349 1316 1280 1246 1212 1180 1149 1121 1094 1069 1046 1026 1009 996 990 984 990 997 1011 1167
912 897 882 865 857 854 857 850 841 839 840 839 846 857 869 885 911 937 963 985 1022 1065 1118 1175 1242 1301 1358 1415 1474 1535 1597 1657 1719 1777 1833 1886 1937 1980 2015 2039 2058 2066 2067 2056 2040 2019 1995 1967 1937 1904 1873 1840 1805 1770 1737 1701 1665 1630 1596 1556 1521 1486 1450 1413 1378 1343 1310 1274 1241 1206 1174 1145 1117 1090 1068 1044 1024 1010 1000 993 992 1005 1071 1211 1125
930 923 913 900 877 853 876 861 850 850 848 842 853 860 875 894 932 960 970 993 1032 1078 1132 1194 1258 1324 1378 1433 1492 1554 1612 1670 1728 1786 1839 1888 1933 1969 2003 2026 2041 2051 2050 2041 2030 2008 1988 1959 1932 1900 1869 1838 1803 1768 1732 1697 1661 1625 1590 1553 1517 1481 1444 1410 1374 1337 1303 1269 1235 1204 1173 1141 1115 1089 1065 1044 1024 1009 1000 994 995 1003 1163 1585 1487
955 947 930 910 912 878 890 874 862 859 854 846 858 870 887 908 925 960 986 1007 1046 1091 1146 1208 1269 1334 1394 1449 1510 1570 1627 1685 1740 1791 1842 1886 1928 1964 1990 2018 2031 2037 2037 2029 2017 2000 1979 1952 1925 1895 1864 1832 1797 1761 1727 1692 1657 1622 1585 1548 1514 1477 1439 1403 1367 1332 1299 1263 1229 1198 1168 1137 1109 1083 1062 1040 1023 1009 998 991 993 1058 1522 1554 1467
980 977 971 938 944 929 913 896 878 870 859 861 864 875 889 908 939 955 988 1015 1052 1104 1158 1218 1281 1342 1402 1464 1526 1583 1641 1697 1749 1799 1846 1889 1926 1956 1983 2003 2015 2021 2023 2017 2003 1988 1968 1942 1919 1888 1858 1828 1793 1758 1720 1684 1651 1617 1580 1543 1507 1470 1434 1397 1364 1326 1292 1257 1225 1191 1161 1133 1105 1081 1055 1035 1018 1006 993 987 989 1046 1263 1223 1220
1004 1016 1014 951 940 956 930 909 890 870 859 860 871 884 894 906 936 960 1003 1037 1058 1112 1168 1228 1291 1356 1419 1481 1540 1601 1655 1709 1759 1809 1853 1889 1925 1953 1979 1995 2006 2012 2010 2002 1993 1976 1960 1935 1909 1882 1851 1819 1785 1751 1715 1679 1649 1612 1573 1535 1501 1464 1428 1391 1354 1320 1284 1251 1218 1187 1157 1127 1101 1073 1050 1032 1014 1000 988 983 982 993 1139 1165 1203
1016 1002 973 970 985 983 948 911 873 849 865 867 877 894 911 914 945 987 1011 1021 1067 1119 1180 1240 1303 1370 1435 1497 1558 1618 1672 1723 1773 1818 1858 1893 1925 1950 1972 1986 1997 1998 1998 1993 1982 1967 1948 1925 1902 1874 1843 1811 1776 1743 1708 1673 1641 1604 1569 1532 1493 1456 1421 1384 1348 1312 1277 1245 1213 1179 1151 1121 1094 1070 1047 1026 1008 992 981 974 972 977 1053 1158 1184
1002 967 961 1059 1035 1002 959 888 828 827 868 869 886 902 925 936 932 948 980 1025 1076 1130 1191 1256 1322 1389 1454 1517 1576 1637 1689 1738 1787 1828 1864 1897 1926 1950 1967 1980 1987 1992 1988 1982 1972 1956 1937 1915 1891 1865 1833 1805 1770 1734 1700 1668 1631 1597 1561 1524 1486 1451 1412 1376 1341 1305 1272 1239 1206 1175 1144 1117 1089 1064 1038 1019 1003 987 974 966 962 962 981 1054 1118
989 978 1068 999 1043 951 899 857 848 858 872 895 897 908 933 953 939 958 993 1041 1093 1149 1207 1276 1344 1413 1477 1542 1602 1658 1708 1758 1801 1840 1873 1903 1931 1950 1965 1977 1983 1982 1980 1974 1960 1945 1928 1908 1882 1855 1824 1794 1761 1728 1693 1660 1627 1588 1553 1516 1480 1444 1406 1371 1335 1299 1264 1232 1198 1167 1137 1111 1082 1058 1036 1011 994 980 968 959 953 954 956 977 1033
1000 985 1095 958 931 969 891 896 918 906 901 909 911 925 948 970 968 982 1018 1067 1120 1173 1233 1299 1370 1439 1507 1570 1628 1682 1732 1779 1817 1854 1884 1911 1932 1950 1966 1972 1975 1974 1972 1964 1952 1936 1917 1897 1873 1847 1816 1787 1753 1721 1686 1654 1618 1582 1545 1510 1476 1435 1400 1365 1329 1293 1258 1224 1190 1162 1132 1103 1078 1051 1030 1008 990 974 963 953 952 949 960 981 1019
995 1022 1033 958 949 984 926 937 935 928 923 921 929 940 960 972 991 1014 1055 1102 1151 1208 1267 1333 1406 1473 1542 1601 1658 1711 1760 1800 1836 1869 1897 1920 1939 1953 1962 1969 1971 1970 1964 1955 1940 1924 1908 1885 1861 1835 1808 1779 1746 1711 1680 1646 1611 1573 1539 1501 1465 1430 1393 1355 1319 1286 1250 1220 1188 1157 1126 1096 1074 1047 1025 1003 986 971 959 951 949 954 968 995 1034
993 1009 1039 995 1015 982 923 934 945 940 937 939 947 958 978 995 1019 1050 1094 1142 1193 1252 1312 1378 1446 1518 1580 1640 1695 1743 1784 1825 1858 1886 1910 1928 1945 1957 1964 1965 1968 1962 1957 1946 1933 1917 1900 1878 1852 1827 1799 1769 1739 1705 1672 1638 1604 1569 1530 1496 1459 1422 1385 1350 1313 1278 1247 1211 1179 1148 1118 1092 1063 1042 1018 1000 982 968 955 949 949 960 979 1022 1069
992 1001 988 1007 1001 982 956 946 946 953 954 957 968 983 1000 1023 1052 1089 1133 1182 1237 1293 1361 1426 1498 1561 1618 1658 1733 1778 1821 1852 1880 1905 1923 1940 1950 1959 1964 1965 1963 1958 1948 1938 1924 1906 1888 1867 1842 1818 1789 1763 1729 1698 1663 1630 1596 1560 1523 1487 1450 1416 1377 1341 1308 1271 1239 1205 1172 1141 1112 1087 1061 1035 1014 994 975 962 954 948 951 965 992 1038 1120
971 977 977 976 979 973 970 962 955 962 968 975 990 1004 1027 1055 1086 1127 1175 1226 1282 1345 1413 1480 1547 1606 1662 1725 1776 1819 1854 1882 1905 1925 1940 1951 1956 1962 1964 1963 1957 1953 1944 1929 1916 1898 1878 1857 1834 1808 1781 1753 1723 1690 1657 1623 1588 1553 1516 1481 1444 1407 1371 1335 1300 1264 1230 1199 1168 1136 1106 1079 1052 1031 1009 991 974 960 952 946 951 969 1019 1075 1151
964 963 972 980 971 974 971 970 969 976 986 996 1012 1029 1056 1087 1122 1161 1212 1268 1326 1392 1465 1532 1599 1664 1728 1777 1817 1860 1888 1912 1929 1944 1955 1960 1963 1966 1964 1960 1955 1945 1936 1923 1905 1888 1868 1846 1825 1799 1771 1743 1714 1681 1647 1615 1580 1544 1507 1472 1437 1401 1364 1326 1292 1258 1224 1189 1158 1127 1099 1071 1049 1024 1005 987 971 960 950 948 957 984 1051 1106 1172
990 964 959 985 982 970 980 976 980 987 1002 1014 1031 1053 1083 1113 1153 1190 1249 1305 1370 1442 1513 1575 1660 1728 1778 1833 1863 1902 1924 1940 1953 1963 1968 1967 1969 1967 1963 1956 1949 1940 1925 1914 1896 1879 1860 1835 1814 1790 1762 1735 1704 1674 1642 1608 1572 1539 1502 1466 1430 1393 1356 1322 1286 1252 1216 1184 1152 1121 1093 1065 1043 1018 1000 984 968 957 953 952 974 1035 1088 1129 1195
1015 992 951 961 966 967 975 994 995 1000 1016 1032 1054 1077 1108 1140 1181 1227 1281 1344 1411 1488 1565 1621 1714 1783 1826 1884 1912 1942 1958 1968 1973 1976 1977 1977 1971 1968 1962 1953 1943 1932 1919 1903 1888 1869 1849 1825 1804 1778 1754 1725 1697 1665 1633 1599 1567 1530 1494 1460 1423 1384 1349 1313 1277 1242 1209 1174 1143 1112 1086 1059 1035 1011 994 979 966 960 958 969 1000 1063 1178 1197 1251
986 1015 940 963 972 982 1000 994 1017 1013 1026 1046 1071 1098 1128 1161 1206 1252 1310 1375 1448 1526 1613 1663 1752 1835 1890 1916 1959 1979 1988 1992 1992 1988 1985 1980 1972 1966 1956 1947 1934 1921 1908 1893 1875 1857 1835 1818 1793 1769 1743 1715 1687 1657 1626 1591 1558 1523 1489 1451 1415 1379 1341 1306 1270 1237 1200 1168 1135 1104 1077 1051 1026 1008 987 973 964 975 988 984 1045 1119 1180 1181 1218
922 1000 933 975 1031 1020 1022 1005 1027 1033 1041 1063 1087 1114 1148 1185 1227 1273 1333 1397 1476 1558 1652 1696 1799 1875 1908 1922 1988 2012 2012 2010 2004 1996 1988 1981 1971 1961 1949 1936 1926 1911 1896 1880 1861 1846 1827 1805 1784 1760 1735 1706 1679 1649 1619 1588 1552 1517 1483 1445 1409 1371 1333 1296 1263 1228 1192 1160 1129 1097 1068 1043 1020 1000 982 969 962 979 973 1008 1048 1110 1141 1121 1135
