data/bclim11.asc
NCOLS 210 
NROWS 174 
XLLCORNER 27.125 
YLLCORNER -2.20833333333333 
CELLSIZE 0.0416666666666667 
NODATA_value -32768 
[rows 84 to 125 of 174, columns 0 to 93 of 210]
237 240 241 242 241 242 243 244 243 243 242 242 242 241 240 238 239 240 239 237 236 237 237 236 235 234 234 233 235 234 233 233 234 235 236 235 237 237 236 235 234 233 231 231 231 231 231 231 231 231 231 230 230 230 229 227 226 224 225 226 227 228 227 227 224 226 225 223 221 221 219 219 217 212 209 203 192 198 213 227 241 243 244 244 244 245 245 245 245 245 246 246 245 244
235 236 238 239 240 240 241 243 243 242 242 243 242 242 242 242 239 237 238 238 238 240 241 239 237 237 236 236 238 237 235 233 234 235 236 237 237 237 235 233 232 232 232 232 232 233 233 232 232 232 232 230 230 229 229 226 225 224 225 227 228 229 229 229 228 227 227 223 222 221 218 216 215 212 209 203 190 217 237 241 243 244 244 243 244 245 245 245 245 245 245 243 242 239
235 236 236 236 236 238 240 242 243 243 241 242 242 241 242 243 242 242 243 241 243 244 244 242 239 238 239 239 239 236 235 235 233 234 237 237 236 236 236 234 230 232 234 234 234 234 234 233 232 232 231 230 229 228 227 227 226 226 225 227 228 229 231 230 229 228 227 223 220 219 217 213 212 210 207 199 199 232 240 241 243 244 244 244 243 244 244 245 245 246 244 241 238 224
236 236 235 236 235 234 239 242 243 243 242 243 242 243 243 243 244 244 245 245 245 245 245 242 240 240 241 240 239 239 239 237 236 236 238 237 236 235 235 235 235 235 233 233 234 234 233 233 233 232 231 230 230 229 227 227 227 227 226 226 226 228 230 228 226 226 225 222 220 213 210 204 202 203 202 200 222 238 241 242 243 243 244 244 244 244 244 244 245 241 237 228 226 221
237 236 237 236 237 235 235 237 241 243 243 243 243 243 243 243 244 245 245 245 245 245 245 244 242 242 243 240 237 238 240 238 238 237 238 237 236 234 234 234 233 234 234 233 232 233 233 231 232 232 230 230 229 228 228 229 230 230 227 225 225 229 230 225 227 217 224 220 219 213 206 201 193 198 200 202 226 239 242 243 243 243 244 244 244 244 244 244 244 221 218 217 219 219
238 238 237 237 236 236 236 235 236 241 243 243 243 243 245 245 244 245 245 244 245 245 245 246 246 245 245 243 240 236 241 241 240 239 238 238 236 235 235 234 234 235 236 235 233 231 231 229 231 231 230 228 228 228 230 231 231 231 230 229 229 230 230 227 225 218 219 218 218 201 193 202 196 191 190 199 228 241 243 243 243 243 243 244 244 245 244 243 226 214 215 217 216 218
238 239 239 238 237 237 237 237 237 237 241 242 240 240 242 244 245 244 243 244 245 245 244 245 245 243 243 242 240 241 242 241 239 238 238 238 237 237 236 235 235 236 238 236 232 233 234 234 232 230 229 229 229 229 231 232 234 233 233 233 232 231 229 228 219 214 212 216 214 197 188 196 191 185 187 217 241 243 243 243 243 243 243 243 244 244 244 227 212 214 215 215 214 216
238 239 239 238 239 238 238 237 237 237 235 236 233 232 235 242 244 244 243 243 243 244 245 244 245 242 242 243 242 242 242 239 237 238 236 236 237 237 236 236 237 238 239 238 235 233 235 234 233 232 230 231 231 232 232 234 235 233 233 232 230 228 230 226 208 203 205 219 207 192 186 190 193 192 204 234 242 242 243 243 243 243 243 243 243 244 243 220 212 214 214 213 214 215
238 239 239 239 238 239 239 238 238 238 237 236 235 233 234 239 242 242 241 240 242 244 245 244 244 241 240 239 240 242 241 239 239 237 236 234 235 235 236 238 239 240 239 239 238 233 236 235 234 233 232 233 233 233 234 235 234 232 231 230 225 224 227 226 218 213 214 220 212 198 189 194 194 194 213 233 242 242 242 242 243 243 243 244 244 244 230 214 214 214 213 216 216 217
237 238 238 239 238 238 239 239 240 239 239 238 236 235 235 235 238 240 240 240 240 243 245 244 243 241 237 236 238 238 241 242 240 237 236 236 236 236 236 240 238 238 237 238 239 237 235 236 236 235 234 235 234 235 236 235 233 230 230 227 224 223 227 227 223 222 220 218 208 203 198 199 198 210 231 242 243 243 243 243 242 243 243 244 244 236 215 215 217 218 219 219 218 219
237 237 238 237 237 238 238 239 240 239 238 239 237 238 237 236 236 236 239 240 240 244 244 244 243 241 237 234 235 237 240 240 241 239 239 238 236 237 239 240 239 238 237 237 237 239 237 237 238 237 236 235 235 236 235 233 232 229 227 225 225 226 226 226 225 223 216 211 212 214 211 213 225 240 242 242 242 242 242 242 242 243 243 244 235 222 220 218 218 218 218 218 217 218
238 237 237 235 236 237 238 239 240 239 239 240 241 240 238 237 236 235 236 239 241 244 244 244 243 242 240 236 235 236 237 238 241 240 241 239 238 240 241 239 238 238 237 237 236 238 239 238 237 238 237 236 234 235 234 232 231 227 225 224 226 226 222 224 221 215 211 204 217 227 228 233 238 241 241 241 242 242 242 242 243 243 243 243 220 214 222 224 219 215 216 214 217 217
239 239 237 235 235 236 239 239 239 238 239 240 242 241 239 237 236 235 234 236 241 243 244 244 243 242 240 235 233 235 236 237 238 237 239 240 240 240 239 238 239 238 237 235 233 235 236 236 236 235 237 237 236 236 234 232 230 227 225 225 226 222 220 218 217 204 198 203 222 231 233 236 240 242 242 242 241 241 241 242 242 242 243 229 211 211 214 220 214 213 214 214 215 216
240 240 239 237 236 237 238 240 239 238 239 241 241 241 239 238 237 236 236 233 237 240 243 243 243 242 240 235 233 234 235 236 237 236 236 237 238 240 241 240 239 238 236 234 233 233 233 234 236 234 236 238 237 236 236 234 231 229 226 226 224 221 215 214 211 201 196 218 229 233 235 239 241 241 241 242 240 239 240 241 241 241 227 211 209 208 210 213 212 212 211 213 214 215
239 240 240 238 237 238 238 240 239 239 240 240 239 240 240 240 239 238 237 234 235 238 240 243 243 242 240 236 234 233 234 235 236 235 235 235 237 237 239 240 240 240 239 238 236 236 234 235 233 233 235 237 237 235 234 234 232 229 227 224 221 216 217 216 213 203 213 232 233 236 239 241 241 242 241 238 236 237 239 240 238 219 210 206 207 207 207 209 210 211 211 213 213 214
238 240 239 240 239 240 240 240 240 240 240 240 240 240 241 241 240 237 237 237 237 240 240 242 243 240 238 234 233 232 233 233 234 234 235 236 234 229 238 238 239 239 241 241 239 237 235 237 235 236 236 236 236 236 233 233 232 228 227 224 216 216 216 217 213 213 231 232 236 239 241 241 241 232 225 232 234 236 234 215 206 205 203 209 210 210 208 209 209 209 210 212 211 212
237 239 237 239 240 241 241 240 240 241 241 241 240 240 241 241 240 239 239 238 239 240 238 241 242 240 235 231 235 235 234 234 234 233 233 235 235 230 236 237 239 238 240 240 239 240 238 239 238 238 238 235 235 235 232 232 231 229 227 224 219 219 226 229 232 234 235 237 240 241 240 240 240 217 220 230 231 232 208 195 202 199 200 202 206 207 211 213 212 212 212 212 212 212
236 238 237 236 239 240 240 240 239 239 240 241 240 242 241 241 240 239 239 238 239 239 238 242 238 232 233 235 237 236 236 235 234 233 232 233 234 234 236 237 239 237 238 239 237 238 240 238 236 236 235 235 234 234 234 233 232 228 226 225 221 227 237 237 238 239 240 240 240 240 238 238 234 188 213 226 227 216 192 192 199 198 196 201 205 204 204 207 212 213 212 212 213 213
236 238 236 236 237 239 240 240 240 239 239 240 240 241 241 240 241 240 239 238 239 241 241 242 241 235 235 238 239 237 237 235 233 232 231 233 233 234 235 237 238 237 236 236 235 236 239 241 240 238 233 233 234 234 234 232 231 229 226 227 233 240 240 239 240 238 238 237 238 237 235 231 204 181 213 210 192 195 191 191 195 196 195 200 201 201 203 209 212 212 214 213 211 207
236 237 237 236 236 237 239 240 240 239 237 238 239 240 241 241 240 240 240 240 240 241 241 242 238 240 239 238 240 237 237 235 234 233 232 231 231 234 236 236 237 237 236 236 234 235 237 238 240 239 234 235 236 236 234 232 230 229 229 236 240 241 242 240 240 236 237 236 237 234 229 217 168 177 186 185 186 186 188 191 193 195 195 200 203 202 204 210 210 209 213 213 210 206
236 237 238 236 235 236 237 240 240 240 239 238 239 239 240 241 241 241 241 241 241 241 242 239 237 237 239 240 239 239 238 236 235 233 233 232 228 234 236 235 237 236 237 233 232 234 236 238 240 238 238 238 236 236 234 232 231 230 235 241 242 242 242 239 238 236 234 234 233 230 218 183 151 181 185 185 187 189 190 191 192 194 196 203 202 203 206 210 211 207 211 213 212 211
234 236 237 236 234 235 235 239 240 238 238 238 239 238 239 241 241 241 241 241 241 241 241 234 234 236 238 240 240 238 238 237 236 234 234 233 229 231 235 235 236 236 236 236 234 233 237 239 240 240 239 236 236 236 234 232 230 232 238 241 241 242 243 240 238 235 232 229 228 222 182 142 156 184 186 187 188 190 192 193 192 194 200 202 203 202 207 209 210 209 209 212 212 209
233 235 237 236 236 235 234 238 239 237 236 238 240 239 239 241 240 240 240 241 241 241 240 233 232 233 239 238 239 237 236 236 236 235 234 233 232 228 226 225 230 227 226 235 236 235 238 238 240 238 239 237 235 236 235 233 232 234 239 241 241 243 242 240 239 235 222 220 215 187 146 126 171 186 187 189 189 190 192 193 194 196 198 201 202 205 206 206 209 210 209 211 212 209
233 233 234 234 235 235 232 235 238 236 235 235 239 239 240 240 239 240 240 241 241 241 239 236 232 232 238 238 237 237 236 235 235 235 234 233 232 225 224 222 218 218 231 236 231 233 238 238 239 238 236 236 232 234 233 233 232 235 237 241 242 243 241 240 234 206 176 185 179 152 118 138 183 189 190 192 191 190 190 194 199 200 202 202 201 203 204 206 209 209 208 208 209 208
232 232 232 232 232 233 229 233 237 237 235 237 238 239 239 240 240 240 240 241 240 239 235 234 236 235 237 237 235 236 236 234 234 235 234 227 225 227 221 218 217 216 227 234 236 237 236 236 237 236 237 236 232 232 232 231 229 233 235 236 240 240 241 238 217 165 129 135 128 111 112 152 186 193 195 195 192 195 195 197 201 202 203 202 201 202 204 204 205 207 207 206 208 206
231 231 232 232 232 231 231 233 236 238 234 237 238 239 239 239 240 241 241 240 238 240 237 237 236 234 235 235 233 234 232 232 233 232 232 230 233 225 219 216 215 216 229 232 229 236 235 235 235 234 236 234 232 231 230 228 223 230 236 236 239 239 235 218 158 115 91 95 95 86 136 177 192 196 199 200 195 201 200 201 203 204 204 203 204 205 203 203 205 207 208 206 205 206
229 230 232 231 231 232 231 235 237 238 236 237 238 238 238 238 239 240 240 239 238 240 237 237 234 233 233 234 233 232 229 230 231 230 231 233 233 229 218 224 227 225 227 228 229 229 223 228 226 232 234 232 230 229 225 221 209 234 237 236 237 235 230 197 129 87 50 61 73 98 135 177 195 203 206 208 207 207 207 206 205 205 206 204 207 206 203 206 205 205 206 204 205 204
230 230 231 230 231 232 231 234 238 237 235 236 238 237 238 238 240 240 239 236 236 238 236 235 236 233 232 232 229 225 230 232 230 232 232 232 232 233 231 221 218 220 226 230 231 229 219 212 215 231 231 230 226 222 212 202 219 238 235 231 236 232 227 205 118 64 47 68 81 122 148 183 200 210 215 215 212 209 210 207 205 207 208 208 207 205 205 208 207 206 207 205 204 206
231 230 230 230 231 231 231 231 235 236 236 237 237 236 236 238 239 240 239 238 235 237 238 233 235 234 232 228 225 230 233 233 231 231 231 231 229 227 227 227 226 228 228 229 229 227 225 215 203 217 226 224 213 204 201 204 234 237 232 230 234 231 227 200 133 74 44 80 126 168 184 196 208 215 222 223 216 210 210 210 209 207 209 209 207 208 210 209 208 207 210 209 208 207
231 231 230 230 231 231 231 232 233 236 237 237 236 235 234 237 239 240 239 237 235 236 237 232 233 235 231 231 234 233 232 230 232 231 229 228 226 219 222 224 224 226 226 228 229 226 221 220 207 189 212 209 213 211 198 205 233 237 235 234 233 231 226 191 130 75 48 76 103 144 188 206 215 222 224 226 217 211 211 209 209 209 209 208 208 208 210 207 209 208 211 210 207 208
231 231 230 230 230 231 232 233 234 237 237 236 236 234 234 236 239 239 237 236 235 233 236 235 235 231 233 237 235 232 231 234 234 231 226 222 226 221 218 219 221 217 227 230 227 224 214 199 184 192 211 189 200 197 181 207 231 234 236 234 233 231 222 171 122 71 65 92 129 146 186 212 220 226 227 227 216 211 213 207 209 210 209 209 209 210 209 208 210 210 211 207 209 210
231 231 230 230 230 230 232 232 233 235 235 235 234 234 235 236 238 239 236 234 233 227 229 237 238 237 238 238 237 234 235 235 233 228 225 224 224 219 220 217 214 217 228 228 214 199 202 196 193 190 190 175 181 178 177 198 230 232 234 235 233 229 211 177 144 107 104 118 171 179 198 215 225 227 228 228 221 213 211 210 199 210 210 210 211 211 210 211 212 212 210 210 210 211
230 231 231 230 230 229 230 230 230 232 233 233 234 235 236 237 238 239 236 231 228 230 231 236 239 239 236 235 237 237 237 235 234 229 229 227 220 224 227 220 212 220 226 225 221 200 190 187 191 183 178 171 180 181 174 180 221 232 232 233 233 227 194 158 138 108 143 152 175 201 219 226 227 228 228 228 225 217 212 210 209 212 211 211 212 212 212 211 212 212 212 211 211 212
230 230 230 230 230 229 228 228 228 232 234 233 234 236 237 237 238 239 237 232 232 234 232 233 238 239 235 234 235 235 235 233 231 229 230 228 225 228 224 217 212 222 225 225 219 213 193 178 173 179 174 175 180 177 175 197 228 229 229 230 232 219 194 175 147 128 166 192 188 195 222 227 228 228 228 228 225 216 212 211 212 213 213 212 211 209 209 209 209 210 210 208 209 211
229 230 229 229 229 228 227 227 230 233 235 234 235 236 236 237 238 238 237 237 236 233 235 237 236 236 235 236 235 236 236 234 232 232 232 230 229 225 221 216 215 218 221 222 222 220 214 198 180 195 187 182 178 172 182 200 218 224 227 229 231 215 205 188 163 166 199 210 198 210 227 228 228 228 228 229 222 214 215 213 214 213 210 210 212 209 208 209 208 208 209 209 209 209
230 229 228 228 228 227 226 227 230 232 233 235 236 236 237 237 236 237 238 236 233 231 235 236 233 233 237 236 233 232 233 231 232 231 230 229 227 226 225 223 220 217 216 219 222 218 215 214 205 196 184 180 174 165 169 169 194 222 225 229 230 218 219 204 184 202 218 214 205 221 229 228 228 229 228 229 223 213 210 211 211 210 208 210 210 210 210 209 208 207 208 208 207 208
229 228 227 227 226 226 225 228 229 233 235 236 235 235 235 234 235 236 237 237 234 230 234 235 232 230 234 233 232 229 229 228 230 228 227 227 226 226 225 225 224 222 216 214 217 217 208 204 194 182 177 174 165 161 158 159 188 216 225 229 228 219 222 217 211 220 221 217 217 228 229 228 229 229 230 230 221 209 208 209 209 207 208 209 208 209 208 209 207 207 207 206 206 207
228 227 227 227 225 224 225 227 230 232 234 235 234 234 235 236 236 237 237 236 235 231 233 236 233 230 230 231 230 228 228 228 228 228 228 228 225 225 225 226 222 224 221 215 213 210 194 198 187 181 178 171 157 154 151 149 172 213 225 230 227 216 225 225 224 223 220 216 223 228 228 228 228 229 230 229 215 206 206 208 207 207 208 207 207 209 206 207 208 207 206 207 206 207
227 226 225 225 224 224 226 228 230 232 233 234 233 236 234 233 235 237 236 234 234 231 232 235 233 227 228 228 229 230 229 230 230 227 225 224 224 225 226 225 223 224 224 223 216 194 192 182 183 180 175 165 151 145 146 143 177 215 227 230 223 223 230 229 227 224 220 219 224 227 228 227 228 228 229 225 213 206 205 206 204 206 207 205 206 208 206 205 208 206 205 206 205 206
226 226 225 225 225 227 228 229 229 230 232 232 232 235 232 224 227 236 236 233 233 231 228 234 233 230 231 230 232 232 232 230 229 226 224 223 222 222 223 224 224 223 222 220 222 218 199 186 180 173 168 159 140 137 135 137 184 218 230 229 225 228 231 230 228 227 225 224 227 227 227 228 227 227 227 224 210 204 202 202 194 204 206 204 205 207 207 205 206 205 204 204 204 205
225 225 225 225 227 229 230 230 231 231 232 233 234 235 234 227 221 231 236 235 232 232 229 233 233 233 232 232 232 231 230 228 228 222 213 219 220 218 221 222 224 222 220 217 218 205 189 174 159 160 167 155 136 126 125 122 180 228 232 231 231 231 231 230 230 229 229 227 227 227 227 226 225 224 224 222 209 199 187 201 200 204 204 204 205 206 207 205 205 205 204 203 203 204
227 224 224 226 227 228 229 229 229 231 231 233 234 233 233 230 224 226 235 235 232 231 231 234 235 232 231 229 230 230 228 227 227 227 224 219 220 220 218 219 221 221 219 218 217 207 182 158 161 154 145 134 124 121 126 164 217 233 232 232 232 232 231 230 230 230 229 227 227 226 226 223 221 221 218 212 205 190 191 201 202 202 202 203 205 205 205 205 204 204 204 203 202 203
