data/bclim1.asc
NCOLS 210 
NROWS 174 
XLLCORNER 27.125 
YLLCORNER -2.20833333333333 
CELLSIZE 0.0416666666666667 
NODATA_value -32768 
[rows 0 to 41 of 174, columns 0 to 93 of 210]
250.000000000000000 250 249 249 249 248 247 246 248 249 250 250 250 249 250 250 250 249 249 250 250 250 250 251 250 251 251 250 251 251 251 251 251 251 251 251 251 251 251 250 250 249 250 249 249 249 250 251 250 249 249 249 249 249 250 251 250 248 248 250 252 251 251 252 254 255 255 254 253 252 253 254 255 257 257 257 257 257 258 261 260 260 260 260 261 262 263 264 265 266 267 267 266 266
249 249 248 248 248 247 246 247 247 248 248 249 249 248 249 249 248 249 249 249 249 249 250 250 250 251 251 250 250 250 249 250 250 249 250 250 250 249 250 250 250 249 248 248 248 249 250 250 250 249 249 249 248 248 248 250 249 249 249 250 251 252 250 251 252 253 254 254 252 250 250 252 255 255 256 255 256 257 258 260 261 260 259 260 260 261 261 263 265 265 266 266 266 266
248 248 248 247 247 247 247 247 247 247 248 248 248 248 247 248 248 248 247 247 248 248 249 249 250 250 250 250 249 250 249 249 250 249 248 249 249 248 249 249 250 249 248 248 247 248 249 250 250 250 249 249 249 248 247 249 248 248 247 248 250 251 251 250 251 251 253 253 245 249 250 252 253 254 255 254 255 256 258 259 260 260 260 259 259 259 260 263 264 265 266 266 266 265
248 248 247 247 247 247 247 248 247 247 247 246 246 246 247 247 248 247 246 246 247 249 249 250 250 249 250 249 248 249 248 248 249 249 248 249 249 247 247 249 249 249 249 248 247 248 248 250 249 248 248 248 247 248 246 248 248 246 246 247 249 250 251 250 250 251 252 253 251 251 250 251 252 253 253 253 254 256 258 258 260 259 259 259 258 258 258 262 263 264 265 266 265 265
249 248 248 247 247 247 247 248 247 247 247 247 246 246 246 246 247 246 246 246 247 248 249 250 250 248 249 249 248 248 248 248 248 249 248 247 248 248 247 248 247 248 249 249 247 247 248 249 249 248 248 247 246 246 245 246 247 247 246 247 249 249 250 250 250 250 251 252 253 252 249 249 251 252 252 254 255 256 257 257 259 259 258 258 258 257 257 261 262 264 264 265 265 264
248 247 247 247 248 247 248 248 248 247 247 246 245 245 245 245 245 246 247 247 248 247 249 249 249 248 248 249 248 247 247 247 248 249 248 247 248 248 246 246 247 248 248 247 247 246 248 249 249 248 248 247 246 244 245 245 246 246 246 247 247 249 249 250 249 248 250 251 252 250 249 249 249 250 252 253 254 255 255 257 259 259 259 258 258 257 257 259 261 262 263 265 265 264
248 247 247 248 248 248 248 247 246 246 246 245 245 245 244 245 246 247 247 248 249 249 248 248 248 247 247 248 248 246 246 246 247 248 248 248 247 247 247 246 246 248 248 247 246 247 248 248 248 247 246 246 244 244 243 244 245 245 245 246 246 248 247 249 249 248 249 250 251 250 248 248 249 249 251 252 253 255 256 257 258 258 259 259 258 258 257 257 259 260 263 264 264 262
247 247 247 248 248 247 247 247 246 246 245 245 246 245 245 244 246 246 247 247 248 248 247 247 247 247 247 248 247 246 245 246 247 247 247 247 247 246 246 246 246 247 247 246 246 246 247 247 248 247 245 245 245 245 244 244 243 243 244 244 244 246 246 248 248 247 248 248 249 248 248 249 249 251 251 251 253 254 255 256 257 258 257 258 258 257 257 257 257 258 261 263 263 260
247 248 248 248 247 247 246 247 246 245 245 246 245 244 244 243 245 245 247 247 247 247 246 247 246 246 246 247 248 247 245 246 246 246 247 247 247 247 246 245 245 247 247 247 246 246 246 247 247 247 246 246 246 245 244 243 241 241 241 243 242 244 245 245 247 246 246 247 247 247 248 249 249 250 252 252 252 253 254 255 256 256 257 258 257 257 257 256 256 257 258 261 262 259
247 248 248 248 247 247 246 246 245 245 245 246 245 244 244 244 244 246 247 246 246 246 246 245 245 246 247 248 246 246 246 245 246 246 247 246 246 247 246 246 245 246 246 247 246 245 245 246 247 246 245 246 245 245 244 243 241 240 240 240 240 242 243 243 244 244 244 246 246 246 248 249 249 250 251 252 253 254 255 255 256 255 255 257 256 256 255 256 256 256 256 259 261 260
249 248 248 247 247 246 246 246 245 245 246 245 244 244 244 243 244 244 245 244 244 245 244 245 246 246 247 247 246 245 245 245 245 245 246 246 245 246 246 245 244 245 246 246 245 245 245 246 246 246 246 245 245 244 244 244 242 241 241 240 240 240 241 242 242 242 243 245 245 246 248 248 250 250 250 251 252 253 254 254 255 255 254 255 255 256 256 256 256 256 256 257 258 259
248 247 247 247 247 246 246 245 245 245 246 245 245 245 244 243 244 244 244 243 243 244 243 245 246 246 246 247 246 245 245 244 244 244 245 245 245 244 244 243 243 244 245 245 245 244 245 246 246 245 246 245 245 245 244 242 242 242 241 241 241 241 239 239 240 241 243 244 246 246 247 248 249 250 251 252 252 252 252 253 254 254 254 254 254 255 256 256 255 256 256 256 256 258
247 247 247 246 246 245 245 245 245 245 246 245 245 244 244 243 244 244 244 243 242 242 244 245 245 245 245 245 246 246 245 245 245 243 244 245 245 244 242 242 242 244 244 244 243 244 245 245 246 246 245 245 245 245 244 242 243 242 242 242 242 242 241 240 241 242 243 244 245 246 248 248 249 250 251 251 252 251 252 253 254 254 254 253 253 253 254 255 255 256 256 255 255 257
247 246 246 245 245 244 245 245 245 246 245 245 244 244 243 243 243 243 244 243 243 243 244 244 244 244 244 245 245 245 245 245 245 244 243 244 245 243 243 242 241 241 242 242 242 242 244 245 245 246 246 245 245 244 243 242 243 243 243 242 242 242 241 242 242 243 244 244 245 246 247 248 249 250 250 250 251 251 252 252 253 253 253 253 253 253 254 254 254 254 255 256 255 256
247 246 245 245 245 244 244 245 246 245 245 245 244 243 243 243 243 244 244 243 243 243 243 243 242 243 245 245 245 244 243 243 243 243 243 243 243 243 243 242 242 242 243 243 243 242 242 243 244 245 245 245 245 243 243 244 243 243 243 242 242 242 242 242 241 243 244 245 246 246 247 248 248 249 249 250 250 250 251 251 252 253 254 254 254 254 254 254 254 254 255 255 255 255
247 246 246 245 245 245 244 245 246 245 245 244 244 243 243 243 244 243 243 244 244 243 243 243 243 243 245 244 244 244 243 242 242 241 241 242 242 243 243 243 243 243 243 244 244 243 242 243 243 244 244 243 244 244 243 244 244 243 243 243 243 242 242 242 242 243 244 244 245 246 247 248 248 248 248 250 249 250 250 250 251 251 253 253 253 253 253 253 254 254 254 254 255 255
246 246 245 244 245 245 245 245 246 245 245 244 243 244 243 243 243 243 244 244 243 243 243 243 243 243 243 243 242 242 242 242 241 241 242 242 242 243 244 244 244 244 243 244 244 244 244 244 243 243 243 243 244 244 244 243 243 243 243 243 242 242 242 242 242 242 242 243 244 245 246 247 248 247 248 249 249 249 249 250 250 251 252 251 252 253 253 253 254 254 253 253 254 254
246 246 245 244 245 245 245 245 246 245 244 244 244 244 243 243 243 243 243 244 243 243 244 244 243 243 243 243 242 242 241 242 241 242 242 243 243 243 244 244 244 244 244 245 245 245 244 244 244 244 243 244 244 244 243 243 242 242 242 243 242 242 243 243 243 243 242 242 243 245 246 247 246 247 248 249 248 248 248 250 250 251 251 251 252 252 252 252 253 253 252 252 251 253
246 245 245 244 245 245 245 246 245 245 244 244 244 244 243 243 244 244 244 244 244 244 244 243 243 243 243 243 242 242 241 241 242 243 243 243 243 244 245 244 245 245 245 245 245 245 245 245 244 244 243 244 244 245 244 244 243 243 243 244 243 242 243 243 243 243 242 242 243 244 245 247 246 247 248 248 248 247 248 249 249 250 250 250 251 251 252 252 252 251 252 252 252 253
245 245 244 244 244 245 245 246 244 244 244 244 244 244 243 243 244 244 244 244 243 243 244 243 243 243 243 243 243 243 243 243 243 243 244 244 244 245 245 245 245 244 244 244 244 244 245 245 245 244 244 244 245 244 244 244 244 243 244 244 243 243 244 244 244 244 243 242 243 244 245 246 246 247 247 247 247 246 248 249 248 249 249 250 250 250 251 251 251 252 252 253 253 253
244 244 244 244 245 245 246 245 244 244 245 244 244 243 243 244 244 244 244 244 243 243 243 243 243 243 243 243 243 244 243 243 243 244 244 245 244 245 245 244 244 244 244 244 244 244 244 244 244 244 245 245 244 245 245 244 243 244 244 244 243 244 244 244 243 244 243 242 242 243 244 245 245 246 247 247 246 246 247 247 248 248 248 248 249 249 249 250 250 251 252 252 253 252
245 245 245 244 244 245 245 245 244 245 244 244 244 244 244 244 244 244 245 244 244 243 243 243 242 243 244 244 244 243 243 243 244 244 244 245 245 245 244 245 245 244 244 243 243 244 244 244 244 245 246 245 245 245 244 244 244 244 245 244 244 244 245 244 243 243 243 242 243 244 244 244 244 245 246 247 246 246 247 246 247 247 247 247 247 248 248 249 250 250 251 251 252 252
245 245 245 244 244 245 245 245 244 245 244 244 244 244 244 244 244 245 245 244 244 243 243 243 243 244 244 244 244 243 243 244 244 245 245 245 246 245 245 246 245 244 244 244 244 245 244 245 245 245 246 246 245 244 244 244 245 245 244 244 244 245 243 243 244 243 243 243 244 244 244 243 243 245 246 246 246 245 246 246 246 246 246 246 245 246 247 248 249 249 250 250 250 251
245 246 245 245 245 245 244 244 245 244 244 244 244 244 244 244 245 245 245 244 244 243 243 244 244 244 244 244 244 243 244 245 245 245 246 246 246 246 246 246 245 245 245 244 245 245 245 245 244 245 246 246 245 245 245 245 246 245 245 245 245 245 244 243 243 243 243 244 244 244 244 244 243 244 245 245 245 245 246 245 245 246 245 245 245 245 246 247 248 248 249 249 250 250
245 246 245 245 245 245 244 244 245 244 244 244 245 244 244 245 245 244 245 244 244 244 244 244 245 245 244 244 244 244 245 245 245 246 246 246 246 246 246 246 246 246 245 245 246 245 246 245 245 245 246 246 245 246 246 246 246 246 246 246 245 245 244 244 243 243 244 245 244 244 244 244 243 243 244 244 244 245 244 245 245 246 245 245 245 245 246 246 247 248 249 249 250 250
245 245 245 245 245 244 244 244 245 244 245 245 245 245 245 245 245 245 244 244 244 244 245 245 245 245 244 245 245 245 245 245 246 247 247 246 246 246 246 246 245 245 245 246 246 246 246 246 246 246 247 246 247 247 247 246 246 246 246 245 245 244 244 243 244 244 245 245 245 245 244 244 244 242 243 242 243 243 244 245 245 245 245 245 245 245 246 246 247 247 245 248 249 250
245 245 246 245 245 244 244 245 244 245 245 245 245 245 245 245 245 245 245 245 244 245 245 245 245 245 245 245 245 245 246 246 247 247 247 246 246 246 245 245 246 246 246 247 247 246 246 247 247 246 247 247 247 247 246 246 246 245 245 244 244 244 245 244 245 245 245 245 244 244 244 243 243 243 242 242 242 243 244 244 244 244 244 245 245 246 245 246 246 245 245 247 249 250
245 246 246 246 245 245 244 245 245 245 245 245 245 245 245 245 245 244 245 244 245 245 245 246 245 245 245 246 246 246 247 247 246 247 247 247 246 246 246 246 246 247 247 247 246 247 247 247 247 247 247 247 246 246 246 246 245 245 245 245 245 245 245 245 245 245 244 244 244 244 244 244 244 243 243 242 242 242 242 243 244 243 243 245 245 245 245 245 246 245 244 247 247 249
245 245 245 245 246 245 245 245 245 245 245 244 244 244 244 244 244 244 244 244 245 245 246 245 245 245 246 246 246 247 247 246 246 246 246 246 246 246 246 247 247 248 248 248 248 248 248 247 248 247 247 247 246 246 245 245 245 245 246 247 246 246 246 246 245 245 245 245 244 244 244 243 243 243 243 243 243 243 242 242 242 241 241 245 243 244 244 244 245 242 244 246 247 248
245 244 243 244 246 245 245 245 245 244 244 244 244 244 244 244 244 244 244 244 246 246 245 245 246 246 247 247 247 247 247 246 246 247 246 246 247 247 247 247 248 248 247 248 248 248 247 247 247 247 246 246 246 246 246 245 246 246 247 246 246 245 245 245 245 245 245 244 244 244 243 243 243 244 243 243 243 243 243 242 241 240 240 243 240 241 242 242 243 242 243 246 247 247
245 244 243 243 244 245 245 245 245 244 245 245 244 244 244 244 244 244 244 245 246 245 245 246 247 247 247 247 247 247 247 247 247 247 247 247 247 248 248 248 248 248 247 247 248 248 248 247 247 247 246 247 247 247 246 246 246 247 247 246 246 246 245 245 246 245 245 244 244 244 244 244 244 242 242 243 242 242 242 241 240 239 239 240 239 239 242 240 241 242 243 245 246 246
245 244 243 243 243 244 245 245 245 244 245 245 245 245 245 245 245 245 245 246 246 246 246 247 247 247 247 247 247 247 247 248 248 248 248 248 248 249 249 248 248 249 248 247 247 247 248 248 248 248 248 248 248 247 247 247 247 247 247 246 246 246 246 246 245 245 244 245 245 244 244 244 244 243 241 242 242 241 240 240 239 238 237 239 238 238 240 239 239 242 243 245 246 247
244 244 244 243 243 243 243 245 245 245 245 245 245 245 245 245 246 246 246 246 246 246 246 246 246 247 248 247 247 248 248 249 248 248 249 249 249 250 249 249 249 248 248 248 247 247 248 248 248 247 247 247 247 247 247 247 246 246 246 246 246 246 245 245 245 245 245 245 245 244 244 244 244 243 242 243 242 242 240 240 238 237 236 238 237 237 238 237 239 241 243 244 246 247
243 243 243 243 242 242 243 243 244 243 244 243 244 244 244 245 245 245 245 246 246 246 246 245 245 246 247 247 247 248 248 249 249 249 249 250 249 249 249 249 249 248 248 247 247 247 247 248 247 247 247 247 247 247 246 247 246 246 245 246 246 246 245 245 245 245 245 244 244 244 243 243 244 243 243 243 243 242 241 239 237 235 235 236 236 235 236 236 238 239 242 244 245 246
244 243 242 241 241 242 242 242 243 243 243 243 243 243 243 244 244 245 245 245 246 246 245 245 245 245 247 248 249 248 247 248 249 249 250 250 250 250 250 250 249 249 248 249 249 249 249 248 247 247 246 246 246 247 246 247 246 246 245 245 245 246 245 244 244 244 245 244 244 243 243 243 243 243 242 241 242 241 240 237 235 235 234 235 234 234 236 236 236 235 240 242 243 244
243 243 243 241 241 241 241 242 242 242 243 243 242 243 243 243 244 244 244 244 245 246 246 246 246 246 247 247 247 248 248 248 248 249 249 249 249 250 250 250 250 250 250 249 249 248 247 248 248 247 247 247 246 246 246 246 246 246 245 244 244 245 244 244 243 243 244 244 243 242 243 242 243 242 241 241 238 238 236 235 235 235 235 235 234 234 236 235 234 234 238 239 239 240
243 243 243 241 241 241 241 242 242 242 242 243 242 242 242 243 243 243 243 243 244 245 246 246 247 247 246 247 247 247 248 247 248 249 249 248 249 249 249 249 250 249 250 250 249 248 247 246 249 248 247 246 245 245 245 246 246 246 245 244 244 245 244 243 243 243 243 243 242 241 241 242 242 242 239 239 239 237 237 235 235 235 235 234 234 234 235 235 234 234 235 234 235 236
243 243 243 242 241 242 242 242 242 242 242 242 242 242 242 243 243 243 243 244 244 245 246 245 246 247 248 247 247 248 248 248 248 249 249 248 249 249 249 249 249 249 249 249 248 247 248 247 249 247 246 247 246 245 245 245 245 245 245 244 244 244 244 243 242 242 242 242 242 241 240 240 241 242 239 236 236 237 237 236 236 235 234 234 234 235 235 235 234 233 232 232 233 237
243 242 242 242 241 241 242 242 242 241 241 242 243 242 242 243 243 243 243 243 244 245 246 245 246 246 247 248 248 248 248 248 248 249 249 248 247 248 249 248 249 249 249 249 248 247 246 247 246 247 248 247 246 245 245 245 244 245 244 243 243 243 243 242 241 241 241 241 241 240 240 239 240 241 240 236 238 239 237 236 235 234 234 234 235 235 234 234 234 233 232 232 233 239
242 241 242 242 242 241 242 243 242 242 242 243 243 243 243 243 243 244 244 244 244 245 246 246 245 246 247 248 248 248 248 248 248 249 248 247 248 249 249 248 249 249 248 249 248 247 246 245 243 246 248 247 247 246 245 244 243 244 243 242 242 242 242 241 240 240 240 241 241 241 241 240 240 239 239 238 238 239 237 235 234 234 234 234 234 234 233 232 233 232 231 231 234 238
242 242 242 242 242 242 242 242 242 242 243 243 243 243 244 244 244 244 244 243 244 245 245 246 245 246 247 247 248 248 248 248 248 248 249 247 248 248 247 248 249 248 248 249 248 244 243 241 243 246 247 248 247 246 245 244 244 243 243 242 242 242 241 241 241 242 242 241 241 241 240 240 240 239 238 239 239 239 237 235 234 234 234 234 233 233 232 232 232 231 231 233 235 236
242 242 243 243 242 242 243 243 243 243 244 244 244 244 245 245 244 243 243 243 244 244 245 246 246 246 247 247 247 248 249 249 249 249 249 248 248 248 247 248 248 248 248 248 247 243 242 241 241 245 245 246 247 246 246 246 246 245 243 243 243 243 242 242 242 241 240 241 240 240 239 239 240 240 239 240 239 239 238 236 235 234 233 233 233 232 231 231 231 231 231 233 237 238
