data/bclim1.asc
NCOLS 210 
NROWS 174 
XLLCORNER 27.125 
YLLCORNER -2.20833333333333 
CELLSIZE 0.0416666666666667 
NODATA_value -32768 
[rows 126 to 167 of 174, columns 94 to 187 of 210]
209 209 209 208 208 208 210 210 210 211 213 213 215 213 212 214 214 212 212 216 218 217 216 218 217 216 216 216 216 216 216 216 216 216 216 216 215 216 216 216 216 216 217 217 217 218 218 218 219 219 219 220 220 220 221 221 221 222 222 222 223 223 223 224 224 224 225 225 225 225 226 226 226 227 226 226 226 225 225 226 227 228 228 228 229 229 229 229 230 230 230 230 230 230
208 208 208 205 207 208 209 208 209 210 212 214 213 214 212 213 215 213 214 216 217 218 216 217 217 216 215 217 216 216 216 216 216 216 216 216 216 216 216 216 216 217 217 217 217 218 218 218 219 219 220 220 220 220 221 221 222 222 222 223 223 223 224 224 224 225 225 225 225 225 226 226 226 226 226 226 227 225 224 223 226 227 228 228 228 228 229 229 229 229 229 229 229 229
207 207 203 203 208 207 207 208 210 211 212 213 213 214 212 213 214 213 213 216 217 217 216 217 217 217 215 215 214 214 215 216 216 216 216 216 216 216 216 216 216 217 217 217 217 218 218 218 219 219 220 220 220 220 221 221 222 222 222 223 223 223 224 224 224 225 225 225 225 226 226 226 227 226 226 227 227 225 223 224 227 227 228 228 228 228 228 228 228 228 228 228 227 226
206 207 205 208 208 205 205 206 209 210 211 213 212 213 211 212 213 213 214 217 217 217 217 217 217 217 217 216 216 214 216 216 215 215 215 216 216 216 216 217 217 217 217 217 218 218 219 218 219 220 219 220 221 221 221 221 222 222 223 223 223 224 224 224 224 225 225 225 225 226 226 226 226 226 227 227 226 226 224 227 227 227 225 224 225 227 227 226 226 224 222 217 216 209
206 207 208 207 206 204 207 206 208 208 210 211 212 213 211 212 213 213 214 216 217 217 217 217 217 217 217 216 216 214 215 216 215 216 216 215 216 216 217 217 217 217 217 218 218 218 218 219 219 220 220 220 221 221 222 221 222 222 223 223 223 224 224 224 224 225 225 225 226 226 226 226 226 227 226 225 227 227 227 227 227 227 217 216 223 226 224 220 217 213 212 209 208 204
205 206 208 205 206 207 205 206 207 208 209 209 210 211 211 211 211 212 215 217 217 217 217 216 216 217 217 215 215 214 216 215 216 216 215 215 216 217 217 217 217 217 217 218 218 219 219 219 219 220 220 220 221 221 222 222 222 223 223 223 223 224 224 224 225 225 225 226 226 226 225 222 226 226 226 226 226 227 227 227 227 227 225 224 224 223 220 217 214 214 212 208 205 201
205 206 207 206 205 205 200 201 203 206 208 208 210 210 210 212 213 214 215 216 217 217 217 216 216 217 216 215 216 216 215 216 216 216 215 217 217 217 217 217 217 218 218 218 218 219 219 219 220 220 220 221 221 221 222 222 222 223 223 223 224 224 224 224 225 225 225 226 226 226 223 215 223 226 227 222 215 223 226 226 225 227 226 226 224 222 219 215 209 210 208 204 201 199
205 206 206 204 202 201 202 203 203 204 206 207 209 209 210 213 214 214 215 216 217 217 216 216 216 216 215 216 216 217 216 216 216 217 216 216 217 217 217 217 218 218 218 218 219 219 219 220 220 220 220 221 221 221 222 222 222 223 223 224 224 224 224 225 225 225 226 225 226 226 226 226 226 227 226 219 209 223 224 221 224 226 225 221 221 218 217 214 209 204 196 195 188 185
204 206 203 203 202 203 204 202 202 203 207 208 210 210 210 211 213 214 215 216 216 216 216 216 216 216 216 216 216 217 216 216 216 217 217 217 217 217 217 217 218 218 218 218 219 219 219 220 220 220 220 221 221 222 222 222 223 223 223 224 224 224 225 225 225 225 226 226 226 226 226 226 226 223 217 222 215 223 224 217 223 222 222 217 217 213 211 210 205 199 194 186 179 178
204 205 199 200 204 203 202 198 199 203 207 208 209 210 211 211 212 213 215 215 215 215 216 216 216 216 216 216 216 216 216 216 216 217 217 217 217 217 217 218 218 218 218 219 219 219 219 220 220 220 220 221 222 222 222 222 223 223 224 224 224 224 225 225 225 225 226 226 226 226 226 227 226 218 195 204 207 222 224 221 217 216 217 215 214 212 206 205 204 199 193 180 176 175
204 203 196 198 203 201 199 201 200 202 206 207 209 209 209 211 212 213 215 215 215 215 215 215 216 216 216 216 216 216 216 216 216 217 217 217 217 218 217 218 218 218 219 219 219 220 220 220 220 221 221 221 222 222 222 223 223 224 224 224 224 225 225 225 225 226 226 226 226 226 227 227 223 198 199 205 217 223 221 214 214 214 214 213 212 211 206 202 200 197 186 179 175 178
203 201 201 200 202 202 201 199 201 201 204 207 208 208 209 211 212 213 214 214 215 215 215 215 215 215 216 216 216 216 216 216 216 217 217 217 217 218 217 218 218 218 218 219 219 220 220 220 221 221 221 221 222 222 222 223 223 224 224 224 225 225 225 225 226 226 226 226 226 227 226 227 223 212 214 218 221 213 209 213 215 215 214 214 213 210 207 202 196 191 184 180 179 180
200 199 198 198 197 200 201 199 200 199 200 206 208 208 210 211 212 213 213 214 214 214 214 215 215 215 215 216 216 216 216 216 216 217 217 217 217 217 218 218 218 219 219 219 220 220 221 220 221 221 222 222 222 223 223 223 224 224 224 224 225 225 225 226 226 226 226 226 227 227 226 227 226 217 217 218 206 209 213 215 216 217 216 214 211 209 201 199 194 186 184 180 177 177
196 199 197 197 194 195 199 197 195 196 203 205 207 208 210 211 212 212 213 213 214 214 214 215 215 215 215 216 216 216 216 216 217 217 217 217 217 217 218 218 218 219 219 220 220 220 221 221 221 221 222 222 222 223 223 223 224 224 225 225 225 225 225 226 226 226 226 226 227 227 227 227 227 222 216 214 213 213 215 216 218 217 216 214 210 205 199 192 194 185 187 183 177 172
193 197 196 198 194 192 196 199 201 202 204 203 207 208 209 210 211 212 212 213 214 213 214 214 215 215 215 215 216 216 216 216 217 217 217 217 218 218 218 218 219 219 220 220 220 221 221 221 222 221 222 222 223 223 223 224 224 224 225 225 225 226 226 226 226 227 227 227 227 227 227 227 227 226 222 220 218 215 216 218 218 214 214 212 210 205 199 195 195 188 184 180 174 169
194 196 199 197 197 194 194 199 201 201 203 203 207 208 209 210 211 211 212 213 213 213 213 214 214 214 215 215 216 216 216 216 216 217 217 217 218 218 218 219 219 219 220 220 220 221 221 221 222 222 222 222 223 223 223 224 224 225 225 225 225 226 226 226 226 227 227 227 227 227 227 227 227 227 227 225 221 218 217 218 218 214 207 210 206 206 203 191 190 187 181 178 174 172
199 199 200 198 194 192 193 198 201 202 204 205 206 207 208 209 209 211 212 212 212 213 213 214 214 214 215 215 216 216 216 216 216 217 217 218 218 218 218 219 219 220 220 220 221 221 221 221 222 222 222 223 223 224 224 224 224 225 225 225 226 226 226 227 226 227 227 227 227 227 227 227 227 227 227 227 226 223 219 218 217 213 207 207 207 203 199 192 189 187 184 178 176 174
201 201 200 198 198 196 198 198 202 203 204 205 206 207 206 208 210 211 211 212 212 213 213 214 214 214 214 215 216 215 216 216 216 217 217 218 218 218 218 219 219 219 220 220 221 221 221 222 222 222 223 223 223 224 224 225 225 225 225 226 226 226 227 227 227 227 227 228 227 228 228 228 228 228 228 227 226 224 220 217 214 212 208 206 206 203 196 187 185 185 182 180 172 176
203 201 200 200 200 197 201 201 202 204 205 205 206 207 208 208 210 210 211 212 212 213 213 213 214 214 214 215 215 215 216 216 217 217 218 218 218 218 219 219 219 219 220 220 220 221 222 222 222 223 223 223 224 224 224 225 225 225 225 226 226 226 227 226 227 227 227 228 228 228 228 228 228 228 227 227 227 225 221 216 208 207 207 206 205 204 201 195 183 184 181 185 177 183
204 203 202 202 201 201 202 203 204 205 205 206 204 207 208 209 209 211 215 211 212 213 213 213 214 214 215 215 215 215 216 216 217 217 217 218 218 218 219 219 220 220 220 220 221 221 222 222 222 223 223 223 224 224 224 225 225 225 226 226 226 227 227 227 227 228 227 228 228 228 228 228 228 228 227 224 225 224 220 218 214 210 204 203 205 203 200 193 186 182 187 190 184 185
204 203 202 204 202 203 204 204 205 205 206 206 206 208 208 209 207 208 211 210 212 212 213 213 214 214 214 215 215 215 216 217 217 217 217 218 218 218 219 219 220 220 220 221 221 221 222 222 223 223 223 224 224 224 225 225 226 226 226 226 227 227 227 227 228 228 228 228 228 228 228 229 228 226 225 222 222 222 216 215 214 211 207 201 203 203 199 194 181 183 193 191 186 187
205 205 206 205 203 205 205 206 205 206 206 207 207 208 208 208 209 210 209 209 212 212 213 213 214 214 215 215 215 216 216 217 217 217 217 218 218 219 219 220 220 220 220 221 221 222 222 222 223 223 223 224 224 225 225 225 225 226 226 226 227 227 227 228 228 228 228 229 229 229 229 228 227 225 223 220 219 217 216 213 212 211 211 209 206 205 203 197 188 188 195 193 189 188
205 207 207 205 206 206 206 206 204 207 207 207 208 208 206 209 210 208 210 208 212 212 213 213 214 214 214 215 215 216 216 217 217 217 218 218 219 219 219 219 220 220 221 221 221 222 222 222 223 223 224 224 224 225 225 225 226 226 227 227 227 227 228 228 229 228 228 229 229 229 229 228 224 223 221 219 215 214 213 214 212 209 208 208 207 207 205 201 195 197 198 194 190 187
208 208 208 207 208 207 207 207 207 207 208 208 208 209 206 208 209 207 208 208 212 212 213 213 213 214 214 215 215 216 216 217 217 217 218 218 218 219 219 219 220 221 221 221 222 222 222 223 223 223 224 224 225 225 225 226 226 226 227 227 228 227 228 228 229 229 229 229 229 229 228 226 223 217 217 215 215 212 211 208 209 206 203 206 205 205 206 203 201 198 194 192 189 186
207 206 207 208 208 208 208 208 208 208 208 209 209 209 205 207 208 208 206 208 212 212 213 213 214 214 214 215 215 216 216 217 217 217 218 218 219 219 219 220 220 221 221 221 222 222 223 223 223 224 224 224 225 225 225 226 226 227 227 227 228 228 228 228 229 229 229 229 228 226 227 223 219 217 218 217 217 211 210 208 206 202 199 203 202 203 202 203 202 199 194 185 183 183
197 207 207 208 208 209 209 209 208 209 209 209 209 209 206 207 207 206 204 208 212 212 213 213 214 214 215 215 215 216 217 217 217 218 218 218 219 219 220 220 221 221 221 222 222 222 223 223 224 224 224 225 225 225 226 226 226 227 227 228 228 228 229 229 229 229 229 230 227 228 225 223 220 219 222 222 221 218 215 212 210 203 199 198 196 198 198 198 197 198 194 186 179 179
193 197 208 208 209 209 209 208 208 208 210 210 210 210 210 210 207 205 207 211 213 212 213 213 214 214 215 215 216 216 216 217 217 218 218 219 219 220 220 220 221 221 221 222 222 223 223 223 224 224 224 225 225 225 226 227 227 227 227 228 228 228 229 229 230 230 230 230 230 230 227 221 223 225 225 224 222 219 217 213 210 207 203 200 193 191 194 191 193 192 191 182 178 183
195 191 205 208 208 209 208 206 208 209 210 210 210 210 207 210 208 202 208 213 213 213 213 213 214 214 215 216 216 216 217 217 218 218 219 219 219 220 220 221 221 221 222 222 222 223 223 223 224 224 225 225 225 226 226 226 227 227 228 228 228 229 229 230 230 230 229 227 224 229 229 229 228 224 224 222 219 217 216 211 206 200 199 201 196 189 189 188 188 187 185 184 193 198
199 195 197 209 207 209 207 206 208 210 209 210 210 209 206 210 208 205 210 213 213 213 213 214 214 215 215 216 216 217 217 217 218 219 219 219 220 220 220 221 221 221 222 222 223 223 223 224 224 224 225 225 226 226 226 227 227 227 228 228 229 229 230 230 230 230 230 229 228 228 229 229 229 228 227 225 220 217 211 203 201 208 212 204 202 192 188 186 183 182 193 200 199 199
195 194 193 210 208 208 206 206 208 209 209 208 210 208 209 210 207 205 210 212 213 213 214 214 214 215 215 216 216 217 217 218 218 219 219 219 220 220 220 221 221 222 222 222 223 223 224 224 224 225 225 225 226 226 227 227 227 228 228 228 229 229 230 230 230 230 229 230 229 228 223 225 224 225 226 224 223 223 221 222 224 223 220 216 211 205 199 192 192 200 204 202 203 199
198 196 193 209 207 207 205 207 208 209 207 210 211 207 206 209 205 211 212 213 213 213 214 214 215 215 215 216 216 217 218 218 218 219 219 219 220 220 221 221 222 222 222 223 223 223 224 224 224 225 225 225 226 226 227 227 227 228 228 229 229 229 230 229 230 230 231 231 229 229 223 220 220 222 226 226 227 227 227 226 226 225 222 219 214 204 204 206 209 207 207 206 206 202
194 198 193 210 204 205 206 206 207 210 207 211 207 207 210 211 209 212 213 213 213 214 214 215 215 215 216 216 217 217 218 218 219 219 219 220 220 220 221 221 222 222 223 223 223 224 224 224 225 225 225 225 226 226 227 227 227 228 229 229 229 229 230 230 228 226 230 231 230 230 226 228 229 229 229 229 228 228 227 226 225 224 223 223 221 215 212 212 210 208 208 208 206 204
194 196 193 210 205 205 207 209 209 210 210 211 204 206 206 208 207 213 214 213 214 214 215 215 215 216 216 216 217 218 218 218 219 219 219 220 221 221 221 222 222 222 223 223 223 224 224 224 225 225 225 226 226 226 227 227 228 228 228 229 229 229 229 229 223 221 225 227 227 229 226 224 228 228 229 228 228 228 227 226 224 220 216 219 220 216 214 213 212 210 209 208 207 206
197 198 194 210 208 207 207 208 209 211 211 208 207 195 200 209 205 213 214 214 214 214 215 215 216 216 216 217 218 218 218 219 219 219 220 220 221 221 221 222 222 222 223 223 224 224 224 225 225 225 226 226 226 226 227 227 227 228 228 229 229 229 230 230 227 225 224 223 224 226 225 222 227 228 229 228 227 227 225 223 217 210 215 219 219 218 215 210 209 208 208 206 205 204
202 196 194 209 211 209 208 207 209 211 210 205 203 197 200 209 208 214 214 213 212 215 215 216 216 216 217 217 217 218 218 219 219 220 220 220 221 221 222 222 222 223 223 223 224 224 225 225 225 225 226 226 226 227 227 227 228 228 228 229 229 229 230 230 230 228 226 222 219 221 220 224 226 227 227 222 225 225 221 218 208 206 215 217 208 214 213 207 204 204 205 203 200 201
202 192 197 210 212 210 206 207 211 211 208 207 195 199 208 209 212 214 215 214 215 215 215 216 216 217 217 218 218 218 219 219 220 220 220 221 221 221 222 222 223 223 223 224 224 224 224 225 225 226 226 226 226 227 227 227 228 228 228 229 229 228 228 229 229 228 225 223 220 216 214 216 222 222 223 220 223 222 220 214 206 204 215 215 203 210 211 204 200 202 204 199 195 199
200 196 193 210 210 209 208 210 211 211 204 203 194 197 205 209 211 215 215 215 215 215 216 216 217 217 217 218 218 219 219 220 220 220 221 221 221 222 222 222 223 223 224 224 224 225 225 225 225 225 226 226 226 227 227 227 228 228 228 229 229 229 227 228 228 226 226 224 219 211 210 210 212 214 220 220 219 218 212 214 214 213 216 213 205 208 208 205 202 200 200 198 193 195
202 194 193 210 209 206 206 210 211 210 201 201 195 198 211 208 214 215 215 216 216 216 216 217 217 218 218 218 218 219 219 220 220 220 221 221 222 222 223 223 223 224 224 224 224 224 225 225 225 225 226 226 226 227 227 227 228 228 228 229 229 229 229 228 227 225 225 222 218 215 213 216 213 217 219 214 216 219 218 217 215 216 215 214 211 207 205 204 202 198 196 194 193 195
202 194 193 212 212 211 207 211 210 205 201 199 197 204 211 208 215 216 216 216 216 216 217 217 218 218 218 219 219 219 220 220 220 221 221 222 222 222 223 223 223 224 224 224 224 224 225 224 224 226 226 226 226 227 227 227 226 228 228 229 228 223 224 228 229 227 224 222 221 220 219 218 216 214 214 215 219 220 217 213 209 213 215 212 210 206 201 201 199 197 195 193 197 197
202 194 197 213 214 209 207 209 210 204 202 201 196 210 210 209 216 216 217 217 217 217 217 218 218 218 219 219 220 220 220 220 221 221 221 222 222 223 223 223 224 224 224 224 224 225 225 224 223 225 226 226 226 227 227 223 222 227 228 227 227 224 221 221 224 227 222 221 214 218 217 217 216 214 212 215 219 219 215 214 208 214 213 211 210 206 201 201 200 197 198 198 199 199
200 193 202 214 212 203 209 208 210 208 201 207 210 212 208 213 216 216 217 217 217 217 218 218 218 219 219 219 220 220 221 221 221 221 222 222 223 223 223 223 224 224 224 225 224 224 225 225 226 226 226 226 227 227 227 222 225 228 227 227 227 227 226 225 221 224 225 226 223 219 218 217 214 211 214 218 219 220 219 216 212 211 211 212 211 206 202 203 202 200 203 201 203 201
198 196 208 214 210 204 211 211 213 207 200 202 209 211 211 216 217 217 217 217 217 218 218 218 219 219 220 220 220 221 221 221 222 222 222 223 223 223 224 224 224 224 224 224 224 225 226 226 226 226 226 227 227 227 222 226 228 228 228 228 227 226 226 225 224 223 222 224 225 224 220 216 214 211 213 222 221 222 222 219 212 206 210 214 213 205 206 206 207 206 206 206 205 203
