data/bclim8.asc
NCOLS 210 
NROWS 174 
XLLCORNER 27.125 
YLLCORNER -2.20833333333333 
CELLSIZE 0.0416666666666667 
NODATA_value -32768 
[rows 0 to 41 of 174, columns 94 to 187 of 210]
252 254 254 255 256 256 256 256 256 257 258 258 259 259 259 260 260 259 259 259 259 259 259 259 259 259 259 258 258 258 258 258 258 257 257 257 257 257 257 256 256 256 256 256 256 256 255 255 255 255 255 254 254 254 253 252 253 252 252 253 252 252 251 251 252 253 253 254 254 254 253 254 254 255 256 277 278 279 279 279 279 279 280 281 281 280 281 280 279 279 280 280 280 280
252 253 253 254 255 255 255 256 256 257 258 259 259 259 260 259 260 259 259 258 258 259 259 258 258 258 258 257 258 258 257 257 257 256 256 256 256 257 256 256 256 256 255 255 255 255 255 255 254 254 254 254 254 253 253 253 252 251 251 252 251 250 249 251 251 252 252 253 252 251 250 251 253 254 276 275 277 277 278 278 278 279 279 280 280 280 279 277 281 281 281 281 281 281
250 252 253 255 255 254 256 257 257 258 258 259 259 260 260 260 259 259 258 258 258 258 259 258 258 258 258 257 257 257 257 256 256 256 256 256 256 256 253 254 255 256 255 255 255 255 255 255 255 254 254 254 254 253 252 252 251 251 251 251 250 250 249 250 251 250 251 251 251 248 244 247 251 253 274 275 276 277 277 278 278 278 279 281 280 281 281 281 281 281 281 281 281 281
248 251 253 253 254 254 256 257 258 258 259 259 259 259 260 260 258 259 259 258 258 258 258 257 258 257 257 257 256 256 257 257 257 257 257 257 256 254 235 248 254 255 255 255 255 255 254 254 254 253 253 253 253 253 252 252 251 250 250 249 249 250 247 249 249 249 250 248 246 242 240 246 249 272 273 274 275 276 277 278 279 279 280 281 280 281 281 281 281 282 281 281 281 281
249 250 252 253 253 254 256 257 257 256 257 257 257 259 260 259 259 258 258 258 258 258 257 258 257 257 257 257 256 256 256 257 257 257 256 256 256 255 237 240 253 254 255 254 255 254 254 253 253 253 253 253 253 252 252 251 251 250 249 249 247 248 248 248 248 247 248 245 243 239 240 243 268 271 273 274 275 276 277 278 279 279 280 280 280 280 280 280 280 281 281 281 281 281
246 250 252 251 253 255 256 257 256 256 257 256 258 260 259 258 256 255 257 256 256 256 257 257 257 257 256 256 256 256 255 255 256 256 256 255 256 254 230 220 249 253 254 254 254 254 254 252 252 253 252 252 252 252 251 251 250 249 249 248 247 246 246 246 248 246 245 245 243 240 243 246 269 271 273 274 275 276 277 278 279 279 279 280 280 279 280 280 281 281 282 281 282 281
244 250 251 248 252 254 255 256 255 255 256 258 258 259 258 257 257 255 256 255 254 255 255 256 256 256 256 256 256 255 255 255 255 255 255 255 255 254 238 218 229 250 253 253 253 253 253 252 252 252 252 252 251 250 250 250 249 249 248 247 246 245 244 244 246 246 245 244 244 243 244 267 269 271 272 274 274 275 277 278 278 279 279 279 279 279 278 281 281 282 281 282 282 282
244 249 248 249 253 254 255 254 254 255 255 256 258 259 258 257 256 255 254 254 253 254 254 255 255 255 255 255 255 255 254 255 255 255 255 254 255 255 249 230 233 239 252 252 252 252 252 252 251 251 251 251 249 236 247 249 249 248 247 246 245 244 243 242 244 245 245 245 243 243 265 267 270 271 272 273 274 275 276 277 278 278 279 279 279 280 280 281 282 282 282 282 282 282
245 245 246 249 252 254 254 253 253 255 256 257 258 259 258 256 255 254 253 253 251 252 253 253 252 254 254 254 254 254 255 254 254 255 255 254 254 255 254 250 247 244 250 251 251 252 251 251 251 251 251 250 250 240 233 247 247 247 246 245 244 243 242 241 242 244 243 243 242 242 264 266 268 269 271 272 273 274 276 277 277 278 279 279 280 280 281 281 282 282 282 282 283 282
243 245 246 249 252 253 254 252 252 254 257 258 259 258 258 257 256 255 254 253 246 249 252 248 248 253 253 253 253 254 254 254 254 254 254 254 254 255 254 253 248 231 228 242 246 250 251 250 250 250 250 250 249 245 235 246 246 246 244 243 242 242 241 239 241 242 242 241 241 240 264 266 268 269 270 271 272 274 275 276 277 278 279 280 280 281 281 281 282 282 282 283 283 282
244 246 247 249 252 252 253 253 254 255 257 258 257 256 257 257 256 255 254 252 244 248 249 250 251 252 252 253 253 253 253 253 253 253 253 252 253 253 254 254 252 240 236 222 231 249 249 250 249 249 249 249 248 247 239 243 245 243 239 230 237 239 240 239 240 240 239 237 238 237 263 265 267 268 270 271 272 274 275 276 277 278 279 280 280 281 281 281 282 282 282 282 283 283
244 245 247 248 250 246 253 253 254 256 257 257 256 255 255 256 255 254 252 252 247 248 246 248 249 250 252 253 252 251 252 252 252 253 253 252 252 253 253 253 253 251 249 241 216 246 248 249 249 248 248 248 247 247 246 243 243 240 238 232 227 233 237 238 236 237 236 230 234 257 262 262 265 268 270 270 273 274 275 275 276 278 279 280 280 280 281 281 282 282 282 282 283 283
244 245 246 248 249 250 252 252 253 254 256 257 255 253 255 256 255 253 252 250 245 238 243 241 245 232 245 252 251 248 250 250 251 252 253 252 251 251 252 252 253 252 251 250 238 244 240 248 249 248 247 247 246 245 245 232 232 239 233 228 227 232 234 235 233 232 231 231 232 257 258 261 265 268 270 271 272 274 274 266 262 275 279 280 280 280 281 281 282 282 282 283 283 283
242 244 246 247 247 248 251 252 253 254 256 257 253 251 253 256 255 254 251 248 247 242 241 239 244 242 232 250 250 237 245 249 250 251 252 252 251 251 251 251 252 253 252 251 250 249 243 245 248 247 247 246 244 243 242 235 225 237 222 221 227 230 233 232 224 223 226 228 231 253 257 262 265 268 269 271 272 273 272 261 235 267 279 280 280 280 280 281 281 282 282 283 283 283
241 241 244 245 247 248 249 252 253 255 257 256 254 253 255 255 254 252 251 246 247 245 242 241 244 247 244 249 248 247 246 247 249 250 251 251 250 249 249 251 252 252 252 251 250 249 248 246 247 247 246 245 244 242 241 238 227 228 213 207 218 223 229 229 204 216 223 227 228 227 256 261 264 266 269 270 271 273 271 252 241 272 278 279 279 280 280 281 281 282 282 283 283 283
240 240 241 242 244 248 249 251 253 254 256 256 253 253 254 253 254 253 250 247 244 243 241 240 244 247 248 247 244 248 245 245 243 248 250 250 250 249 249 250 251 252 251 251 250 250 250 248 245 246 245 244 243 241 239 235 210 193 207 186 194 198 217 220 200 215 221 225 224 222 251 259 263 265 267 269 270 272 270 252 261 274 277 278 279 279 280 281 281 282 283 283 283 283
239 240 240 242 245 247 250 251 252 254 256 255 253 252 253 253 253 253 251 249 245 241 239 242 242 242 245 246 240 244 247 240 241 247 246 249 249 249 248 250 251 251 251 250 250 250 249 248 247 245 245 244 243 242 237 230 231 223 208 179 168 173 200 211 203 214 217 221 221 222 253 258 262 264 266 268 270 271 266 250 262 275 277 278 278 279 280 281 281 282 282 282 283 283
238 239 240 241 242 244 248 252 252 254 254 256 254 252 252 252 252 252 251 250 246 244 243 244 245 243 242 243 240 244 246 238 234 246 239 247 248 247 248 245 250 250 251 249 249 249 249 248 245 238 242 243 243 241 232 211 215 224 209 195 180 170 188 204 204 211 215 218 217 222 251 258 261 263 265 267 269 270 263 248 246 275 276 277 278 279 280 281 282 282 282 282 282 283
239 239 240 241 243 244 248 251 253 253 253 257 255 252 251 251 250 251 251 250 248 247 246 246 246 244 242 240 242 244 242 240 242 243 236 246 247 244 244 244 240 249 250 249 248 248 247 248 243 212 221 238 242 240 235 227 211 214 204 182 171 164 170 185 195 208 215 216 221 241 254 259 261 263 265 267 268 269 265 247 253 274 275 276 277 278 280 281 282 282 282 282 282 283
240 241 241 242 244 247 250 251 252 252 253 256 255 253 250 250 249 249 250 251 250 249 248 247 246 245 244 241 240 240 231 231 239 240 234 244 246 238 244 241 236 245 247 248 248 247 245 243 238 210 218 235 242 240 235 231 226 216 218 198 183 178 166 173 191 207 216 223 228 245 255 257 261 263 264 266 267 267 268 265 259 273 275 276 277 278 279 281 281 282 282 282 282 283
239 240 241 243 243 246 250 251 251 250 251 255 255 253 249 249 248 245 247 249 248 247 247 247 245 244 243 242 240 237 231 232 236 236 232 239 243 235 240 237 229 207 229 247 247 246 246 244 233 177 172 221 240 240 237 233 228 222 221 217 197 199 196 184 195 203 205 215 224 239 234 231 258 261 262 264 266 268 269 271 272 274 275 276 277 278 279 280 281 282 282 282 282 282
239 239 241 240 241 246 249 249 249 249 247 252 255 254 251 250 250 248 246 247 246 245 243 244 246 244 244 243 240 239 237 236 235 234 232 228 230 239 238 235 202 183 202 232 245 246 245 244 239 190 182 229 234 240 237 234 231 228 225 222 217 212 209 208 197 184 165 184 199 217 191 185 246 258 260 263 266 267 267 267 266 273 275 276 277 278 280 280 281 282 282 282 282 282
238 238 239 238 241 245 248 248 248 247 241 243 253 254 252 251 249 248 245 246 244 241 241 243 243 242 241 240 237 236 237 236 234 233 232 220 218 222 237 240 236 220 188 189 232 244 244 243 241 224 191 229 235 239 237 235 232 230 227 226 223 220 214 213 211 193 159 194 201 202 194 199 250 255 259 262 264 266 266 258 246 267 274 276 277 278 279 280 281 281 282 282 282 282
237 237 242 242 244 247 248 248 247 247 238 238 244 254 253 251 249 250 244 247 244 237 237 241 240 240 241 240 237 234 236 235 233 232 231 223 200 190 213 233 237 235 201 176 179 221 242 243 241 237 231 228 236 238 237 236 233 230 230 228 225 223 219 217 215 212 207 209 206 199 207 210 228 250 256 260 262 264 264 253 244 252 256 273 276 277 278 279 280 281 281 282 282 282
240 241 241 242 243 244 245 247 249 249 238 234 236 246 254 252 251 250 248 247 243 235 236 237 237 240 242 242 238 237 234 233 233 232 231 230 208 180 171 198 234 220 205 175 154 172 195 236 240 237 234 232 235 237 237 235 234 232 231 229 227 225 222 220 218 216 215 214 212 208 202 206 236 250 255 258 260 262 263 258 248 240 233 259 275 276 277 278 279 280 281 282 282 282
241 241 242 242 243 241 242 246 249 248 241 234 235 238 241 254 252 249 247 245 241 237 235 235 237 237 239 243 242 239 238 234 234 234 231 232 226 206 204 188 187 181 174 166 147 137 143 194 236 233 233 235 236 236 236 234 233 231 230 229 228 226 224 223 221 219 218 216 214 211 206 199 208 235 252 255 257 259 260 261 257 238 224 254 274 275 276 278 279 280 280 281 282 282
240 240 240 241 241 240 243 246 248 247 240 237 240 235 232 239 253 251 249 246 241 239 238 239 240 238 240 244 243 242 241 239 236 236 235 234 232 226 209 200 190 187 196 186 138 131 139 162 202 233 227 234 235 235 235 234 233 230 228 227 226 226 224 224 223 221 219 217 215 212 208 202 188 213 241 253 254 255 256 260 259 240 236 255 273 274 276 277 279 280 280 281 281 282
238 238 239 238 239 238 244 246 247 247 241 238 240 239 233 233 242 252 249 246 243 242 242 242 241 244 244 244 244 243 241 240 237 238 237 237 236 233 229 221 214 201 209 199 157 140 153 142 190 221 204 229 233 233 234 234 229 227 226 226 225 223 223 221 220 219 218 218 216 214 211 208 204 228 239 240 249 250 252 259 262 263 265 269 272 274 276 277 279 280 280 281 281 281
237 237 238 238 240 242 243 243 243 246 242 242 240 239 238 233 237 246 249 242 245 244 244 243 243 244 246 244 244 243 242 241 240 239 239 237 235 234 233 232 224 214 210 201 157 159 195 194 207 225 215 208 231 232 232 233 231 217 203 213 221 221 221 220 216 214 209 214 216 213 210 201 205 205 210 212 228 233 251 258 262 264 267 269 271 274 276 277 279 280 280 280 280 280
235 237 239 240 241 241 239 242 240 243 243 241 239 237 235 231 232 244 240 248 247 246 245 245 245 246 245 243 242 242 242 242 241 240 239 237 234 232 227 228 229 222 207 180 162 171 209 218 217 222 217 183 226 230 231 232 231 222 197 187 206 215 218 219 213 209 204 191 186 187 178 157 176 195 214 234 238 239 251 258 261 263 266 269 271 274 275 277 278 280 280 280 280 279
236 237 239 238 238 238 237 239 240 241 240 239 237 237 235 236 236 240 239 227 248 248 246 247 247 246 244 243 242 241 241 240 240 239 237 235 232 229 228 221 214 219 191 185 186 182 211 222 220 222 221 220 227 229 231 231 231 226 202 181 193 211 215 218 214 209 200 196 195 192 180 179 180 192 207 216 214 242 255 257 260 263 267 269 271 274 273 276 277 279 280 280 279 278
236 237 236 236 236 237 236 237 238 240 239 238 238 238 235 236 240 234 230 225 237 250 249 249 248 245 246 245 245 243 241 239 238 238 235 233 230 229 229 228 226 226 221 213 216 201 212 222 223 222 222 224 227 229 230 230 230 228 211 177 183 202 211 215 215 210 205 203 202 201 196 175 179 178 192 193 192 212 243 248 255 262 265 269 271 273 271 273 276 278 279 279 278 277
235 235 234 233 235 236 235 237 238 239 239 240 240 240 238 235 234 227 221 223 227 245 248 246 247 248 248 247 245 243 241 239 238 236 233 232 232 232 231 230 228 226 225 221 215 218 218 223 224 215 221 223 226 228 230 229 229 229 225 202 197 199 207 210 214 210 207 205 205 204 197 183 186 187 189 189 189 188 230 207 235 258 264 268 271 271 268 268 275 277 279 279 278 271
233 233 232 233 234 233 233 237 240 240 241 242 242 244 240 236 234 234 224 216 231 240 248 244 243 245 247 248 247 245 243 240 239 237 234 234 233 231 230 228 226 220 223 222 210 223 223 223 224 223 221 218 224 228 228 228 228 228 226 216 213 198 200 207 211 211 208 208 208 207 206 202 198 199 197 192 187 181 188 186 227 249 263 268 270 270 268 270 275 276 278 279 276 260
232 230 232 232 233 233 237 240 241 241 242 243 244 244 240 235 234 240 241 233 242 242 247 248 246 246 246 247 246 245 243 243 240 239 238 235 232 230 229 228 226 213 222 223 224 225 225 225 225 223 221 219 224 226 227 227 226 225 223 223 217 194 185 204 208 210 210 210 209 208 207 205 203 199 195 192 190 188 187 183 198 240 262 266 268 270 270 272 274 276 277 278 276 268
227 227 230 232 233 235 238 241 242 243 243 244 245 244 240 238 237 248 251 247 248 249 249 249 249 247 245 246 247 244 244 243 243 241 237 236 234 231 229 227 224 222 223 224 224 225 226 226 225 224 222 220 223 224 225 227 223 217 222 220 220 203 192 200 208 211 211 211 209 201 204 203 197 197 197 195 190 186 186 184 201 236 261 264 265 268 270 272 274 275 277 277 277 268
227 229 231 232 233 234 235 238 241 242 245 245 245 244 245 250 252 252 252 250 250 250 249 249 249 246 244 246 245 243 240 241 241 240 238 237 234 231 228 226 224 222 223 224 224 225 226 227 225 225 223 221 222 223 224 225 222 220 220 219 218 216 206 198 205 212 213 211 208 203 203 202 199 199 200 197 193 188 188 187 208 239 259 263 266 267 269 272 274 275 276 276 274 268
228 229 231 231 231 231 233 236 240 242 245 246 246 248 250 251 251 250 249 247 248 249 247 249 247 247 243 244 244 242 240 239 238 238 236 234 233 230 227 224 223 222 223 225 226 224 225 227 226 225 223 223 222 221 223 223 223 221 221 219 216 209 209 209 193 207 213 207 204 205 206 205 202 201 202 200 196 189 191 187 231 242 257 262 265 259 263 271 273 275 275 271 272 264
228 229 229 229 230 232 235 238 241 244 247 247 247 249 250 250 247 244 246 245 246 247 246 247 245 244 244 243 245 244 242 238 236 236 234 233 230 229 226 224 223 223 224 225 227 226 226 228 227 225 224 225 224 222 221 222 221 222 222 220 205 191 203 213 204 203 215 206 204 206 208 207 204 205 204 201 196 194 194 192 209 242 250 260 263 256 247 264 271 274 274 268 270 260
228 228 228 229 231 233 234 238 241 245 247 247 248 249 250 246 243 241 243 244 245 245 245 246 242 242 244 241 241 244 242 240 236 234 232 231 230 227 226 226 226 226 225 225 227 228 228 228 226 225 224 225 223 221 222 224 223 223 223 221 190 166 201 210 216 209 216 212 209 209 210 208 205 206 205 202 196 198 198 194 216 244 249 258 262 260 255 266 269 272 272 271 262 255
228 229 229 229 231 233 237 240 242 244 245 246 247 249 248 243 241 240 241 243 245 244 243 244 243 241 243 242 237 242 244 241 238 235 232 229 228 228 228 227 227 228 227 227 228 229 229 227 226 225 226 224 221 220 224 225 222 223 223 220 198 203 207 216 218 218 217 216 214 213 212 210 208 208 207 205 202 204 203 199 209 241 247 251 260 262 262 267 271 273 271 268 260 252
229 230 229 230 232 235 238 241 243 243 245 246 248 248 246 242 241 240 240 242 244 243 242 242 242 240 241 242 238 234 243 243 240 235 234 232 230 229 229 228 227 230 229 229 230 230 229 228 227 227 227 224 224 224 225 225 223 222 223 222 219 220 220 219 220 219 219 218 216 215 213 210 209 209 207 206 205 207 206 204 200 238 247 250 260 262 264 266 268 269 268 262 246 247
