data/bclim4.asc
NCOLS 210 
NROWS 174 
XLLCORNER 27.125 
YLLCORNER -2.20833333333333 
CELLSIZE 0.0416666666666667 
NODATA_value -32768 
[rows 42 to 83 of 174, columns 94 to 187 of 210]
1123 1138 1179 1178 1226 1271 1290 1323 1301 1307 1321 1310 1300 1341 1316 1339 1317 1323 1319 1314 1327 1315 1291 1293 1267 1248 1248 1255 1237 1214 1193 1181 1181 1153 1156 1146 1127 1115 1148 1134 1127 1138 1131 1158 1151 1132 1146 1162 1151 1139 1137 1137 1121 1135 1109 1103 1100 1115 1125 1089 1089 1060 1062 1083 1060 1037 1013 1016 1004 1003 991 987 973 966 967 969 956 956 933 928 914 876 851 829 808 789 782 752 738 761 750 819 813 803
1132 1129 1160 1208 1241 1270 1329 1334 1319 1329 1331 1325 1317 1299 1329 1323 1305 1316 1302 1295 1285 1275 1274 1261 1258 1224 1218 1224 1186 1177 1161 1164 1164 1143 1131 1134 1155 1104 1120 1117 1131 1131 1126 1133 1147 1141 1133 1140 1140 1130 1116 1129 1122 1141 1100 1091 1103 1089 1077 1096 1082 1063 1051 1003 1056 1016 1014 1017 1000 1000 973 961 967 966 949 943 928 927 914 926 891 891 855 820 810 791 756 765 755 749 768 793 822 801
1113 1133 1179 1237 1285 1299 1341 1372 1361 1366 1335 1329 1313 1298 1289 1276 1276 1259 1265 1266 1255 1252 1243 1232 1213 1203 1187 1175 1180 1156 1135 1147 1129 1135 1110 1131 1121 1121 1125 1110 1108 1098 1104 1103 1119 1131 1134 1139 1129 1139 1132 1111 1126 1112 1097 1104 1088 1098 1084 1079 1070 1061 1058 1017 1016 1020 1004 1012 983 975 972 969 961 947 949 944 943 922 923 928 916 891 847 835 809 803 775 768 750 768 771 794 779 778
1129 1137 1190 1218 1278 1322 1375 1400 1417 1415 1409 1377 1324 1271 1270 1258 1263 1229 1230 1224 1225 1213 1228 1202 1212 1183 1174 1166 1156 1137 1116 1119 1102 1094 1121 1101 1115 1109 1116 1094 1109 1106 1099 1127 1109 1140 1107 1115 1115 1125 1119 1098 1096 1102 1098 1099 1095 1095 1062 1079 1071 1050 1037 1018 1031 1015 1016 1000 973 975 970 952 943 952 917 930 929 928 912 899 895 891 875 839 839 817 771 789 758 771 795 799 821 801
1083 1139 1171 1225 1293 1343 1401 1444 1453 1433 1447 1368 1275 1251 1253 1230 1233 1227 1212 1209 1201 1194 1188 1169 1173 1158 1132 1132 1118 1095 1091 1098 1104 1084 1082 1108 1093 1102 1095 1094 1097 1081 1109 1135 1108 1121 1122 1113 1106 1113 1106 1091 1095 1110 1087 1088 1095 1074 1083 1050 1051 1049 1024 1030 1003 1008 999 983 972 957 951 953 938 919 937 921 914 901 894 892 904 895 892 883 842 820 795 780 778 813 785 814 802 821
1073 1138 1185 1229 1298 1375 1424 1469 1499 1499 1487 1286 1236 1215 1217 1203 1202 1200 1197 1195 1158 1154 1146 1148 1155 1132 1138 1113 1116 1098 1088 1075 1092 1068 1066 1083 1063 1080 1077 1087 1124 1096 1125 1109 1099 1115 1101 1102 1113 1114 1093 1096 1103 1096 1092 1072 1074 1081 1065 1050 1039 1026 1016 1004 1002 987 1004 967 965 961 959 937 925 937 937 919 932 905 888 899 886 900 865 890 849 827 768 769 802 823 827 849 809 799
1075 1130 1177 1230 1270 1343 1460 1532 1546 1578 1508 1255 1209 1199 1196 1188 1199 1171 1154 1146 1156 1138 1124 1107 1133 1085 1091 1082 1093 1047 1071 1056 1065 1060 1071 1086 1067 1055 1081 1069 1069 1105 1097 1103 1096 1116 1113 1113 1099 1095 1062 1086 1077 1074 1076 1062 1067 1052 1042 1041 1037 1026 1018 1018 1000 971 977 973 963 952 942 922 903 921 901 914 892 906 882 893 899 891 863 852 852 807 798 785 792 829 810 800 803 755
1067 1103 1122 1202 1270 1333 1434 1508 1643 1660 1363 1212 1187 1185 1175 1170 1161 1154 1137 1132 1120 1118 1116 1110 1099 1087 1069 1060 1078 1064 1056 1060 1043 1054 1062 1053 1055 1058 1066 1082 1082 1072 1075 1077 1071 1073 1104 1100 1078 1097 1082 1074 1087 1061 1066 1070 1048 1064 1042 1023 1020 1041 1000 996 998 965 981 964 947 933 927 920 907 891 885 878 908 878 881 881 889 902 865 875 867 802 802 779 765 778 817 810 828 779
1073 1097 1147 1169 1236 1307 1399 1474 1591 1473 1239 1198 1196 1192 1154 1177 1148 1141 1121 1109 1102 1089 1090 1087 1062 1078 1069 1042 1045 1042 1037 1027 1030 1028 1038 1050 1043 1068 1059 1048 1059 1070 1065 1071 1072 1101 1076 1077 1088 1077 1071 1071 1090 1062 1085 1096 1060 1064 1037 1034 1028 994 991 996 984 963 959 956 933 946 923 927 921 894 893 898 892 902 888 874 881 866 877 886 865 853 828 786 782 770 794 824 820 727
1054 1073 1133 1159 1197 1225 1283 1365 1383 1218 1200 1183 1180 1174 1151 1143 1124 1117 1118 1095 1087 1092 1079 1067 1056 1040 1036 1050 1050 1015 1029 1030 1031 1031 1024 1037 1038 1042 1048 1050 1067 1085 1075 1069 1080 1091 1068 1075 1071 1073 1076 1075 1061 1083 1054 1068 1041 1028 1023 1020 1002 1021 981 979 989 949 948 946 946 950 940 921 906 911 925 901 913 885 867 881 865 862 873 865 869 841 828 791 782 758 779 744 721 675
1027 1048 1091 1108 1097 1152 1137 1217 1181 1181 1176 1174 1178 1167 1153 1136 1114 1098 1090 1087 1064 1072 1076 1069 1031 1023 1038 1006 1012 1007 995 1010 1009 1031 1039 1037 1036 1038 1042 1048 1051 1060 1091 1072 1082 1068 1068 1066 1075 1066 1063 1054 1058 1080 1054 1054 1053 1026 1025 989 1010 1012 984 975 963 956 945 925 949 950 926 930 915 922 914 908 911 876 865 902 905 872 891 876 864 850 856 834 840 821 812 774 724 726
1037 1061 1049 1067 1061 1050 1031 1037 1027 1071 1138 1155 1147 1172 1141 1118 1119 1089 1082 1076 1062 1048 1045 1032 1042 1024 1019 1018 1000 1004 1015 1015 1015 1009 998 1030 1022 1014 1038 1049 1043 1062 1061 1073 1073 1055 1058 1074 1063 1058 1041 1065 1070 1056 1050 1065 1052 1040 1020 1026 991 992 987 980 973 955 929 925 933 927 916 900 890 899 898 893 893 888 877 891 869 867 858 883 877 877 863 874 854 808 763 742 719 704
1044 1042 1071 1044 1025 992 940 903 907 975 1076 1150 1174 1171 1141 1125 1103 1102 1083 1089 1054 1059 1043 1022 1038 1009 1018 1016 1001 978 985 997 997 1009 1000 1018 1030 1019 1010 1039 1020 1043 1056 1068 1073 1042 1083 1094 1061 1054 1052 1053 1067 1073 1037 1054 1040 1015 997 1005 984 990 980 957 941 960 937 926 916 908 911 891 880 897 880 880 892 892 889 855 878 871 874 884 879 879 871 870 855 784 762 718 695 672
1044 1056 1059 1044 1023 988 921 821 806 930 1074 1129 1171 1152 1137 1112 1084 1080 1081 1059 1054 1038 1014 1001 991 985 1001 1000 984 979 978 985 989 1001 1008 1010 1014 1032 1024 1038 1034 1031 1022 1058 1075 1074 1084 1064 1064 1041 1054 1076 1076 1052 1050 1040 1034 1022 1003 993 993 980 974 971 964 964 937 937 919 892 916 891 884 884 914 875 892 876 853 844 861 861 873 865 856 855 860 857 845 829 759 712 698 665
1049 1066 1086 1062 1041 1015 940 889 913 1014 1102 1183 1190 1186 1155 1133 1119 1095 1087 1048 1048 1039 1018 1005 994 980 991 992 978 984 988 985 1001 1011 1006 1006 1037 1018 1032 1029 1028 1039 1044 1046 1047 1069 1077 1079 1054 1041 1027 1061 1061 1064 1049 1040 1034 1015 1003 1001 990 966 975 969 942 952 932 933 924 902 906 913 904 887 888 880 860 871 851 863 875 873 878 878 872 882 874 872 856 797 759 730 713 695
1071 1063 1080 1103 1098 1103 1100 1070 1120 1191 1254 1253 1231 1216 1172 1155 1129 1095 1077 1044 1036 1020 1007 998 1000 980 964 984 989 986 976 993 1000 1002 998 1006 1016 1025 1004 1012 1020 1034 1044 1034 1049 1071 1087 1065 1065 1041 1029 1062 1072 1052 1039 1043 1043 1017 1016 1006 983 987 973 973 949 944 933 933 902 907 907 916 918 870 862 866 855 865 851 866 868 852 864 884 884 885 890 869 844 845 759 745 754 696
1081 1092 1110 1119 1150 1172 1224 1302 1394 1414 1404 1374 1299 1222 1175 1150 1108 1084 1049 1039 1045 1043 1013 992 983 953 971 969 992 989 976 976 975 996 995 1015 1032 1033 1026 1026 1025 1017 1046 1052 1040 1054 1054 1079 1065 1042 1051 1046 1048 1054 1049 1046 1035 1015 999 1010 1005 976 960 949 960 952 955 935 911 913 905 894 896 892 862 872 874 851 854 871 839 855 852 863 884 883 883 883 834 816 781 768 749 700
1061 1101 1143 1148 1154 1194 1292 1480 1633 1666 1523 1370 1254 1219 1179 1143 1096 1079 1044 1028 1014 1021 996 994 978 941 972 956 972 989 964 981 1011 982 1011 1011 1018 1017 1028 1023 1046 1028 1068 1072 1059 1057 1055 1067 1051 1055 1039 1048 1058 1021 1035 1021 1025 1026 1014 991 990 964 964 960 960 933 932 931 925 882 913 906 884 863 855 851 867 855 866 869 846 848 852 864 885 874 873 856 815 803 807 767 728 705
1084 1090 1137 1161 1164 1209 1373 1585 1657 1606 1607 1453 1356 1236 1182 1128 1102 1077 1068 1010 1003 1009 998 995 966 960 957 964 971 975 954 969 1005 988 1008 1026 1037 1044 1034 1054 1034 1039 1040 1068 1067 1068 1065 1068 1076 1050 1029 1053 1067 1046 1020 1031 1032 1004 991 1002 989 980 959 948 955 950 919 925 913 893 881 897 879 873 858 855 852 851 851 834 833 849 870 862 861 878 893 842 820 795 806 794 724 707
1097 1081 1095 1128 1173 1239 1400 1479 1556 1570 1587 1489 1375 1290 1182 1122 1077 1067 1056 1023 1007 1000 976 981 976 975 951 970 965 945 970 986 998 1003 996 1018 1023 1040 1050 1040 1048 1031 1067 1065 1068 1095 1064 1044 1050 1052 1028 1038 1060 1021 1030 1025 1035 1002 991 1000 992 976 957 961 951 951 919 919 927 907 885 885 885 861 852 852 862 841 852 834 824 833 843 845 846 863 871 832 805 823 797 794 737 724
1108 1080 1091 1112 1144 1219 1328 1417 1508 1558 1523 1436 1352 1286 1200 1134 1067 1035 1024 1021 998 960 978 964 969 942 951 957 964 973 980 1004 994 989 990 1032 1036 1040 1047 1056 1053 1050 1029 1082 1105 1080 1064 1064 1059 1033 1023 1032 1058 1046 1027 1017 1009 1014 1016 989 1005 1002 977 946 950 960 911 920 923 912 910 862 864 858 856 830 845 830 840 819 819 846 822 811 814 846 838 833 805 797 795 771 745 752
1124 1097 1118 1095 1137 1186 1252 1375 1446 1447 1404 1329 1283 1219 1156 1106 1035 1025 1017 1011 974 955 955 968 958 956 951 964 972 957 979 987 992 989 1009 1040 1035 1034 1042 1054 1042 1055 1055 1064 1076 1087 1076 1058 1044 1050 1052 1044 1021 1031 1012 1021 1010 1014 990 1002 995 980 954 952 949 946 933 924 935 901 886 887 878 831 852 830 833 844 827 808 824 812 806 798 805 799 803 789 788 782 786 759 751 738
1099 1092 1101 1091 1110 1147 1190 1327 1341 1334 1290 1260 1199 1136 1102 1080 1016 1008 1013 976 973 949 942 954 949 955 956 952 960 944 969 982 992 993 1008 1018 1025 1030 1044 1041 1046 1063 1080 1085 1076 1070 1067 1063 1053 1054 1043 1030 1040 1032 1022 1014 1012 1011 1002 1000 991 1002 966 952 973 946 907 923 924 910 914 875 877 855 835 827 834 823 813 809 814 792 775 784 770 786 784 779 770 772 766 742 764 744
1031 1012 1056 1067 1081 1122 1188 1247 1237 1235 1185 1141 1116 1072 1040 1028 1000 965 971 952 937 936 936 924 943 948 943 941 947 955 945 965 983 1004 984 1013 1027 1028 1046 1034 1053 1062 1059 1071 1073 1090 1083 1060 1056 1064 1026 1054 1026 1033 1014 1007 1022 1002 985 1003 991 980 976 961 973 928 916 927 915 910 874 890 866 849 829 835 838 784 796 785 794 787 768 768 773 765 757 751 747 762 748 724 751 751
993 1016 1023 1033 1050 1065 1142 1167 1140 1139 1103 1097 1028 1047 1025 986 968 933 926 942 913 911 912 929 932 937 929 930 942 941 928 952 987 1017 1000 996 1028 1008 1007 1040 1052 1070 1062 1061 1078 1078 1073 1061 1056 1048 1040 1020 1018 1022 993 1010 1002 1003 1001 1005 991 992 966 991 977 946 937 939 911 914 899 884 857 843 810 831 818 809 803 788 777 759 750 750 759 731 722 746 748 739 727 730 735 717
975 989 1000 976 1004 1019 1065 1094 1084 1034 1021 1003 972 944 955 948 930 919 898 888 923 895 911 925 917 922 922 922 913 941 956 963 962 994 986 1001 1010 1014 1012 1018 1048 1050 1087 1059 1067 1065 1057 1044 1061 1058 1049 1020 1033 1020 1020 1020 1000 992 1000 998 991 985 951 988 935 963 955 935 922 904 884 879 850 837 846 814 795 811 790 775 774 750 761 768 749 727 715 737 734 743 701 720 732 710
961 960 938 954 950 986 996 976 987 974 967 943 939 905 895 887 894 890 880 883 916 886 899 902 907 898 913 927 894 923 956 959 968 994 990 967 996 1021 1012 1017 1050 1053 1057 1048 1047 1073 1050 1061 1041 1062 1040 1017 1028 1033 1021 1012 996 999 1007 1005 993 978 978 977 960 965 950 918 907 886 910 879 849 850 829 805 795 783 783 789 775 750 732 755 742 712 724 720 720 720 675 699 702 705
917 917 905 915 923 921 914 915 931 918 892 893 885 875 861 877 868 867 862 865 871 897 879 866 898 897 897 909 924 900 952 950 956 958 975 960 984 1013 997 1014 1015 1032 1055 1061 1048 1035 1053 1047 1067 1046 1052 1023 1043 1024 995 1017 1009 1022 1031 1013 997 1007 993 979 978 962 952 931 904 911 896 866 859 833 837 832 796 796 758 783 764 727 743 758 758 705 718 719 726 693 691 724 712 697
888 890 888 882 840 857 870 852 882 859 841 860 822 825 833 851 821 838 859 874 867 864 875 879 882 888 900 900 926 908 921 929 941 939 948 967 985 1002 1014 1010 1012 1032 1067 1051 1055 1047 1047 1051 1038 1048 1019 1021 1037 1042 1002 1017 1024 1035 1020 1031 1012 1008 1009 985 984 965 962 949 943 915 890 865 857 855 836 811 801 790 788 797 755 732 726 729 702 699 719 716 734 684 714 689 670 678
849 877 843 825 800 820 810 810 805 812 808 792 808 784 799 800 831 832 842 850 863 845 866 875 858 889 882 881 912 899 892 929 912 932 939 953 949 985 999 1025 1015 1009 1017 1041 1032 1040 1032 1033 1040 1011 1013 1024 1013 1019 1017 1042 1022 1006 1022 1018 1004 1008 994 996 986 963 952 951 924 929 879 873 836 862 848 815 792 811 797 766 741 744 734 707 710 690 722 722 683 707 693 667 682 697
820 792 766 771 757 753 765 755 745 765 775 763 777 778 754 788 823 812 843 845 854 851 846 862 857 868 893 886 886 905 895 909 928 916 927 935 973 983 976 999 1012 1029 1024 1044 1020 1038 1044 1006 1025 1021 1027 1021 985 1006 1039 1041 1020 1009 1033 1022 1020 1020 998 1017 988 983 945 962 932 920 900 877 866 844 834 799 794 775 764 760 729 736 720 720 710 717 699 689 686 712 676 678 689 677
751 749 764 735 722 704 700 708 697 709 740 734 740 768 765 800 812 823 805 839 832 843 825 837 859 840 841 874 877 875 898 899 898 931 926 930 952 977 990 988 989 1009 1000 1018 1020 1031 1033 1014 1028 1004 1008 996 987 1036 1022 1033 1014 1005 1046 1031 1019 1031 1032 1020 992 1000 976 972 973 921 899 875 836 858 834 798 775 787 789 759 729 732 729 708 712 715 709 667 696 690 678 698 675 652
734 751 722 686 700 681 680 686 665 690 710 724 729 763 786 782 797 814 838 836 810 829 829 802 829 828 850 849 867 866 875 882 874 887 931 925 927 952 956 956 981 969 977 994 1001 984 1026 1000 987 984 994 1010 1022 1022 1015 1021 1022 1033 1032 1039 1044 1035 1046 1022 1007 1004 1001 978 960 916 887 876 852 868 842 795 775 778 776 749 732 754 733 717 724 691 671 697 704 669 684 708 652 670
711 709 680 694 648 654 633 640 640 670 687 717 754 755 810 806 816 808 819 838 803 813 814 816 810 822 833 844 867 855 867 889 891 883 912 923 933 941 973 970 979 980 969 974 980 992 990 990 980 1000 1011 1009 1016 1008 1015 1017 1032 1048 1046 1044 1049 1073 1034 1022 1016 1014 994 958 947 931 887 861 851 846 848 789 790 799 779 754 745 741 710 693 714 678 680 697 696 679 675 656 670 660
685 680 679 651 649 620 621 622 645 675 708 748 764 776 806 809 814 808 826 822 806 800 815 828 820 822 844 846 851 854 858 867 882 893 891 892 927 923 930 930 949 978 975 964 963 978 974 982 961 993 988 989 998 995 1009 1042 1044 1047 1053 1069 1071 1065 1050 1037 1041 1042 994 963 944 920 903 861 848 865 846 809 767 792 761 737 732 735 705 708 695 685 697 691 689 665 659 655 673 643
683 684 659 650 629 603 618 606 652 724 740 752 786 777 791 825 825 811 822 828 822 786 809 815 823 805 828 838 831 838 856 856 857 887 902 892 874 930 927 956 931 956 936 938 976 961 960 955 950 974 984 988 1015 1014 1028 1007 1035 1035 1057 1074 1069 1097 1086 1098 1047 1026 1006 989 933 907 905 885 832 847 814 820 756 779 765 729 742 734 698 705 709 696 673 671 673 690 683 671 651 652
699 699 675 665 628 640 615 661 728 773 777 772 784 795 812 820 842 817 824 823 810 806 798 809 828 813 819 812 813 831 848 845 845 878 879 898 897 899 907 920 931 956 937 933 937 938 940 952 941 964 999 1004 1002 1015 1012 1013 1036 1040 1051 1070 1084 1114 1097 1088 1070 1023 983 955 933 911 904 876 833 828 805 786 771 768 770 728 723 712 712 711 699 693 691 680 684 657 638 638 659 650
692 707 683 669 658 639 661 707 732 767 779 771 788 798 808 818 825 816 812 832 829 816 802 797 805 827 816 827 798 829 839 837 853 849 861 881 885 878 885 898 916 929 935 948 933 933 938 945 980 987 1000 997 978 998 1003 1028 1028 1034 1079 1078 1096 1116 1100 1077 1047 1022 957 951 915 916 906 863 836 825 823 786 755 778 769 722 715 711 709 709 699 702 681 653 666 659 646 630 651 650
682 710 700 672 668 708 733 755 753 771 768 802 809 812 805 794 802 810 811 811 811 811 792 792 808 805 816 813 798 805 820 805 824 858 842 847 857 880 900 892 903 892 915 919 919 930 929 942 925 948 958 984 993 999 1017 1033 1021 1020 1058 1085 1102 1075 1094 1058 1028 997 954 915 910 914 878 875 839 837 822 809 763 760 743 707 722 700 701 702 677 690 662 662 658 646 638 656 630 626
714 706 709 706 727 755 767 763 770 797 805 796 795 804 794 793 804 794 798 811 786 812 810 797 797 788 834 833 812 788 824 814 845 825 853 849 839 836 863 881 885 886 877 910 903 902 909 919 939 930 966 983 1021 1008 996 1010 1032 1038 1038 1063 1077 1073 1056 1040 1006 987 956 927 911 879 891 859 817 795 788 778 750 760 760 707 715 687 701 671 660 671 666 647 658 650 649 656 643 658
723 719 717 736 755 777 781 773 786 795 812 808 804 804 814 804 815 796 808 791 799 810 798 785 775 765 793 810 815 792 779 787 822 842 802 827 845 836 830 832 848 863 885 896 909 897 900 926 932 935 968 979 1007 970 982 1002 1013 1042 1050 1073 1050 1036 1029 1007 1013 972 972 950 919 893 865 843 815 802 801 774 729 727 718 707 702 682 689 671 663 673 663 673 662 653 632 637 640 620
767 770 769 794 777 791 788 815 819 826 831 821 805 805 804 801 782 785 801 792 811 780 773 781 781 771 765 779 802 806 811 800 790 817 792 803 814 819 843 846 844 837 850 872 866 896 898 899 931 922 950 947 966 990 1014 1014 1026 1037 1033 1037 1053 1025 1007 1003 981 970 961 919 902 864 859 836 806 795 790 752 730 736 692 717 695 678 681 653 665 662 650 627 647 645 618 625 630 637
