data/bclim12.asc
NCOLS 210 
NROWS 174 
XLLCORNER 27.125 
YLLCORNER -2.20833333333333 
CELLSIZE 0.0416666666666667 
NODATA_value -32768 
[rows 76 to 113 of 174, columns 0 to 84 of 210]
1950 1959 1964 1975 1992 2012 2003 1992 1997 1992 1998 1987 1972 1963 1965 1982 1979 1962 1955 1957 1941 1939 1933 1927 1924 1918 1914 1909 1899 1882 1892 1893 1884 1875 1866 1847 1835 1833 1818 1806 1787 1759 1749 1722 1708 1688 1690 1698 1696 1694 1687 1655 1623 1599 1581 1570 1563 1553 1549 1524 1521 1499 1492 1479 1463 1437 1406 1376 1351 1346 1310 1319 1322 1332 1337 1313 1357 1368 1328 1328 1367 1392 1421 1417 1429
1944 1951 1952 1985 1977 1952 1959 1959 1978 1967 1984 1985 1977 1963 1945 1946 1965 1969 1940 1927 1928 1934 1929 1923 1922 1907 1901 1896 1883 1875 1886 1883 1866 1862 1854 1842 1826 1816 1798 1791 1773 1755 1732 1714 1699 1696 1696 1713 1689 1665 1648 1633 1616 1593 1574 1566 1561 1553 1531 1520 1509 1485 1478 1470 1457 1426 1407 1373 1337 1320 1309 1302 1296 1325 1319 1313 1349 1320 1299 1347 1382 1411 1423 1430 1431
1945 1945 1946 1947 1948 1940 1941 1942 1954 1944 1954 1956 1968 1956 1937 1937 1935 1940 1939 1917 1919 1917 1916 1916 1913 1899 1893 1882 1871 1870 1861 1856 1853 1853 1851 1825 1809 1803 1787 1768 1752 1734 1721 1706 1699 1698 1702 1694 1670 1651 1642 1624 1603 1587 1573 1564 1557 1541 1532 1524 1497 1480 1474 1460 1448 1420 1399 1364 1326 1310 1302 1297 1307 1312 1329 1299 1306 1312 1296 1311 1340 1424 1436 1454 1445
1942 1943 1943 1939 1937 1939 1936 1933 1938 1936 1931 1927 1938 1937 1931 1928 1915 1914 1913 1920 1905 1910 1916 1913 1901 1889 1882 1873 1860 1857 1849 1846 1842 1844 1838 1822 1785 1787 1782 1755 1742 1724 1716 1707 1696 1696 1689 1680 1668 1646 1632 1616 1596 1588 1574 1557 1554 1548 1538 1509 1491 1479 1482 1461 1440 1427 1397 1360 1318 1302 1309 1348 1326 1337 1348 1290 1306 1341 1304 1360 1389 1411 1439 1454 1458
1936 1939 1940 1931 1929 1931 1938 1942 1940 1947 1942 1935 1928 1929 1924 1920 1911 1904 1900 1904 1906 1916 1916 1906 1895 1879 1871 1860 1854 1851 1850 1841 1841 1842 1822 1801 1778 1768 1762 1739 1736 1724 1720 1714 1699 1697 1688 1672 1657 1641 1621 1610 1589 1582 1581 1571 1554 1545 1527 1496 1479 1479 1469 1457 1432 1414 1377 1342 1311 1308 1298 1311 1321 1375 1358 1261 1267 1296 1366 1403 1403 1409 1445 1451 1291
1930 1933 1940 1927 1926 1925 1924 1922 1925 1924 1933 1944 1931 1929 1913 1914 1923 1905 1897 1895 1896 1905 1901 1893 1885 1873 1867 1859 1848 1845 1839 1835 1833 1828 1805 1800 1781 1756 1741 1735 1742 1727 1719 1713 1703 1693 1682 1671 1649 1635 1616 1601 1591 1578 1568 1555 1541 1538 1523 1491 1472 1466 1453 1454 1429 1400 1362 1339 1333 1303 1287 1275 1289 1280 1261 1238 1246 1279 1383 1423 1383 1374 1417 1323 995
1924 1926 1929 1924 1924 1919 1916 1917 1914 1914 1912 1924 1943 1947 1919 1905 1907 1902 1896 1895 1889 1886 1886 1879 1872 1866 1867 1857 1857 1844 1834 1825 1813 1804 1798 1801 1775 1748 1754 1738 1731 1727 1720 1728 1705 1687 1674 1663 1647 1628 1609 1603 1594 1577 1566 1548 1540 1527 1513 1491 1469 1455 1448 1420 1406 1389 1351 1357 1351 1294 1276 1270 1265 1251 1229 1239 1253 1278 1379 1423 1206 1198 1206 1033 945
1925 1920 1918 1917 1916 1912 1915 1909 1908 1907 1900 1899 1914 1924 1919 1910 1894 1891 1889 1886 1888 1887 1879 1873 1864 1863 1861 1866 1853 1849 1835 1814 1799 1792 1786 1785 1765 1743 1747 1732 1725 1715 1717 1713 1695 1675 1666 1655 1646 1626 1603 1597 1587 1570 1559 1542 1533 1524 1504 1487 1466 1450 1432 1407 1399 1381 1360 1349 1333 1290 1276 1259 1233 1224 1222 1239 1291 1329 1305 1345 1072 1005 975 948 943
1948 1932 1921 1918 1919 1912 1905 1902 1903 1901 1894 1893 1891 1890 1896 1902 1897 1883 1879 1888 1890 1876 1870 1865 1865 1859 1855 1855 1837 1831 1829 1814 1800 1780 1769 1764 1744 1733 1730 1722 1717 1714 1711 1698 1686 1670 1656 1648 1633 1619 1600 1594 1578 1566 1557 1551 1537 1528 1509 1485 1461 1436 1423 1407 1401 1376 1361 1340 1314 1286 1266 1238 1223 1214 1213 1245 1339 1288 1176 1079 980 962 951 948 941
1959 1952 1936 1928 1921 1918 1908 1894 1896 1899 1897 1885 1884 1880 1876 1876 1886 1892 1880 1876 1873 1853 1837 1837 1844 1842 1831 1827 1809 1807 1808 1808 1796 1780 1765 1747 1737 1725 1730 1731 1724 1714 1701 1686 1672 1659 1649 1641 1629 1611 1598 1587 1580 1570 1557 1552 1542 1531 1504 1477 1453 1429 1409 1392 1381 1367 1353 1335 1311 1286 1269 1247 1226 1214 1211 1256 1357 1153 1015 980 968 955 950 946 941
1950 1945 1948 1947 1938 1922 1912 1897 1887 1889 1894 1880 1878 1877 1871 1861 1858 1854 1845 1847 1832 1814 1809 1811 1824 1821 1809 1804 1796 1801 1796 1790 1790 1776 1756 1740 1738 1727 1717 1723 1730 1708 1684 1672 1659 1649 1639 1629 1623 1607 1601 1594 1587 1574 1566 1553 1537 1520 1505 1478 1451 1424 1397 1379 1372 1360 1343 1330 1313 1292 1271 1262 1237 1226 1233 1294 1293 1060 998 977 965 954 949 945 944
1939 1941 1944 1939 1940 1942 1911 1892 1879 1879 1876 1867 1867 1861 1858 1853 1842 1832 1826 1816 1810 1802 1794 1802 1812 1804 1793 1791 1789 1779 1769 1770 1770 1757 1739 1733 1737 1732 1722 1706 1699 1687 1683 1672 1658 1651 1639 1626 1613 1607 1597 1588 1578 1569 1561 1545 1529 1509 1500 1482 1464 1431 1396 1392 1377 1361 1343 1330 1315 1316 1306 1323 1321 1287 1284 1292 1136 1018 987 970 960 953 950 945 942
1930 1933 1932 1931 1925 1929 1929 1915 1889 1873 1865 1859 1856 1853 1850 1842 1832 1824 1815 1807 1799 1794 1784 1785 1790 1783 1775 1781 1793 1779 1752 1756 1748 1743 1732 1727 1728 1730 1718 1710 1707 1689 1673 1672 1665 1650 1641 1639 1617 1607 1599 1590 1583 1573 1556 1536 1506 1494 1492 1483 1467 1421 1396 1403 1375 1399 1347 1341 1321 1319 1331 1344 1396 1340 1314 1291 1114 1016 978 965 958 954 950 947 946
1919 1919 1922 1920 1920 1919 1915 1917 1910 1881 1857 1857 1852 1846 1836 1828 1825 1814 1811 1803 1792 1785 1780 1769 1760 1762 1749 1754 1768 1778 1742 1729 1730 1727 1726 1719 1718 1713 1709 1703 1691 1673 1655 1656 1659 1661 1652 1655 1624 1611 1602 1600 1587 1576 1549 1518 1497 1486 1475 1463 1443 1410 1393 1392 1383 1396 1366 1351 1322 1404 1432 1349 1378 1402 1399 1327 1105 1003 976 967 959 955 953 950 948
1917 1912 1907 1913 1912 1908 1903 1903 1902 1896 1869 1857 1862 1861 1844 1829 1815 1811 1806 1800 1788 1781 1778 1767 1758 1770 1753 1754 1758 1740 1724 1728 1726 1728 1719 1712 1704 1699 1695 1691 1677 1662 1643 1647 1661 1642 1624 1614 1614 1614 1605 1599 1578 1569 1537 1512 1482 1474 1455 1441 1423 1408 1397 1385 1414 1417 1410 1361 1351 1435 1470 1407 1425 1458 1434 1196 1019 997 980 971 965 960 954 950 950
1914 1905 1902 1904 1897 1893 1892 1894 1893 1890 1894 1884 1893 1896 1878 1830 1815 1808 1804 1801 1788 1776 1767 1762 1755 1764 1758 1738 1733 1726 1723 1734 1732 1724 1725 1717 1703 1692 1690 1678 1661 1653 1634 1628 1635 1641 1614 1604 1606 1599 1600 1580 1570 1548 1526 1499 1477 1469 1457 1440 1440 1428 1397 1397 1479 1485 1450 1350 1399 1472 1491 1451 1416 1416 1313 1086 1016 999 986 976 969 962 958 957 953
1906 1899 1895 1893 1890 1889 1885 1884 1881 1878 1876 1878 1878 1885 1876 1840 1814 1812 1808 1804 1791 1774 1759 1756 1750 1760 1761 1757 1742 1720 1719 1724 1719 1719 1720 1719 1706 1698 1684 1658 1641 1632 1625 1615 1608 1639 1599 1600 1598 1590 1586 1568 1560 1535 1515 1488 1485 1486 1476 1456 1473 1455 1414 1399 1426 1432 1406 1345 1375 1442 1474 1432 1414 1405 1256 1098 1019 1003 991 980 972 966 961 959 956
1909 1900 1896 1889 1888 1882 1882 1877 1868 1863 1863 1862 1866 1871 1863 1856 1832 1817 1806 1803 1797 1768 1752 1750 1745 1756 1768 1768 1749 1734 1713 1700 1699 1715 1713 1704 1700 1688 1673 1644 1647 1642 1636 1620 1600 1596 1605 1596 1579 1578 1567 1554 1542 1524 1498 1491 1493 1497 1481 1479 1482 1464 1420 1396 1398 1385 1369 1361 1403 1417 1428 1407 1397 1298 1133 1040 1021 1006 995 984 977 969 965 963 958
1903 1902 1895 1892 1885 1884 1875 1871 1859 1857 1854 1848 1851 1846 1848 1844 1839 1827 1808 1792 1787 1759 1750 1745 1735 1743 1760 1775 1755 1737 1715 1701 1688 1691 1686 1682 1686 1671 1652 1634 1634 1630 1631 1620 1608 1587 1592 1580 1562 1561 1559 1545 1540 1513 1507 1504 1497 1499 1499 1499 1476 1444 1423 1404 1394 1379 1399 1414 1386 1354 1348 1315 1211 1085 1057 1038 1025 1012 1001 990 982 972 965 963 1029
1895 1898 1891 1899 1893 1880 1868 1860 1854 1853 1848 1838 1830 1824 1831 1835 1832 1829 1820 1790 1775 1753 1743 1735 1729 1730 1735 1750 1752 1736 1720 1710 1683 1677 1663 1672 1669 1648 1634 1636 1640 1631 1624 1618 1611 1591 1578 1570 1563 1549 1549 1538 1542 1516 1510 1512 1509 1519 1516 1504 1469 1452 1456 1422 1416 1437 1442 1463 1357 1257 1234 1173 1115 1075 1057 1043 1030 1015 1003 992 982 975 969 968 1163
1887 1882 1893 1898 1893 1879 1860 1856 1854 1852 1841 1829 1816 1813 1817 1824 1826 1824 1821 1802 1767 1749 1735 1728 1722 1716 1726 1750 1755 1736 1725 1701 1691 1692 1670 1652 1646 1636 1639 1635 1624 1616 1618 1626 1627 1610 1595 1582 1573 1563 1543 1532 1531 1509 1510 1512 1519 1525 1519 1504 1473 1482 1478 1468 1447 1508 1517 1469 1320 1235 1197 1150 1103 1074 1059 1044 1032 1029 1013 1001 988 983 978 1086 1247
1883 1874 1875 1881 1882 1872 1862 1846 1848 1843 1831 1819 1811 1806 1812 1811 1809 1806 1804 1809 1784 1758 1732 1722 1713 1715 1722 1744 1744 1732 1719 1701 1691 1685 1680 1667 1653 1631 1616 1610 1614 1613 1616 1622 1627 1619 1612 1593 1572 1575 1544 1526 1516 1512 1498 1496 1507 1513 1515 1500 1492 1496 1515 1496 1494 1528 1533 1373 1271 1216 1183 1129 1097 1078 1062 1047 1049 1039 1021 1007 1000 996 1109 1247 1267
1886 1871 1865 1866 1870 1858 1854 1840 1836 1833 1822 1819 1814 1803 1795 1790 1791 1791 1791 1800 1788 1760 1740 1711 1706 1710 1716 1727 1732 1727 1713 1705 1689 1688 1684 1669 1652 1643 1619 1610 1597 1589 1587 1596 1602 1598 1600 1588 1591 1584 1553 1530 1516 1524 1514 1498 1501 1512 1511 1512 1519 1533 1506 1490 1489 1519 1433 1275 1232 1194 1151 1115 1095 1078 1066 1075 1073 1052 1028 1011 1024 1178 1251 1299 1287
1886 1868 1866 1854 1853 1848 1842 1833 1824 1820 1816 1811 1806 1797 1784 1778 1777 1785 1780 1775 1765 1745 1733 1712 1699 1709 1713 1728 1727 1725 1714 1703 1690 1683 1673 1657 1664 1686 1625 1612 1595 1592 1573 1564 1570 1580 1587 1566 1567 1548 1546 1537 1527 1516 1526 1511 1509 1522 1515 1525 1554 1536 1511 1493 1488 1459 1305 1266 1210 1167 1132 1112 1093 1156 1193 1116 1091 1063 1065 1225 1300 1308 1324 1269 1258
1885 1870 1868 1854 1844 1835 1828 1824 1822 1812 1806 1801 1794 1791 1775 1773 1770 1769 1763 1762 1749 1734 1733 1708 1696 1705 1722 1742 1706 1703 1699 1687 1685 1683 1674 1658 1649 1672 1627 1610 1590 1594 1571 1565 1564 1547 1552 1541 1540 1533 1531 1544 1540 1528 1539 1525 1518 1524 1522 1529 1544 1519 1441 1389 1337 1299 1263 1224 1176 1148 1135 1123 1099 1278 1233 1136 1111 1095 1293 1413 1336 1366 1351 1326 1288
1885 1868 1865 1863 1846 1835 1824 1822 1821 1816 1802 1795 1786 1775 1771 1761 1762 1759 1756 1752 1742 1730 1725 1697 1712 1737 1726 1704 1684 1683 1681 1675 1674 1676 1674 1659 1645 1640 1621 1604 1586 1592 1580 1571 1580 1557 1530 1540 1552 1553 1552 1548 1543 1536 1519 1517 1518 1535 1531 1523 1534 1456 1335 1315 1281 1245 1216 1191 1170 1158 1147 1129 1147 1466 1287 1164 1138 1228 1437 1430 1367 1370 1376 1332 1297
1878 1864 1866 1861 1852 1833 1823 1813 1808 1809 1805 1791 1785 1774 1765 1761 1751 1746 1746 1746 1730 1711 1703 1688 1689 1718 1708 1679 1665 1668 1666 1668 1672 1671 1667 1654 1642 1630 1611 1594 1587 1587 1585 1581 1587 1572 1536 1515 1514 1531 1570 1565 1547 1537 1523 1530 1532 1529 1543 1511 1408 1321 1298 1282 1247 1248 1232 1213 1181 1175 1178 1191 1371 1472 1287 1286 1419 1395 1440 1438 1396 1382 1378 1335 1320
1871 1860 1857 1858 1851 1836 1822 1812 1801 1801 1804 1791 1782 1766 1757 1751 1745 1739 1733 1725 1718 1702 1691 1683 1697 1677 1672 1667 1653 1660 1654 1656 1659 1657 1655 1656 1646 1617 1598 1590 1583 1577 1578 1575 1587 1569 1546 1534 1514 1512 1555 1536 1522 1517 1521 1531 1540 1534 1519 1402 1329 1296 1267 1257 1246 1258 1236 1215 1194 1201 1230 1304 1488 1476 1470 1468 1448 1450 1444 1424 1401 1381 1371 1326 1297
1866 1858 1850 1850 1847 1837 1827 1807 1798 1794 1792 1789 1781 1768 1755 1744 1736 1727 1720 1712 1705 1693 1683 1692 1693 1682 1662 1651 1650 1641 1640 1638 1643 1643 1638 1639 1652 1609 1589 1588 1578 1570 1563 1584 1586 1572 1550 1531 1501 1515 1513 1508 1512 1511 1524 1538 1542 1532 1435 1333 1311 1286 1250 1263 1253 1250 1256 1237 1228 1242 1311 1462 1487 1487 1481 1464 1443 1434 1430 1408 1400 1378 1344 1287 1288
1873 1856 1842 1844 1847 1841 1831 1806 1794 1793 1790 1783 1771 1768 1754 1733 1726 1719 1713 1702 1694 1684 1678 1713 1701 1680 1657 1641 1632 1638 1629 1626 1626 1627 1620 1616 1634 1615 1587 1579 1567 1564 1555 1549 1558 1570 1529 1505 1489 1478 1490 1519 1512 1507 1525 1545 1549 1513 1388 1324 1305 1275 1238 1240 1241 1247 1260 1272 1265 1287 1450 1516 1483 1490 1484 1477 1454 1432 1408 1391 1382 1351 1298 1276 1268
1872 1859 1841 1838 1832 1833 1833 1806 1791 1796 1795 1775 1758 1759 1746 1726 1724 1716 1706 1692 1687 1675 1673 1704 1706 1685 1650 1647 1631 1632 1633 1620 1612 1611 1613 1606 1610 1621 1629 1628 1597 1609 1608 1547 1536 1536 1507 1507 1477 1492 1475 1501 1513 1497 1509 1528 1538 1479 1372 1320 1295 1241 1232 1226 1222 1239 1342 1342 1357 1446 1500 1576 1449 1480 1481 1474 1459 1435 1403 1382 1352 1317 1288 1256 1250
1866 1861 1849 1839 1834 1831 1838 1817 1787 1794 1792 1786 1755 1749 1731 1726 1721 1710 1700 1687 1677 1671 1673 1684 1692 1682 1644 1635 1633 1619 1623 1616 1604 1597 1593 1592 1596 1632 1629 1633 1649 1646 1562 1529 1562 1541 1496 1492 1477 1481 1499 1496 1547 1514 1522 1523 1531 1453 1386 1309 1274 1226 1222 1217 1251 1400 1478 1478 1464 1476 1615 1514 1452 1471 1459 1439 1436 1436 1410 1358 1296 1271 1246 1236 1232
1866 1860 1851 1847 1845 1834 1848 1821 1787 1781 1785 1771 1753 1739 1730 1719 1709 1706 1692 1677 1673 1673 1686 1683 1662 1661 1641 1631 1630 1616 1611 1612 1600 1586 1586 1619 1626 1603 1633 1643 1643 1641 1579 1528 1511 1498 1504 1499 1483 1489 1472 1488 1532 1531 1540 1541 1565 1479 1414 1369 1272 1244 1213 1219 1367 1484 1585 1544 1568 1661 1642 1443 1435 1436 1411 1405 1412 1377 1356 1317 1265 1235 1222 1217 1212
1868 1859 1849 1846 1840 1838 1832 1813 1787 1775 1784 1766 1750 1735 1727 1716 1703 1691 1683 1678 1679 1656 1661 1654 1652 1653 1644 1633 1631 1620 1620 1615 1596 1592 1584 1590 1565 1602 1629 1640 1640 1630 1554 1529 1540 1495 1495 1489 1484 1494 1472 1485 1508 1525 1541 1566 1594 1506 1370 1348 1271 1233 1259 1342 1510 1667 1811 1770 1766 1821 1502 1382 1415 1392 1356 1330 1362 1296 1279 1256 1230 1202 1193 1188 1179
1870 1861 1846 1845 1839 1831 1830 1798 1776 1768 1771 1758 1742 1732 1723 1715 1702 1687 1677 1678 1671 1649 1656 1646 1654 1654 1641 1629 1621 1623 1630 1610 1596 1592 1581 1563 1553 1570 1617 1580 1555 1565 1552 1539 1536 1529 1555 1529 1543 1489 1473 1495 1513 1525 1556 1578 1575 1409 1318 1319 1276 1268 1306 1431 1594 1838 2087 2009 1911 1729 1499 1354 1356 1310 1263 1220 1229 1214 1199 1197 1193 1174 1162 1160 1141
1863 1856 1846 1844 1835 1827 1821 1791 1773 1768 1770 1753 1735 1730 1717 1711 1693 1680 1673 1680 1673 1648 1652 1649 1640 1642 1638 1627 1631 1642 1607 1591 1588 1573 1559 1555 1544 1533 1536 1583 1592 1576 1541 1515 1502 1515 1565 1587 1572 1489 1476 1487 1521 1537 1566 1564 1504 1316 1326 1366 1257 1278 1307 1413 1646 1994 2103 1950 1849 1571 1419 1325 1311 1203 1136 1122 1153 1179 1152 1166 1169 1146 1123 1110 1112
1853 1849 1846 1842 1831 1822 1812 1805 1778 1767 1757 1742 1731 1729 1720 1704 1690 1673 1666 1666 1669 1648 1636 1656 1632 1629 1627 1638 1643 1608 1579 1574 1574 1562 1554 1547 1549 1554 1544 1535 1536 1518 1516 1502 1500 1506 1517 1555 1590 1545 1495 1503 1543 1558 1551 1537 1356 1291 1337 1333 1253 1251 1280 1401 1550 1916 2123 1859 1536 1325 1322 1338 1229 1121 1046 1031 1092 1149 1138 1130 1120 1119 1092 1084 1082
1849 1845 1842 1837 1827 1815 1807 1798 1789 1760 1746 1736 1732 1734 1728 1705 1681 1666 1661 1663 1663 1647 1631 1647 1634 1610 1620 1618 1583 1580 1578 1576 1558 1555 1553 1551 1553 1584 1555 1542 1536 1511 1506 1486 1478 1489 1512 1517 1561 1590 1526 1533 1525 1527 1533 1494 1330 1263 1263 1252 1224 1218 1252 1413 1540 1902 2088 1884 1684 1423 1316 1269 1104 1031 1005 984 1067 1122 1121 1124 1110 1088 1072 1065 1055
