data/bclim11.asc
NCOLS 210 
NROWS 174 
XLLCORNER 27.125 
YLLCORNER -2.20833333333333 
CELLSIZE 0.0416666666666667 
NODATA_value -32768 
[rows 42 to 83 of 174, columns 0 to 93 of 210]
233 234 234 234 234 233 233 233 233 233 233 233 233 234 235 236 236 234 234 234 234 234 235 235 236 236 236 236 236 237 237 237 238 238 238 238 237 237 236 236 236 235 236 235 234 230 230 231 231 228 228 230 232 234 230 233 233 233 231 231 231 230 229 228 228 229 229 228 228 227 227 227 227 227 227 227 227 227 225 222 221 220 219 219 219 218 217 217 217 217 218 220 223 226
234 234 234 234 233 233 232 232 233 232 232 233 233 233 234 235 236 235 235 235 235 235 235 235 235 236 235 236 236 237 237 238 237 238 238 238 237 237 236 235 235 234 236 235 234 232 232 232 231 229 229 230 231 231 229 231 234 233 231 229 230 229 228 228 226 227 228 229 226 225 228 228 228 227 227 226 225 224 223 222 221 220 218 219 218 217 217 217 216 217 218 220 223 224
234 233 234 233 233 233 233 232 232 232 231 232 232 233 233 233 235 236 237 236 236 236 236 235 235 235 235 235 236 237 236 237 237 237 237 237 237 237 236 235 234 234 235 233 233 233 231 231 230 231 228 227 229 228 225 227 233 232 229 228 228 228 227 227 225 224 227 227 228 227 228 228 229 228 227 227 225 221 223 222 220 220 218 218 217 216 216 216 215 217 218 221 224 227
233 233 233 233 233 233 233 233 232 232 232 231 232 233 233 233 234 235 236 237 236 236 236 236 235 235 235 234 236 235 236 236 237 237 237 237 235 235 235 235 234 235 234 233 233 232 230 229 230 230 230 229 228 226 225 230 232 233 231 228 227 227 225 226 226 224 226 227 228 228 228 228 227 227 226 226 224 223 221 221 221 220 218 217 217 215 215 215 215 217 218 221 222 224
233 233 231 232 234 233 233 232 232 232 232 231 231 232 233 233 234 234 235 236 237 236 235 236 235 235 234 234 235 234 235 236 237 236 236 236 235 234 234 234 234 233 233 232 232 232 231 231 230 230 230 230 228 229 230 231 230 232 231 230 229 227 221 227 228 225 225 226 226 223 227 227 227 227 227 225 224 222 222 220 219 220 218 218 217 215 214 214 214 215 217 218 218 224
233 233 232 230 232 234 234 233 233 232 232 232 231 231 232 233 233 234 234 235 235 236 236 236 235 234 234 234 234 234 235 236 236 234 234 234 234 234 234 234 234 233 232 233 232 232 232 231 231 229 229 228 227 227 225 230 231 228 228 230 230 230 230 230 227 226 223 223 223 221 227 226 226 225 226 226 225 225 222 220 218 219 219 218 217 215 213 213 214 216 217 217 221 225
233 233 232 231 230 232 233 233 233 233 233 232 232 231 231 232 233 234 234 234 234 235 236 236 234 234 234 235 234 234 234 234 234 234 235 234 230 232 234 233 234 233 233 232 232 232 231 231 231 229 226 226 226 226 225 229 230 223 223 225 224 225 227 227 228 226 223 220 216 218 226 225 226 223 224 226 224 224 221 220 219 218 217 217 215 215 213 213 213 214 216 217 220 226
233 233 233 232 230 230 232 232 233 232 233 233 232 232 231 231 233 233 234 234 233 233 234 233 234 234 235 234 234 234 234 234 235 235 235 233 229 222 233 233 234 233 233 233 232 231 231 231 231 230 227 224 226 227 226 226 229 224 223 224 223 223 226 226 226 227 226 226 222 213 225 224 225 222 221 225 225 224 224 223 221 217 216 214 214 214 213 213 212 213 215 217 222 226
233 233 233 233 232 231 232 232 232 232 232 233 232 231 231 231 232 234 234 234 233 233 233 232 233 234 233 235 235 235 234 234 235 235 233 232 233 232 234 234 233 233 232 232 232 232 231 230 230 229 226 222 221 225 227 227 227 224 224 222 223 221 225 223 222 223 224 225 226 224 225 224 224 222 221 222 223 223 222 222 221 218 215 214 214 213 212 211 211 211 214 218 220 224
234 233 233 233 232 232 231 232 232 231 232 232 232 232 231 231 233 234 234 234 232 232 232 233 234 234 233 233 234 235 235 235 235 234 233 234 234 234 233 233 233 233 233 232 231 231 231 230 230 229 228 226 221 221 226 226 224 220 223 220 221 221 222 222 222 219 221 221 224 225 226 224 224 223 223 223 223 223 221 220 219 217 215 214 213 212 212 211 210 210 212 218 224 226
233 233 233 233 233 233 232 231 231 231 231 233 232 232 232 231 233 234 234 234 232 232 233 233 233 233 233 233 234 234 234 234 234 234 234 234 234 234 234 234 234 233 233 233 233 232 230 231 230 230 227 226 225 222 223 226 224 222 223 222 220 220 220 221 221 219 217 219 221 223 225 224 224 223 223 223 222 223 223 222 218 217 214 214 213 212 210 210 209 208 208 217 223 226
231 233 233 233 233 233 232 232 231 231 231 231 231 231 231 231 232 233 234 233 233 232 233 233 233 233 233 233 233 234 233 233 234 234 234 233 234 233 234 233 234 234 234 234 233 232 232 231 230 230 227 228 226 225 220 223 222 222 223 222 221 220 219 221 221 221 217 217 220 223 223 222 223 222 223 222 221 221 223 220 216 214 213 213 211 211 210 207 208 206 207 216 222 222
231 232 232 233 233 233 232 231 232 231 231 231 231 231 232 232 232 233 232 232 232 233 232 232 233 233 234 234 234 233 233 233 234 233 234 233 234 233 232 233 232 232 233 233 234 233 232 232 231 230 229 228 227 227 223 222 221 219 221 220 220 218 217 217 216 215 216 215 218 221 222 220 221 222 221 222 221 220 220 217 215 211 212 213 212 212 209 205 204 202 207 216 220 220
232 232 231 232 232 233 232 232 232 232 231 231 231 232 232 233 233 233 232 232 233 232 233 233 234 234 234 234 234 234 233 233 234 233 233 233 233 232 232 232 232 232 233 232 232 233 233 232 230 228 227 227 226 226 223 222 221 219 216 219 217 217 217 215 214 212 212 213 217 218 219 219 217 219 217 220 219 217 216 218 214 211 213 212 210 209 206 205 201 203 208 213 216 224
232 231 231 231 231 232 232 232 232 232 231 231 231 233 233 233 233 233 233 232 233 233 233 234 234 234 233 233 233 233 233 233 234 233 232 232 231 231 231 231 231 232 232 232 232 232 232 231 229 226 226 226 225 224 222 220 219 218 216 217 216 215 215 213 212 210 210 214 216 215 213 215 213 215 211 219 217 214 214 217 213 213 212 210 209 206 201 201 199 203 207 212 219 224
231 231 231 231 231 231 232 232 233 233 233 232 232 232 231 232 232 232 232 232 233 234 234 234 234 234 234 233 233 232 233 233 233 233 232 232 230 230 230 231 231 231 232 231 232 232 231 230 229 227 227 226 225 224 223 221 219 218 218 216 215 215 214 213 211 211 211 211 213 213 210 209 210 210 210 214 215 210 213 216 213 212 211 209 207 202 199 197 197 201 203 208 218 223
230 230 231 231 231 231 232 232 233 233 233 233 233 232 231 231 232 232 232 233 233 234 234 234 233 233 233 233 233 233 233 233 233 233 232 232 232 232 231 231 231 232 231 231 231 232 230 230 228 228 227 226 227 225 223 221 219 218 217 216 215 214 213 214 212 211 212 211 212 212 209 207 208 208 209 212 208 209 211 214 212 208 207 205 203 196 195 194 196 199 202 204 215 223
231 230 231 231 231 231 232 233 233 233 232 232 233 233 233 233 232 233 233 233 233 234 234 234 234 234 234 233 233 234 233 233 233 232 232 232 232 232 232 232 232 231 231 232 232 231 231 228 227 227 227 226 226 224 223 221 219 218 217 215 213 214 214 214 212 212 213 211 212 212 210 207 210 211 210 208 206 207 211 213 210 207 204 201 200 194 191 192 196 198 199 199 211 221
231 231 231 232 232 232 232 233 233 233 232 232 232 233 233 233 233 233 234 233 234 234 234 234 234 233 234 234 233 234 233 233 233 233 233 233 232 232 233 232 232 232 232 232 232 232 229 226 226 227 226 226 225 223 222 221 220 218 217 215 214 214 214 212 213 212 212 212 212 211 211 209 212 212 210 206 203 206 209 210 207 206 205 198 196 193 191 190 191 192 192 197 207 216
231 231 232 233 232 233 233 232 233 232 232 232 232 232 233 234 233 234 234 234 235 234 234 234 233 233 233 234 234 234 234 234 234 234 233 233 233 234 233 233 233 233 233 233 232 231 227 225 226 226 226 225 225 223 221 220 219 218 217 216 214 214 214 213 213 211 209 212 213 213 212 212 212 211 206 203 202 204 209 206 203 202 195 193 191 192 189 189 188 189 190 193 201 205
232 231 232 233 233 233 233 232 232 232 232 232 232 233 233 234 234 233 234 234 234 235 235 234 234 234 234 234 234 234 234 234 235 234 234 234 233 233 232 233 233 232 232 231 231 229 227 224 225 225 225 224 224 223 222 221 218 218 217 215 213 214 214 213 213 212 212 213 213 213 212 211 211 209 206 203 201 204 208 202 199 197 189 189 191 190 187 188 189 190 190 191 196 201
232 232 233 234 233 233 232 232 232 232 232 232 233 233 234 234 233 233 234 234 234 234 235 235 235 235 235 234 235 235 235 235 234 234 233 233 233 232 232 232 233 232 230 230 230 229 228 227 225 224 223 223 223 222 222 219 218 217 217 214 213 214 215 214 214 214 215 214 214 213 213 211 211 208 204 202 201 205 203 199 197 191 187 187 188 188 186 187 189 188 188 189 192 197
231 231 231 232 232 232 232 232 232 232 232 232 233 233 234 234 234 233 234 234 234 234 234 235 234 235 234 235 234 234 234 235 234 234 234 233 232 232 232 231 232 231 231 229 228 229 227 226 224 222 222 222 222 221 221 220 220 219 217 216 214 214 216 215 215 216 216 215 215 214 213 212 211 207 202 202 202 204 199 198 194 187 186 186 187 185 184 186 188 187 185 182 189 194
232 232 232 232 232 232 232 231 232 232 233 232 232 233 235 234 234 234 234 234 234 234 234 234 234 235 235 234 234 234 234 234 233 233 233 233 231 231 232 231 230 230 228 228 227 226 226 225 223 222 221 221 221 221 221 220 220 221 220 218 215 215 216 216 216 218 217 216 215 215 214 211 209 209 201 200 202 200 199 197 189 186 185 186 186 185 182 185 184 184 181 178 186 189
233 233 232 232 232 232 231 232 233 233 232 232 233 234 234 234 234 235 234 234 234 235 234 234 234 234 234 234 233 233 233 233 233 232 232 233 231 230 231 231 229 230 228 226 226 225 225 224 223 222 223 222 221 222 222 220 221 221 219 217 216 215 216 217 218 218 217 218 216 215 212 212 210 208 207 201 200 198 199 195 188 186 185 186 185 184 182 181 181 177 176 178 183 188
233 232 233 232 231 231 232 232 233 232 232 232 233 234 234 234 235 235 235 234 234 234 234 234 233 234 234 234 233 233 231 230 232 231 231 232 231 229 228 230 230 228 228 226 226 227 226 226 225 224 224 222 222 222 222 221 222 221 220 218 215 215 216 217 218 218 218 218 216 212 212 210 209 206 199 200 197 195 192 193 188 186 184 185 183 182 181 179 178 174 174 179 181 186
232 231 232 233 232 231 232 232 233 233 232 233 234 234 234 234 235 235 235 234 234 234 234 234 233 233 233 232 233 232 231 230 230 228 230 231 232 230 227 227 229 227 226 226 226 226 227 227 227 227 225 224 222 222 223 222 222 222 220 217 215 216 217 217 216 217 219 218 214 206 212 209 204 199 197 198 195 192 187 187 186 186 181 181 181 179 178 177 175 169 173 178 181 190
232 231 231 232 232 232 233 233 231 231 232 233 234 234 234 235 235 235 235 235 235 235 235 234 233 232 233 232 231 232 232 230 229 226 227 230 231 231 227 225 227 227 227 225 226 224 227 228 228 227 226 225 223 223 223 221 221 221 219 217 214 215 218 218 216 218 218 217 214 210 213 205 201 197 196 195 192 189 187 187 187 185 181 179 178 178 177 173 171 167 167 172 180 189
233 231 231 232 233 232 233 233 233 225 232 233 234 234 235 235 235 235 235 235 235 235 234 233 232 231 232 231 230 231 232 229 227 228 225 227 228 229 230 229 226 225 227 225 224 226 227 229 229 228 226 226 223 223 223 222 220 219 217 215 212 210 216 219 218 218 219 217 214 215 211 198 198 196 194 193 191 190 187 186 183 183 179 178 179 177 176 171 167 165 163 169 182 202
234 232 232 232 232 233 233 233 233 232 233 233 233 234 235 235 234 234 235 235 234 234 233 233 232 231 230 230 229 229 229 230 228 228 227 224 227 229 227 223 225 225 226 226 225 228 230 230 230 226 225 223 223 223 223 221 220 217 217 216 212 210 213 217 218 218 219 218 218 213 203 199 201 196 190 192 191 191 188 186 182 180 179 180 176 176 173 168 163 163 163 168 194 216
236 235 234 233 231 232 231 232 233 233 229 229 232 232 234 234 234 234 235 234 234 233 234 234 233 231 232 229 228 228 228 229 229 227 226 225 224 228 225 223 225 226 226 227 227 229 231 231 228 227 225 223 223 224 222 222 222 219 220 219 214 212 213 217 216 216 215 217 210 202 205 206 206 197 187 192 192 192 187 183 180 180 182 180 177 175 171 168 163 161 163 180 212 225
239 236 236 234 232 230 231 231 232 234 231 226 228 231 232 234 234 234 235 236 235 235 234 233 233 232 232 231 231 230 230 229 229 226 226 226 226 227 225 222 226 226 228 229 229 228 230 231 228 224 222 222 223 224 221 223 223 223 222 223 215 213 211 214 214 214 214 217 214 208 210 208 207 203 195 193 195 192 187 182 180 182 180 179 178 175 171 167 164 166 176 218 228 234
241 238 238 234 232 231 230 230 234 236 236 236 234 231 231 233 234 235 236 236 236 236 235 235 235 233 232 230 230 232 231 230 227 226 226 227 227 227 226 224 226 226 229 230 231 228 231 230 227 223 221 222 223 225 223 224 225 218 223 222 216 215 212 208 209 212 211 214 216 204 212 211 206 198 198 197 198 188 185 181 182 182 179 177 174 171 168 163 163 174 205 227 242 245
241 241 240 235 235 233 232 234 233 235 237 238 239 238 236 233 236 236 236 236 237 236 236 236 235 234 232 231 231 232 231 230 228 227 227 229 229 227 226 229 227 227 229 231 231 230 232 229 225 223 221 222 224 226 224 226 225 225 223 221 219 215 213 211 211 212 215 215 215 200 213 211 202 201 202 200 196 189 190 190 185 182 180 176 174 172 167 164 164 191 229 244 244 245
242 241 240 239 236 234 235 237 236 237 236 237 239 239 239 235 235 237 237 236 238 237 236 236 235 235 234 233 233 234 231 228 228 228 228 229 229 227 228 228 229 231 230 233 233 233 231 227 225 222 221 223 226 228 228 227 224 223 220 222 218 218 215 214 213 213 215 217 217 213 216 211 207 203 199 201 193 189 193 192 185 181 176 176 173 171 166 165 187 225 245 245 245 246
242 242 241 237 238 242 241 241 238 240 237 236 236 238 241 240 236 235 239 240 238 236 236 236 234 235 235 234 234 234 230 229 230 229 229 229 230 229 230 229 230 231 233 233 233 232 230 224 225 227 227 227 228 228 228 227 224 223 223 222 220 221 218 215 213 214 214 216 219 217 215 212 210 202 201 200 193 195 197 189 183 178 176 174 173 170 168 183 215 244 246 245 245 246
241 242 242 242 242 243 243 243 241 242 240 240 237 238 241 240 240 238 238 240 239 238 237 235 234 235 235 235 235 234 234 233 232 230 228 231 231 231 231 232 233 234 234 234 233 231 228 227 228 229 227 228 229 229 228 226 224 224 222 220 222 221 218 216 214 214 215 217 221 219 216 212 207 203 198 201 198 196 197 194 189 176 174 171 172 165 196 234 243 246 246 245 246 247
241 241 242 242 243 242 243 243 242 242 242 242 240 240 241 241 242 241 241 238 239 238 236 235 235 236 235 235 236 235 235 234 233 230 230 230 234 232 231 234 234 235 234 233 233 231 230 228 228 229 229 229 229 228 227 227 225 222 221 223 223 221 215 215 215 213 215 218 222 220 213 202 202 198 195 201 197 191 196 187 182 178 174 171 170 184 224 245 245 246 246 246 246 247
242 241 241 243 243 243 242 241 241 240 240 241 241 240 240 240 241 242 241 240 238 236 234 235 235 236 236 236 236 235 233 234 232 230 231 232 235 235 234 235 234 234 233 232 232 230 229 229 229 229 230 230 230 228 225 224 225 223 223 225 224 220 218 216 216 215 218 222 223 217 213 207 202 193 193 204 202 197 187 181 180 179 173 171 195 232 244 245 245 245 246 246 246 246
242 241 240 242 243 243 243 243 243 242 240 238 239 239 241 240 238 240 240 240 239 236 235 235 235 236 235 235 236 235 234 234 232 231 233 232 233 236 236 235 232 233 232 231 231 230 229 229 230 230 231 230 229 228 227 227 226 224 223 225 225 223 222 216 217 219 223 222 216 217 214 212 206 204 205 207 204 199 185 179 184 184 177 190 237 245 245 245 245 245 246 246 246 246
242 242 242 242 243 243 243 243 243 242 242 240 236 235 239 241 240 240 239 238 238 238 237 237 236 236 234 234 233 234 234 234 234 234 233 231 234 236 234 234 233 233 231 228 230 230 230 230 230 231 231 230 228 228 228 228 226 225 225 225 226 225 223 224 223 222 226 216 211 219 217 212 208 208 208 205 203 199 185 179 207 208 207 232 244 244 245 245 245 245 245 246 246 246
242 242 242 242 243 243 243 243 243 243 243 243 240 237 237 238 241 240 239 239 238 237 237 237 236 235 234 232 232 232 233 235 235 235 234 233 234 236 234 234 234 233 231 229 231 231 231 230 230 231 232 230 229 229 229 229 227 226 226 226 226 226 226 227 224 225 224 219 215 219 216 214 214 211 208 204 198 193 195 189 227 236 240 244 244 245 245 245 245 245 246 246 246 246
