data/bclim12.asc
NCOLS 210 
NROWS 174 
XLLCORNER 27.125 
YLLCORNER -2.20833333333333 
CELLSIZE 0.0416666666666667 
NODATA_value -32768 
[rows 38 to 75 of 174, columns 85 to 169 of 210]
1448 1437 1422 1407 1421 1434 1435 1404 1313 1271 1239 1218 1199 1192 1187 1182 1174 1165 1154 1146 1145 1146 1133 1124 1125 1139 1165 1154 1160 1141 1141 1150 1144 1165 1175 1181 1196 1179 1189 1209 1234 1251 1248 1249 1253 1262 1252 1246 1240 1223 1201 1178 1151 1120 1103 1080 1051 1035 1022 1013 994 982 974 965 953 949 937 928 926 971 1019 945 901 921 901 826 842 835 805 770 758 762 741 729 733
1451 1439 1427 1412 1432 1444 1450 1403 1323 1273 1250 1229 1207 1195 1189 1187 1177 1170 1162 1154 1154 1154 1151 1140 1160 1180 1201 1193 1184 1163 1166 1171 1168 1197 1204 1188 1213 1219 1195 1211 1225 1256 1268 1273 1278 1271 1276 1260 1248 1232 1210 1193 1175 1147 1118 1095 1073 1061 1049 1029 1011 1002 994 981 965 958 950 943 942 1060 1181 974 924 879 890 836 828 820 796 769 759 759 736 731 738
1457 1448 1437 1427 1440 1457 1432 1381 1359 1281 1250 1235 1217 1206 1195 1183 1174 1172 1171 1170 1171 1172 1160 1165 1191 1203 1217 1213 1206 1188 1183 1194 1192 1205 1221 1207 1217 1258 1221 1210 1227 1246 1268 1286 1299 1293 1282 1267 1260 1244 1227 1213 1196 1175 1144 1117 1103 1087 1069 1046 1037 1028 1018 999 984 982 973 960 970 1037 1008 973 917 887 864 840 820 805 786 767 756 753 734 721 725
1464 1464 1455 1454 1458 1464 1428 1370 1333 1280 1251 1240 1230 1208 1195 1178 1174 1176 1184 1185 1186 1180 1176 1186 1204 1212 1224 1226 1219 1206 1214 1228 1211 1215 1238 1229 1228 1258 1291 1222 1218 1238 1275 1284 1284 1289 1289 1274 1272 1261 1242 1234 1220 1198 1172 1151 1126 1107 1086 1066 1056 1040 1025 1010 1002 996 995 980 983 981 960 938 919 895 872 849 825 803 784 771 764 751 733 728 724
1475 1479 1463 1473 1479 1472 1444 1388 1333 1284 1256 1237 1225 1207 1190 1178 1174 1179 1187 1195 1200 1199 1195 1202 1220 1228 1236 1234 1232 1238 1238 1243 1233 1229 1253 1255 1247 1261 1306 1284 1250 1235 1264 1266 1272 1286 1287 1287 1276 1268 1259 1245 1240 1228 1202 1178 1154 1125 1110 1089 1076 1056 1040 1033 1026 1020 1017 1005 991 984 964 947 929 905 886 858 833 813 804 788 766 746 730 716 721
1476 1479 1474 1482 1488 1478 1435 1389 1358 1297 1259 1234 1208 1191 1174 1165 1168 1179 1187 1201 1213 1209 1207 1221 1233 1246 1253 1254 1269 1262 1254 1261 1254 1248 1254 1278 1265 1279 1316 1347 1302 1263 1250 1243 1256 1276 1295 1296 1278 1270 1262 1263 1258 1243 1221 1201 1178 1150 1126 1105 1091 1074 1065 1054 1051 1049 1045 1034 1012 998 987 965 941 920 894 866 839 814 805 788 765 745 723 711 712
1487 1480 1478 1482 1480 1468 1411 1357 1309 1289 1265 1214 1187 1168 1161 1160 1166 1173 1186 1198 1212 1214 1225 1243 1257 1263 1273 1279 1307 1288 1287 1276 1276 1274 1267 1291 1299 1304 1337 1370 1363 1329 1310 1262 1262 1275 1279 1281 1270 1265 1272 1275 1270 1257 1237 1219 1195 1174 1147 1125 1109 1097 1148 1107 1077 1099 1070 1057 1038 1019 1006 984 962 936 906 879 853 823 807 786 763 740 722 705 707
1480 1478 1474 1473 1461 1445 1402 1381 1341 1264 1229 1201 1185 1172 1158 1158 1158 1163 1174 1186 1196 1218 1244 1258 1274 1282 1293 1303 1332 1322 1313 1300 1312 1307 1303 1320 1333 1324 1347 1377 1392 1377 1344 1311 1267 1269 1269 1270 1278 1284 1286 1284 1277 1263 1245 1229 1215 1202 1166 1142 1131 1120 1109 1116 1120 1101 1090 1077 1061 1044 1027 1008 984 958 921 892 865 836 810 785 763 735 717 700 694
1473 1475 1468 1459 1445 1425 1407 1393 1338 1270 1233 1204 1173 1158 1153 1150 1152 1160 1171 1171 1200 1235 1254 1265 1277 1287 1304 1321 1340 1352 1325 1333 1348 1338 1341 1355 1360 1351 1355 1387 1403 1399 1379 1349 1339 1330 1331 1309 1302 1289 1289 1296 1292 1278 1258 1241 1230 1215 1179 1156 1143 1133 1128 1128 1144 1114 1106 1093 1084 1068 1052 1031 1001 975 941 907 873 844 814 788 756 729 709 696 685
1460 1469 1464 1447 1426 1408 1396 1363 1317 1253 1224 1195 1158 1146 1138 1137 1144 1145 1152 1156 1220 1250 1264 1274 1283 1292 1307 1321 1338 1343 1332 1381 1366 1360 1368 1377 1385 1376 1381 1409 1427 1416 1401 1375 1355 1372 1376 1353 1321 1310 1297 1299 1298 1290 1270 1253 1239 1226 1191 1172 1162 1147 1139 1132 1163 1115 1110 1108 1100 1090 1077 1053 1021 987 954 925 887 856 827 793 756 728 708 691 679
1454 1456 1457 1444 1425 1404 1381 1355 1279 1231 1193 1174 1155 1143 1132 1122 1122 1130 1127 1146 1218 1246 1257 1270 1285 1299 1315 1331 1347 1334 1342 1401 1389 1380 1383 1406 1400 1390 1408 1435 1444 1427 1409 1396 1378 1363 1382 1361 1341 1333 1306 1307 1300 1292 1284 1266 1249 1235 1204 1182 1170 1162 1146 1132 1125 1123 1120 1119 1113 1107 1093 1068 1035 998 967 936 902 869 831 798 760 729 704 687 677
1453 1453 1448 1445 1432 1416 1378 1329 1266 1222 1202 1171 1142 1123 1115 1109 1112 1102 1109 1168 1224 1241 1252 1271 1287 1297 1312 1334 1344 1348 1366 1392 1401 1396 1395 1410 1405 1407 1418 1445 1451 1439 1426 1417 1402 1366 1372 1378 1359 1344 1320 1305 1302 1296 1287 1279 1260 1239 1214 1195 1178 1173 1155 1139 1129 1123 1124 1126 1121 1116 1098 1073 1042 1008 977 952 922 878 838 804 770 738 711 694 687
1446 1449 1455 1447 1440 1413 1358 1336 1276 1221 1185 1158 1125 1102 1096 1089 1089 1088 1115 1185 1209 1229 1241 1264 1271 1289 1315 1329 1336 1352 1371 1388 1403 1415 1412 1418 1420 1420 1435 1442 1459 1457 1447 1434 1414 1386 1363 1383 1375 1352 1333 1319 1304 1298 1289 1281 1270 1249 1224 1207 1189 1175 1158 1144 1132 1129 1128 1123 1119 1139 1097 1067 1043 1017 986 958 928 888 846 813 778 749 724 708 699
1442 1441 1440 1443 1441 1418 1342 1271 1228 1210 1178 1127 1100 1091 1078 1075 1071 1080 1150 1172 1195 1210 1231 1249 1259 1288 1307 1318 1334 1352 1373 1385 1397 1415 1424 1430 1434 1434 1454 1460 1470 1475 1461 1442 1418 1399 1370 1367 1374 1366 1342 1330 1314 1307 1295 1280 1268 1250 1233 1214 1193 1178 1169 1151 1131 1127 1126 1115 1113 1136 1093 1059 1040 1022 1004 967 937 897 856 825 794 766 742 732 726
1430 1439 1443 1447 1442 1431 1340 1260 1222 1219 1172 1113 1099 1085 1068 1064 1058 1081 1132 1146 1176 1190 1209 1226 1256 1273 1293 1315 1329 1349 1369 1379 1391 1409 1427 1441 1445 1451 1462 1477 1489 1488 1465 1446 1428 1408 1388 1367 1367 1364 1350 1335 1318 1300 1291 1276 1260 1249 1231 1214 1194 1180 1167 1147 1133 1127 1117 1109 1106 1117 1097 1053 1033 1020 1011 978 941 904 866 836 807 781 761 751 808
1428 1434 1454 1444 1446 1431 1327 1252 1242 1179 1141 1107 1080 1063 1052 1060 1046 1066 1095 1114 1142 1170 1180 1211 1236 1264 1289 1309 1336 1346 1360 1367 1382 1399 1421 1447 1460 1458 1470 1494 1501 1497 1470 1451 1428 1421 1403 1377 1359 1350 1336 1325 1313 1302 1287 1280 1271 1251 1236 1221 1205 1183 1166 1149 1143 1122 1105 1105 1099 1094 1070 1055 1049 1029 1022 994 949 912 878 849 820 796 773 759 770
1408 1421 1453 1460 1471 1414 1313 1255 1233 1175 1127 1098 1067 1054 1052 1044 1038 1039 1052 1087 1109 1122 1177 1212 1243 1268 1287 1310 1322 1322 1345 1355 1371 1392 1416 1438 1453 1465 1487 1505 1508 1499 1471 1448 1435 1424 1402 1385 1358 1347 1333 1318 1309 1299 1290 1283 1278 1256 1243 1231 1214 1196 1174 1149 1132 1113 1107 1108 1116 1082 1068 1063 1076 1055 1033 1002 960 924 889 860 834 809 787 766 753
1412 1441 1447 1478 1454 1383 1310 1267 1176 1153 1130 1093 1066 1045 1040 1040 1030 1031 1037 1069 1064 1109 1175 1204 1231 1248 1268 1284 1303 1310 1321 1344 1369 1385 1404 1418 1437 1458 1475 1491 1491 1490 1470 1453 1440 1420 1404 1381 1369 1342 1328 1320 1310 1300 1287 1279 1272 1263 1243 1234 1222 1200 1181 1160 1134 1108 1096 1096 1098 1078 1073 1083 1108 1071 1030 1018 975 936 902 873 845 823 799 775 756
1432 1474 1469 1482 1436 1371 1299 1216 1156 1118 1109 1072 1051 1031 1019 1013 1012 1015 1016 1030 1060 1106 1158 1188 1201 1231 1251 1268 1283 1293 1316 1338 1362 1368 1387 1405 1428 1444 1455 1468 1472 1479 1473 1456 1436 1421 1405 1385 1363 1337 1318 1304 1293 1289 1287 1281 1270 1262 1248 1236 1226 1209 1186 1170 1141 1114 1095 1095 1085 1156 1154 1118 1153 1050 1044 1038 997 952 913 884 856 834 809 786 769
1444 1472 1485 1487 1443 1390 1318 1199 1145 1104 1078 1064 1048 1030 1027 1019 1002 1001 999 1020 1055 1094 1137 1159 1183 1206 1230 1250 1271 1291 1312 1328 1353 1356 1379 1401 1416 1430 1438 1447 1452 1460 1455 1452 1437 1419 1400 1374 1351 1336 1317 1297 1282 1282 1275 1267 1263 1258 1251 1236 1224 1210 1197 1181 1154 1130 1108 1105 1093 1116 1131 1107 1105 1050 1045 1083 1078 966 935 896 869 845 821 797 779
1474 1479 1491 1488 1449 1385 1330 1204 1127 1096 1078 1068 1047 1042 1050 1011 987 976 985 1008 1031 1079 1120 1155 1182 1219 1240 1248 1266 1279 1299 1321 1327 1344 1366 1389 1410 1417 1428 1429 1428 1433 1438 1443 1425 1407 1389 1364 1352 1334 1318 1301 1280 1270 1263 1259 1259 1252 1247 1234 1221 1210 1195 1184 1168 1143 1124 1112 1101 1093 1093 1087 1084 1072 1069 1096 1070 991 953 912 882 858 833 813 791
1465 1482 1490 1482 1452 1419 1374 1213 1122 1094 1091 1067 1057 1064 1048 1009 977 969 974 996 1054 1095 1127 1157 1189 1217 1235 1254 1271 1286 1299 1309 1313 1335 1349 1371 1397 1403 1408 1411 1411 1409 1413 1413 1402 1390 1382 1363 1348 1335 1316 1295 1280 1272 1258 1253 1251 1250 1245 1233 1227 1219 1208 1196 1182 1160 1145 1127 1119 1139 1098 1084 1070 1055 1038 1043 1064 1047 969 931 896 869 848 827 803
1457 1469 1479 1488 1495 1499 1396 1224 1138 1126 1086 1069 1069 1074 1033 997 964 976 994 988 1031 1069 1113 1143 1176 1198 1213 1241 1259 1275 1291 1294 1298 1317 1328 1343 1369 1386 1386 1390 1393 1390 1384 1391 1380 1373 1368 1361 1349 1336 1314 1294 1277 1272 1263 1254 1248 1249 1244 1243 1237 1229 1217 1203 1191 1182 1165 1146 1132 1144 1145 1109 1084 1059 1041 1022 1015 1063 996 944 909 884 860 840 820
1446 1452 1459 1470 1478 1471 1420 1272 1186 1119 1085 1078 1078 1068 1024 992 985 983 992 991 1010 1063 1097 1134 1160 1183 1207 1233 1239 1251 1279 1283 1294 1302 1311 1330 1345 1367 1372 1371 1367 1367 1362 1371 1360 1358 1356 1347 1343 1338 1315 1298 1279 1271 1269 1258 1253 1252 1245 1242 1240 1233 1223 1214 1207 1194 1181 1168 1155 1142 1145 1114 1095 1069 1052 1033 1018 1006 980 953 925 898 877 856 835
1435 1441 1444 1446 1443 1436 1404 1307 1203 1140 1092 1102 1093 1055 1025 1008 990 988 983 991 1020 1056 1088 1117 1155 1191 1219 1223 1223 1248 1271 1272 1275 1287 1308 1318 1333 1354 1355 1355 1352 1349 1340 1344 1340 1340 1340 1338 1340 1332 1325 1313 1285 1268 1269 1269 1263 1261 1264 1256 1248 1245 1242 1229 1220 1204 1189 1176 1163 1153 1134 1121 1102 1084 1064 1047 1033 1012 986 964 939 914 893 872 848
1424 1430 1429 1423 1426 1419 1399 1330 1226 1149 1132 1133 1075 1044 1028 1019 987 976 990 1005 1040 1062 1092 1123 1161 1192 1210 1206 1211 1237 1256 1260 1270 1283 1292 1301 1317 1332 1335 1334 1333 1326 1320 1323 1325 1325 1330 1337 1332 1327 1324 1318 1301 1281 1289 1294 1289 1278 1278 1269 1260 1251 1248 1244 1233 1214 1197 1187 1174 1162 1146 1135 1114 1097 1080 1064 1046 1023 1001 977 955 934 911 887 865
1421 1426 1415 1406 1408 1413 1429 1351 1279 1213 1228 1158 1057 1041 1037 1020 975 978 994 1019 1059 1092 1114 1137 1158 1186 1192 1195 1208 1227 1243 1264 1271 1280 1289 1296 1306 1318 1322 1316 1310 1306 1300 1303 1311 1317 1321 1326 1324 1326 1325 1323 1320 1319 1326 1324 1315 1300 1295 1286 1282 1269 1258 1252 1236 1226 1209 1194 1184 1171 1160 1143 1129 1118 1101 1080 1062 1041 1018 997 974 948 926 901 880
1408 1420 1405 1405 1405 1423 1437 1372 1333 1269 1262 1124 1059 1050 1036 998 964 979 1009 1049 1081 1100 1123 1139 1172 1179 1182 1209 1235 1242 1251 1252 1263 1275 1281 1289 1294 1306 1305 1301 1293 1288 1284 1284 1293 1298 1308 1315 1319 1324 1332 1334 1336 1343 1350 1341 1331 1318 1314 1309 1307 1293 1274 1259 1247 1234 1230 1220 1204 1187 1171 1164 1149 1134 1118 1099 1079 1057 1034 1014 990 966 944 923 899
1395 1402 1414 1417 1438 1446 1431 1381 1323 1267 1211 1113 1063 1048 1030 972 967 992 1018 1051 1079 1109 1123 1131 1164 1178 1192 1213 1230 1244 1257 1259 1256 1261 1266 1271 1277 1289 1290 1288 1280 1275 1271 1267 1271 1283 1295 1309 1323 1337 1346 1356 1357 1363 1358 1350 1346 1335 1332 1328 1329 1314 1293 1285 1266 1251 1237 1234 1226 1210 1192 1180 1169 1153 1140 1115 1097 1075 1054 1034 1009 984 963 940 917
1395 1395 1415 1419 1449 1450 1413 1395 1340 1244 1199 1100 1061 1048 1001 952 964 988 1015 1047 1093 1130 1149 1160 1181 1197 1204 1217 1230 1239 1248 1259 1260 1258 1260 1262 1266 1273 1279 1278 1268 1267 1265 1259 1254 1276 1297 1318 1331 1338 1349 1362 1370 1374 1362 1356 1342 1336 1335 1336 1338 1329 1306 1293 1280 1264 1251 1240 1229 1228 1213 1196 1183 1173 1160 1137 1114 1094 1071 1051 1027 1003 981 960 941
1395 1404 1418 1431 1475 1450 1416 1386 1301 1212 1155 1065 1051 1026 952 939 960 987 1020 1060 1100 1134 1158 1176 1187 1198 1206 1219 1238 1246 1251 1260 1260 1259 1260 1263 1262 1269 1275 1269 1265 1269 1263 1261 1266 1284 1310 1334 1344 1347 1353 1359 1368 1368 1360 1355 1335 1330 1326 1329 1330 1331 1318 1305 1291 1277 1267 1259 1247 1237 1232 1217 1203 1194 1176 1152 1131 1111 1090 1068 1044 1022 1000 980 961
1393 1405 1436 1454 1487 1485 1452 1388 1309 1235 1213 1079 1040 968 919 925 950 980 1014 1054 1091 1127 1149 1169 1186 1196 1203 1221 1237 1252 1265 1265 1259 1263 1264 1266 1264 1267 1269 1263 1265 1271 1267 1273 1279 1298 1326 1349 1357 1360 1351 1348 1353 1352 1345 1338 1327 1323 1323 1322 1323 1324 1323 1319 1305 1288 1284 1276 1269 1254 1245 1237 1221 1209 1189 1173 1150 1130 1109 1085 1060 1039 1017 999 991
1398 1407 1447 1476 1496 1508 1463 1364 1200 1228 1134 1127 952 907 908 918 941 969 1001 1039 1077 1107 1137 1172 1176 1181 1195 1227 1239 1250 1265 1273 1274 1278 1275 1270 1265 1263 1262 1260 1261 1266 1271 1278 1292 1316 1337 1359 1367 1359 1340 1338 1338 1335 1329 1324 1323 1316 1319 1313 1313 1322 1313 1302 1312 1306 1297 1294 1286 1274 1265 1255 1246 1227 1206 1188 1170 1149 1125 1103 1080 1058 1034 1015 1038
1407 1425 1467 1502 1504 1501 1465 1279 1103 1032 1105 1052 897 897 905 913 929 956 988 1023 1053 1084 1119 1138 1158 1178 1210 1229 1238 1242 1250 1267 1272 1271 1265 1262 1266 1265 1264 1262 1260 1267 1275 1285 1308 1324 1353 1371 1365 1345 1326 1320 1318 1320 1315 1315 1312 1310 1311 1308 1312 1312 1309 1298 1296 1303 1308 1307 1299 1297 1284 1268 1258 1239 1220 1201 1185 1167 1141 1116 1092 1071 1051 1034 1020
1410 1447 1468 1499 1512 1499 1383 1134 1032 1001 915 879 880 886 897 904 919 940 972 1005 1034 1063 1096 1128 1184 1215 1222 1231 1244 1247 1260 1263 1258 1264 1262 1265 1263 1262 1258 1260 1262 1274 1280 1289 1307 1321 1338 1349 1344 1326 1309 1302 1307 1308 1308 1312 1312 1312 1312 1312 1314 1309 1310 1300 1296 1296 1302 1303 1309 1308 1298 1282 1264 1244 1225 1208 1193 1183 1153 1122 1102 1083 1065 1051 1036
1414 1442 1473 1490 1471 1405 1101 1012 960 882 872 870 871 874 883 889 903 926 954 986 1017 1053 1089 1160 1214 1241 1231 1240 1237 1248 1258 1251 1250 1255 1249 1252 1255 1257 1254 1255 1260 1272 1278 1290 1303 1314 1324 1328 1325 1316 1310 1303 1309 1307 1313 1317 1317 1315 1310 1311 1310 1314 1312 1308 1297 1294 1297 1302 1313 1310 1299 1286 1269 1247 1227 1209 1196 1183 1153 1125 1107 1092 1079 1068 1052
1442 1459 1496 1492 1422 1199 1032 907 881 873 866 862 860 859 861 871 891 911 943 976 1014 1061 1148 1204 1235 1250 1244 1260 1251 1256 1252 1239 1238 1238 1235 1240 1247 1258 1254 1255 1258 1267 1280 1293 1303 1313 1322 1322 1320 1319 1315 1310 1315 1322 1331 1333 1325 1318 1312 1308 1311 1312 1313 1311 1305 1298 1298 1300 1309 1312 1301 1286 1273 1252 1228 1206 1185 1166 1137 1116 1104 1096 1093 1083 1067
1435 1467 1488 1482 1306 1017 894 884 876 868 860 856 849 847 848 859 877 900 938 976 1032 1140 1219 1240 1267 1269 1252 1251 1260 1259 1241 1222 1223 1221 1215 1224 1236 1239 1247 1253 1256 1270 1280 1288 1298 1309 1314 1313 1316 1317 1314 1320 1327 1339 1353 1349 1337 1326 1315 1312 1308 1312 1315 1315 1306 1299 1298 1305 1311 1318 1315 1296 1276 1256 1228 1201 1177 1151 1123 1107 1106 1098 1096 1091 1080
