data/bioclim/bclim13.asc
NCOLS 210 
NROWS 174 
XLLCORNER 27.125 
YLLCORNER -2.20833333333333 
CELLSIZE 0.0416666666666667 
NODATA_value -32768 
[rows 0 to 41 of 174, columns 0 to 93 of 210]
212.000000000000000 213 214 214 215 216 217 217 216 216 215 215 215 216 215 215 215 215 214 213 213 213 212 211 211 210 209 210 209 208 208 207 207 207 207 206 206 205 205 205 205 205 204 204 204 203 201 201 201 201 201 200 199 199 198 198 198 200 201 200 198 200 200 200 198 197 196 197 198 199 197 196 194 191 190 189 188 187 186 182 181 181 180 179 177 175 173 172 170 168 167 166 165 165
212 213 214 215 215 216 217 217 217 216 216 215 215 216 215 215 215 215 215 214 213 213 212 212 211 210 210 210 210 209 209 208 208 208 207 206 206 206 206 205 205 205 206 205 205 204 202 201 201 201 201 200 201 200 200 199 200 201 202 201 201 200 202 202 200 199 198 198 200 202 202 198 195 194 193 192 191 189 186 183 182 182 182 180 179 177 176 173 170 169 167 166 166 165
213 213 214 215 215 216 216 216 216 217 216 216 216 216 217 216 215 215 215 215 214 214 213 212 211 210 210 210 210 209 210 209 208 208 208 207 207 207 207 206 205 205 206 206 206 205 203 202 202 201 201 201 201 201 201 201 202 203 204 204 203 202 203 204 203 202 200 200 209 204 203 199 197 196 194 194 193 190 187 185 183 182 181 181 180 180 177 174 172 170 168 167 166 166
212 213 214 214 215 215 216 215 216 217 216 217 217 217 216 216 216 216 217 216 215 213 213 212 211 211 210 210 211 209 210 209 209 208 209 208 207 208 208 207 206 206 206 206 207 205 204 203 203 203 203 203 202 202 202 202 202 205 207 206 205 204 204 205 205 204 203 201 203 203 203 202 200 198 197 196 194 191 188 186 184 184 182 181 182 181 180 175 172 170 169 167 167 166
211 212 213 214 215 215 215 215 216 216 216 217 217 217 217 217 216 216 216 216 214 214 213 212 211 211 211 210 211 210 210 210 209 208 209 209 208 208 208 208 208 207 206 206 207 207 206 204 204 204 204 204 205 205 205 205 205 206 208 208 207 207 206 206 207 207 205 204 203 204 206 205 203 200 199 196 194 191 189 188 185 183 184 183 182 182 181 177 174 172 170 168 168 167
212 213 214 214 214 215 215 215 215 216 216 217 218 218 217 217 217 216 215 215 214 214 213 212 212 212 211 210 211 211 211 210 209 208 209 209 209 208 209 209 209 207 207 207 208 208 207 205 205 205 205 206 207 208 209 208 208 208 211 210 210 209 209 208 210 210 208 207 206 206 208 207 206 203 200 198 196 193 192 189 186 184 183 183 183 182 182 179 176 173 171 169 168 168
212 212 213 213 213 214 214 215 216 216 217 217 217 217 218 218 216 216 215 214 214 213 213 213 212 213 212 211 211 211 211 211 210 209 209 209 209 209 209 210 210 208 208 208 209 209 207 207 206 207 208 209 210 211 212 211 211 211 213 213 213 212 213 212 212 212 211 210 207 208 210 209 208 205 202 200 198 195 192 189 187 186 184 183 183 182 181 181 178 176 172 170 169 170
211 212 213 213 213 214 215 215 216 217 217 217 217 217 218 218 217 216 215 215 214 214 214 214 213 213 212 211 211 211 212 211 210 210 209 210 209 210 210 210 210 209 210 210 210 210 209 209 208 209 210 211 211 212 213 214 216 216 217 217 218 217 216 215 215 216 215 214 212 212 211 210 207 205 203 202 199 196 194 191 188 186 186 184 183 183 182 181 180 179 174 171 170 174
211 211 212 212 213 214 215 215 216 217 217 217 217 218 218 219 218 217 216 215 215 214 215 214 214 214 213 211 211 211 212 211 211 210 210 210 210 210 210 211 211 210 210 210 211 211 211 210 209 210 211 211 212 213 215 217 221 222 222 221 223 221 220 221 219 219 219 217 216 215 213 211 209 206 203 202 200 198 195 192 189 188 187 185 184 183 182 182 182 180 178 173 171 175
212 211 212 212 213 214 215 216 216 217 217 217 218 218 218 219 218 217 216 216 216 215 215 215 215 213 212 211 212 211 211 212 211 211 210 211 211 211 210 211 212 211 211 211 212 212 212 211 211 212 213 213 214 215 216 219 223 225 225 226 228 226 224 225 224 223 223 220 219 217 215 212 210 208 205 202 199 197 195 193 191 190 189 186 185 185 184 183 182 181 180 175 173 174
213 212 212 213 213 214 215 216 217 217 217 217 218 218 218 219 219 218 217 218 217 216 216 216 214 213 212 212 212 212 211 212 212 212 211 211 212 211 211 212 213 213 212 212 213 214 213 213 213 214 214 216 216 217 219 220 224 225 227 229 231 231 230 230 230 228 227 224 222 219 216 213 211 209 207 204 201 198 196 194 192 191 191 188 186 184 184 182 182 181 181 178 176 175
215 215 214 213 214 214 215 216 217 217 217 217 218 218 218 219 219 218 218 219 219 218 218 216 214 214 213 212 212 212 212 212 213 213 212 212 212 213 214 214 215 214 213 213 214 215 215 214 214 215 216 216 218 219 221 224 225 227 229 230 231 232 234 235 234 232 229 226 223 221 218 216 213 209 207 204 201 200 198 196 193 192 191 190 189 186 184 183 183 181 181 181 180 177
218 217 217 216 215 215 216 216 217 217 217 217 218 219 219 219 219 219 218 219 219 219 217 216 215 215 214 214 213 212 212 212 213 214 213 213 213 214 216 216 217 215 215 215 216 216 216 215 215 216 217 218 219 220 222 226 226 228 230 231 232 233 236 236 235 234 231 228 225 222 219 216 213 210 207 205 203 202 199 196 193 192 191 190 190 188 186 185 184 182 181 181 181 178
221 220 220 219 218 217 216 216 217 217 217 218 219 219 219 219 219 219 219 219 219 219 217 217 217 216 215 214 213 213 213 213 213 214 214 214 214 215 216 217 218 218 218 218 218 218 218 217 217 217 218 219 221 222 225 227 227 229 230 232 234 236 238 237 237 235 232 229 227 224 220 217 214 211 209 207 204 203 200 197 194 193 191 190 189 189 187 186 185 184 182 180 180 180
223 222 222 221 220 220 219 217 217 217 218 218 219 220 220 220 220 220 219 219 219 219 219 219 218 217 215 214 214 214 215 215 215 215 215 216 215 216 216 217 218 218 217 218 218 219 220 220 219 219 220 221 222 225 226 227 229 231 233 234 236 237 239 240 240 237 234 230 227 224 221 218 216 212 211 208 206 204 201 199 196 193 191 189 188 188 186 186 184 184 183 182 181 181
225 224 224 223 222 222 221 220 218 217 218 219 220 220 220 220 220 220 220 219 219 219 219 219 219 217 216 216 216 215 215 216 216 217 217 217 216 216 216 217 217 217 217 217 218 219 221 220 221 221 222 224 224 225 227 228 229 231 233 234 237 239 241 243 242 238 235 233 230 226 222 220 216 214 212 208 206 205 203 200 197 194 191 190 188 187 186 186 184 184 184 183 182 182
227 226 226 226 225 223 223 222 220 219 219 219 220 220 220 221 221 221 220 220 220 220 220 219 219 218 218 218 218 217 217 217 218 218 218 217 217 217 216 216 217 217 218 218 218 219 220 220 222 223 224 225 225 226 227 230 231 233 234 236 239 241 241 243 243 241 238 235 232 227 224 220 218 216 212 209 208 206 204 200 198 195 192 191 189 187 186 185 184 184 184 185 184 183
229 229 228 228 227 226 224 224 222 222 222 221 220 220 221 221 221 221 221 220 220 220 219 219 219 219 219 218 218 218 218 218 218 218 217 217 217 217 216 217 217 217 218 218 218 218 219 221 222 223 224 224 226 227 229 230 233 235 236 237 239 241 240 241 241 240 238 237 233 228 225 221 220 216 213 210 208 207 204 200 197 195 193 190 189 188 187 186 185 185 187 188 188 185
232 231 230 230 229 228 227 225 225 225 224 223 222 221 222 222 221 221 221 220 220 220 220 220 220 219 219 219 219 219 219 219 219 217 217 217 217 217 216 217 217 217 217 218 219 219 220 221 222 223 225 225 226 227 228 230 232 234 235 235 238 240 239 240 240 239 239 237 233 229 226 222 220 217 214 211 209 208 205 201 198 195 193 191 190 188 186 186 186 188 186 186 186 185
234 234 233 232 231 230 229 228 228 227 226 225 224 223 223 222 222 222 222 221 221 221 221 221 220 220 220 220 219 219 219 218 218 218 217 217 217 216 216 216 217 218 218 219 219 220 220 221 222 224 225 225 225 228 229 230 231 233 233 235 237 238 238 238 237 237 237 236 234 230 227 223 221 217 214 211 210 209 205 201 199 196 194 191 189 188 187 187 186 186 186 186 186 186
236 236 235 234 233 232 231 230 230 229 228 227 227 226 225 223 222 222 222 222 223 222 222 221 221 221 220 220 219 219 218 219 219 218 217 217 217 216 217 217 218 219 219 220 220 221 221 222 223 224 224 225 226 227 228 230 232 232 233 234 236 236 236 236 237 236 236 235 234 231 227 224 222 219 215 212 211 209 205 202 199 197 195 192 190 189 188 188 188 187 187 187 187 187
238 237 237 236 235 234 233 233 232 231 230 230 229 228 227 226 224 223 222 222 223 223 223 222 222 221 220 220 219 219 219 219 218 218 217 217 216 217 218 217 218 218 219 221 221 221 222 222 223 223 223 224 225 227 229 230 231 231 232 234 235 235 234 236 236 236 236 235 232 230 228 225 223 220 216 213 211 209 206 204 200 197 195 192 191 190 189 188 189 189 189 189 189 188
240 239 239 238 237 236 235 235 234 233 233 232 231 230 229 228 227 225 224 224 224 223 223 223 222 221 220 220 220 220 219 219 218 217 217 217 216 217 217 217 218 218 219 220 220 220 221 222 222 223 223 224 225 228 228 229 229 230 232 234 234 233 236 235 235 235 235 233 230 229 228 226 225 220 217 214 212 211 208 204 202 198 196 194 192 190 191 191 191 191 191 192 192 190
241 240 240 240 239 238 238 237 236 236 235 235 233 233 232 230 228 227 226 225 224 224 223 223 222 221 221 220 220 220 219 218 218 217 217 216 216 216 216 217 218 218 219 220 219 220 220 221 223 223 223 223 225 227 227 228 228 229 231 232 232 232 234 235 235 234 233 231 229 229 227 225 224 221 217 216 213 211 208 206 203 199 198 195 194 192 192 193 194 194 194 194 194 192
243 242 241 242 240 240 240 239 238 238 238 236 235 235 234 232 231 230 228 227 226 224 224 223 222 221 221 221 220 220 219 218 218 217 216 216 217 217 217 217 217 218 218 219 219 220 220 221 222 222 222 223 225 225 226 226 227 228 229 230 231 232 233 233 234 233 231 229 229 227 226 224 224 222 219 218 216 212 210 207 204 201 199 198 197 194 195 195 195 194 195 196 195 193
245 244 243 243 242 242 242 241 240 240 239 238 237 236 236 234 233 233 231 230 229 227 225 223 222 222 221 221 220 219 219 218 217 216 216 216 217 217 217 217 217 218 218 218 218 219 219 220 221 222 221 223 224 224 225 226 227 228 228 229 231 232 232 233 232 231 229 228 227 226 225 224 223 224 220 221 217 215 212 209 206 203 202 201 197 197 197 198 198 199 202 197 196 193
246 246 245 244 244 244 244 243 243 242 241 240 239 238 238 237 236 235 234 232 231 229 227 224 223 222 221 220 219 219 218 217 216 216 216 216 216 217 217 217 217 217 217 217 218 219 219 219 220 221 221 222 222 224 225 226 227 228 229 230 231 231 230 230 230 229 228 227 227 226 225 224 224 223 222 221 219 217 213 210 209 206 205 202 199 199 201 200 200 203 204 199 196 194
247 247 246 246 246 246 245 244 244 243 243 243 242 241 241 240 239 238 236 235 233 231 229 226 224 223 221 220 219 218 217 217 217 216 216 216 216 216 217 217 216 216 216 216 218 218 218 218 219 220 220 221 223 224 225 226 227 228 228 228 228 228 228 228 228 227 228 228 227 226 224 223 223 223 222 221 220 219 217 215 211 213 212 204 202 203 204 203 202 204 206 201 198 194
249 249 249 248 247 247 246 246 245 246 245 245 245 244 243 243 242 240 239 238 235 233 231 229 226 224 222 220 219 218 217 217 217 216 216 216 216 216 216 215 215 215 215 216 216 216 217 218 219 220 220 222 222 224 225 226 226 226 226 226 226 227 227 227 226 227 226 226 225 225 224 224 224 222 221 220 219 217 219 218 217 222 219 207 212 210 208 208 206 210 207 202 198 195
251 251 252 250 249 249 248 248 248 248 247 247 247 247 246 245 244 243 242 240 237 235 233 231 227 225 222 220 218 218 217 217 217 216 216 215 215 215 214 215 214 214 215 215 215 216 218 218 219 220 221 222 222 222 224 225 225 225 224 226 226 226 227 227 227 226 226 226 225 225 225 224 223 221 220 219 217 217 217 217 220 224 223 213 224 218 214 213 209 211 207 202 199 198
252 253 253 253 251 250 250 250 250 249 249 249 249 248 247 247 247 246 244 242 239 237 235 232 229 226 224 222 220 217 217 216 215 215 214 214 214 213 213 214 214 214 215 215 216 215 216 217 219 219 220 220 220 221 223 223 223 223 224 225 226 225 226 225 225 225 225 225 224 224 223 222 221 222 221 219 219 218 219 220 223 226 228 223 227 224 216 217 214 210 207 203 200 198
254 254 254 255 254 253 252 251 251 251 250 250 249 249 249 248 248 247 246 243 241 238 236 233 230 228 225 223 221 218 216 215 214 214 213 213 213 212 212 213 213 213 214 215 216 216 216 217 217 218 218 219 219 221 221 221 222 223 223 224 224 225 224 224 224 224 225 223 223 223 221 221 220 220 223 221 219 220 222 222 224 227 229 225 227 224 219 218 216 209 205 202 199 196
255 255 255 256 256 256 255 253 252 252 252 251 251 250 250 250 249 248 247 245 242 240 237 235 232 229 226 224 222 219 216 214 213 213 212 212 212 211 211 211 212 213 213 214 215 216 216 216 216 218 218 219 219 220 220 221 223 223 224 223 223 224 225 224 224 223 222 222 222 222 221 220 220 220 220 218 218 219 221 222 224 227 228 225 225 223 219 218 214 209 205 201 198 195
257 257 258 257 258 257 257 256 255 255 254 254 254 253 253 251 250 249 248 246 244 241 239 237 234 231 227 225 222 219 217 214 212 212 211 210 210 211 211 211 212 212 213 214 214 215 215 216 217 218 219 219 219 220 221 221 222 223 224 223 223 223 224 224 224 223 223 223 222 222 221 220 219 219 218 217 216 216 219 221 225 227 226 224 223 222 219 217 214 211 205 201 198 196
258 258 259 260 260 259 259 258 257 257 256 256 256 255 255 253 252 251 249 247 244 242 240 238 235 232 229 225 222 221 218 216 213 210 210 209 209 209 209 210 210 211 212 212 212 213 214 215 216 217 219 219 219 219 221 220 221 222 223 224 223 223 223 224 224 223 222 221 222 222 221 220 218 218 219 220 217 217 219 223 224 225 224 222 221 220 217 215 214 213 206 202 199 198
260 260 260 261 261 261 261 260 259 259 258 257 257 256 256 255 254 252 251 249 246 243 240 238 235 232 230 227 224 221 219 216 214 211 209 209 209 209 209 209 209 210 210 211 212 214 215 215 215 216 217 218 219 219 220 221 220 221 223 224 223 222 223 224 224 223 222 221 222 222 221 220 218 218 218 219 221 221 223 223 223 221 221 219 218 216 214 213 212 213 206 206 205 203
261 261 261 262 262 262 262 261 260 260 259 259 258 258 257 256 255 253 252 250 247 244 241 238 235 232 231 228 225 223 220 217 215 212 210 209 208 208 209 209 209 210 210 211 212 213 215 216 214 215 217 218 219 219 220 220 221 221 222 223 224 223 223 224 224 223 222 222 222 222 221 220 218 217 220 219 218 220 220 221 219 218 218 217 215 212 210 209 210 210 209 211 210 209
261 262 262 262 263 262 262 262 261 261 261 260 259 259 258 257 255 254 252 250 247 244 242 240 237 233 230 228 226 222 220 218 215 212 210 208 208 208 208 209 209 209 210 210 213 213 214 214 213 215 217 216 218 219 220 220 221 221 222 223 223 223 223 224 225 224 223 222 222 222 222 221 219 216 219 223 221 218 217 218 217 216 216 214 212 209 206 205 206 207 210 212 211 205
263 263 263 263 264 264 263 263 262 263 262 261 260 260 259 257 256 254 253 251 248 245 242 240 238 234 231 228 225 223 221 218 216 213 211 209 208 208 207 209 209 209 210 210 211 213 215 214 216 215 214 215 217 218 219 220 221 221 223 223 224 224 223 224 225 224 224 223 222 221 221 221 218 216 217 220 217 214 215 216 216 214 213 211 208 205 204 203 202 205 209 211 210 200
264 265 264 264 264 265 264 263 264 263 263 261 261 260 259 257 256 254 253 251 248 245 243 240 238 236 232 229 226 223 221 218 216 213 212 210 207 206 208 209 209 209 210 210 211 213 214 216 218 215 214 215 216 217 219 221 222 222 223 224 225 225 224 225 225 224 223 222 221 220 218 218 218 217 217 217 215 213 214 215 214 212 210 208 207 204 203 202 200 204 208 211 207 199
265 265 265 265 265 265 264 264 264 263 263 262 261 260 259 257 256 254 253 251 249 246 243 240 238 235 232 229 227 223 221 219 216 214 211 210 207 207 208 208 208 209 210 210 211 215 217 219 217 215 215 214 216 217 218 220 221 222 222 224 225 224 224 224 224 222 221 220 220 219 219 217 216 216 217 214 212 211 212 213 212 211 209 207 205 203 202 201 200 202 206 205 201 201
266 265 265 265 265 266 265 264 264 263 262 262 260 260 258 257 257 255 254 252 250 247 244 241 238 236 233 230 227 224 221 218 216 214 211 210 208 207 208 208 208 210 209 210 211 216 218 219 219 216 216 215 215 217 217 217 218 220 222 223 223 222 222 222 221 221 221 220 219 219 219 217 215 214 213 211 210 209 210 210 210 210 208 206 204 203 203 201 201 202 204 201 197 194
