data/bioclim/bclim14.asc
NCOLS 210 
NROWS 174 
XLLCORNER 27.125 
YLLCORNER -2.20833333333333 
CELLSIZE 0.0416666666666667 
NODATA_value -32768 
[rows 110 to 164 of 174, columns 96 to 191 of 210]
42 42 41 41 40 39 39 38 38 37 37 37 37 37 38 39 41 43 45 47 50 52 53 54 54 55 55 55 56 56 56 56 56 57 58 60 62 65 67 69 69 68 68 68 67 64 63 61 61 58 60 61 63 64 66 67 67 66 67 67 67 66 66 66 64 63 61 60 61 63 65 62 59 56 53 52 51 50 50 49 49 48 48 48 50 50 51 51 51 51 51 48 43 41 41 39
41 40 39 39 38 38 37 37 36 36 36 36 36 36 37 39 41 42 45 47 49 51 52 53 53 55 57 58 59 60 59 58 58 59 60 62 64 65 67 69 70 70 71 69 68 66 65 64 62 62 63 64 64 65 67 64 62 62 63 63 63 64 67 67 65 64 62 61 61 63 62 60 57 55 54 53 52 51 50 50 49 48 48 49 51 52 53 55 55 55 54 53 46 44 42 40
39 38 38 37 37 36 36 35 35 35 35 35 35 36 37 38 40 42 44 46 49 50 51 52 52 53 54 56 57 59 60 59 59 60 61 63 64 65 67 68 70 71 72 71 70 69 67 65 66 68 66 63 63 63 63 61 58 56 57 58 58 61 61 61 61 62 62 61 62 60 58 57 56 56 55 54 53 52 51 50 49 49 49 50 52 53 55 57 59 59 57 55 48 47 46 43
37 36 36 35 35 34 34 34 34 34 34 34 35 35 37 38 40 42 44 46 48 49 50 51 51 52 53 55 55 56 58 59 59 60 61 62 63 65 66 68 70 72 72 72 73 71 68 67 65 63 63 64 63 62 60 58 55 54 53 54 54 55 55 55 56 57 58 58 59 58 56 55 57 57 56 56 55 53 52 50 50 50 51 51 52 53 56 61 62 62 61 59 53 51 49 46
35 35 34 34 33 33 33 33 33 33 33 34 34 35 36 38 40 42 43 45 46 48 49 50 51 52 54 53 55 56 57 58 59 61 62 63 64 65 67 69 71 71 71 71 71 70 69 68 66 65 67 66 64 62 60 57 55 53 54 52 51 51 52 52 53 53 53 53 54 55 54 53 55 55 54 55 54 53 52 52 51 51 51 51 52 55 58 61 63 65 64 63 57 54 52 50
34 33 33 32 32 32 32 32 32 32 33 33 34 35 36 38 40 41 42 43 45 46 48 49 51 51 54 55 54 57 57 59 61 63 64 65 65 66 68 69 71 70 71 71 71 71 67 66 66 66 66 68 65 63 59 57 55 53 53 52 49 49 49 49 49 49 49 48 49 51 55 53 52 52 53 53 53 54 53 54 54 54 54 54 55 56 59 63 67 67 67 66 61 57 55 52
32 32 31 31 31 31 31 31 31 32 32 33 34 35 37 37 39 40 41 42 43 45 47 48 50 52 53 55 56 59 59 61 64 65 66 67 67 68 68 69 70 69 69 70 72 71 69 67 67 66 67 68 64 62 59 56 54 52 50 49 48 47 47 46 45 45 44 44 44 47 52 51 50 50 51 52 54 55 55 56 56 56 56 56 58 58 61 64 64 66 68 68 66 62 58 54
31 31 30 30 30 30 30 30 31 31 32 33 34 35 35 36 37 38 39 41 42 44 45 47 50 52 54 56 58 60 62 64 66 68 68 69 69 69 69 69 70 69 70 71 72 70 68 67 67 67 65 66 63 61 59 56 53 51 49 48 46 45 44 43 42 41 41 40 40 41 44 47 48 49 50 51 52 54 56 57 59 59 59 58 58 62 64 66 70 73 74 72 68 64 60 56
30 29 29 29 29 29 29 30 30 31 31 32 32 33 34 35 36 37 38 39 41 42 44 47 50 53 55 58 60 62 64 67 69 70 70 70 70 70 70 70 70 70 70 72 70 68 68 67 67 66 64 62 61 59 58 55 53 50 48 47 45 44 42 43 41 39 38 37 37 37 37 39 47 48 49 52 54 56 59 61 63 62 61 62 63 66 71 75 77 77 76 73 68 66 62 57
28 28 27 27 28 28 28 29 29 29 30 31 31 32 33 34 35 36 37 38 39 41 44 47 50 53 56 59 62 64 66 69 70 72 72 72 72 72 71 71 71 70 70 69 69 68 68 67 66 65 63 63 59 58 57 54 52 50 48 46 44 43 41 40 39 37 36 35 35 34 35 37 43 45 47 51 55 59 60 62 61 61 64 64 68 72 77 78 77 78 77 74 70 66 65 61
26 26 26 26 26 27 27 27 28 28 29 29 30 31 32 33 34 35 36 37 38 40 44 47 51 54 58 61 64 66 69 71 72 73 74 74 73 73 72 72 71 71 70 70 69 68 67 67 66 64 62 61 59 57 56 54 51 49 47 45 43 42 40 39 37 36 35 34 33 34 34 37 41 43 45 49 55 58 59 59 59 62 64 70 75 78 73 69 73 76 77 76 74 69 66 67
24 24 24 25 25 26 26 25 26 27 27 28 29 30 32 33 34 35 36 37 39 41 44 48 52 56 60 63 66 69 71 73 74 75 75 75 75 74 74 73 72 71 71 70 69 68 67 66 65 63 61 59 58 56 55 52 50 48 46 44 42 41 39 38 36 35 34 33 33 33 35 38 41 41 42 45 48 51 55 57 60 60 64 66 66 65 71 66 66 73 73 73 68 69 66 61
23 23 23 24 24 25 24 24 24 25 26 27 29 30 31 33 33 35 36 38 39 42 46 50 54 58 62 66 69 72 74 75 76 77 77 77 76 75 75 74 73 72 71 70 69 68 67 66 64 62 60 58 57 55 54 52 49 47 45 43 42 40 38 37 36 35 34 33 33 33 34 37 39 41 42 44 48 52 57 58 56 59 60 60 59 61 62 64 63 63 63 62 60 60 60 60
21 21 22 22 23 23 23 23 23 24 25 27 28 29 31 32 34 35 37 39 41 44 48 52 56 61 65 69 72 75 77 78 79 79 79 78 78 77 76 75 74 72 71 70 69 68 66 65 63 61 59 57 56 54 53 51 49 47 45 43 41 40 38 37 35 34 34 33 33 33 34 36 39 40 42 45 49 50 51 52 51 52 54 56 55 56 59 61 62 63 63 63 62 61 61 61
20 20 21 21 22 22 22 22 22 23 24 26 28 29 31 32 34 35 37 39 42 45 49 54 59 64 68 73 76 79 81 82 82 82 81 80 79 78 77 75 74 73 71 70 69 67 66 64 62 60 58 56 55 53 52 50 48 46 44 42 40 39 38 36 35 34 33 33 33 34 35 37 40 40 40 42 44 45 44 45 46 48 49 50 51 54 57 59 61 62 64 64 64 63 63 64
19 20 20 20 21 21 21 21 21 22 24 25 28 29 31 33 34 35 38 40 43 47 51 56 61 67 72 77 81 83 84 85 84 84 83 81 80 79 77 76 74 73 71 70 69 67 65 63 61 59 57 56 54 52 51 49 47 45 43 42 40 39 37 36 35 34 33 33 33 34 35 36 39 39 40 40 41 41 41 42 43 45 46 48 49 52 54 57 59 61 62 63 63 63 65 67
19 19 19 20 20 20 20 20 20 22 23 25 27 30 31 33 34 36 38 40 43 48 52 58 64 70 76 81 85 88 88 88 87 86 84 83 81 79 78 76 75 73 71 70 68 66 64 62 60 58 56 55 53 51 50 48 47 45 43 41 40 38 37 36 35 34 34 33 33 34 35 36 38 39 39 39 40 40 40 41 42 43 44 46 47 49 51 54 56 58 60 61 62 64 69 72
18 19 19 19 20 19 19 19 20 21 23 25 27 30 32 33 35 37 39 41 44 49 54 59 65 72 79 84 89 91 92 90 89 87 85 83 82 80 78 76 75 73 71 69 67 65 63 61 59 57 56 54 52 51 49 48 46 44 42 41 39 38 37 36 35 34 34 33 34 34 35 36 38 39 38 40 40 42 40 41 41 42 43 43 45 46 49 51 53 56 58 59 62 63 67 69
18 19 18 19 19 19 19 19 20 22 23 25 27 30 32 34 35 37 39 42 45 50 55 61 67 74 79 85 91 94 93 91 90 88 86 84 82 80 78 76 74 72 70 68 66 64 62 60 59 57 55 53 51 50 48 47 45 44 42 40 39 38 36 35 35 34 33 33 34 34 35 36 38 39 38 40 41 41 40 40 40 41 41 42 43 44 46 49 51 54 57 59 63 65 70 75
18 18 18 18 18 18 19 19 20 22 23 25 27 30 32 34 36 38 41 43 47 51 56 62 68 74 80 85 90 92 93 91 89 88 86 84 82 80 78 76 74 72 70 68 66 64 62 60 58 56 54 52 51 49 48 46 45 43 42 40 39 37 36 35 34 34 33 33 33 34 35 36 38 39 39 39 40 39 40 40 42 42 41 40 41 43 45 49 54 62 64 73 78 74 81 79
17 17 17 17 18 18 18 19 20 22 23 26 28 30 33 35 37 39 42 45 48 52 57 62 68 73 79 83 87 89 90 90 88 87 85 83 81 79 77 75 73 71 69 67 65 63 61 59 57 55 53 52 50 48 47 45 44 43 41 40 38 37 36 35 34 34 33 33 33 34 35 36 38 40 39 39 39 40 40 40 50 49 41 40 41 45 50 58 63 68 71 77 80 80 80 79
17 16 17 17 17 17 18 19 20 21 23 25 28 30 33 35 38 40 43 46 49 53 58 62 67 72 77 81 85 87 88 87 87 85 84 82 81 79 76 74 72 70 68 66 64 62 60 58 56 55 53 51 49 48 46 45 43 42 41 39 38 37 36 35 34 33 33 33 33 36 34 35 37 39 39 39 40 40 40 40 41 41 40 41 43 47 53 55 61 68 75 79 80 81 80 79
16 16 16 16 16 17 18 19 20 21 23 25 28 31 34 36 39 41 44 47 50 54 58 62 67 71 75 79 82 84 85 85 85 84 83 81 80 78 75 73 71 69 67 65 63 61 59 58 56 54 52 50 49 47 46 44 43 42 40 39 37 36 35 34 33 33 32 32 34 42 36 35 36 42 51 42 40 41 43 41 40 40 40 41 44 50 61 61 66 74 77 80 82 81 80 79
15 15 15 15 16 17 17 18 20 21 23 25 28 31 34 37 39 42 45 48 51 54 58 62 66 70 73 77 79 81 82 83 83 82 81 80 78 76 75 73 71 69 67 65 63 61 59 57 55 53 51 50 48 46 45 44 42 41 40 38 37 36 35 34 33 32 32 32 32 32 33 34 35 44 57 42 42 46 44 42 42 44 43 45 46 51 61 70 79 81 83 81 80 80 79 79
14 14 14 15 16 16 17 18 19 21 23 25 28 32 35 37 40 42 45 48 51 54 58 61 65 69 72 75 77 79 80 80 80 80 79 78 77 75 73 72 70 68 66 64 62 60 58 56 54 52 51 49 47 46 44 43 42 40 39 38 37 36 34 34 33 32 31 31 31 31 32 36 43 40 49 43 42 50 45 46 44 47 46 52 56 59 69 77 83 83 80 79 77 77 77 77
13 13 14 14 15 16 17 18 19 21 23 26 29 32 35 38 40 43 45 48 51 54 58 61 64 67 70 73 75 76 78 78 78 78 77 77 75 74 72 71 69 67 65 63 61 59 57 55 54 52 50 48 47 45 44 42 41 40 39 38 36 35 34 33 32 31 31 30 30 30 31 39 65 58 57 43 42 46 51 51 49 50 49 52 63 67 72 79 83 82 80 78 77 76 77 76
12 12 14 14 14 15 16 17 19 21 23 26 28 32 35 38 40 43 46 48 51 54 57 60 63 66 69 71 73 74 75 76 76 76 76 75 74 73 71 69 68 66 64 62 60 58 57 55 53 51 49 48 46 45 43 42 40 39 38 37 36 35 34 33 32 31 30 30 29 29 32 58 60 54 43 41 44 53 54 54 52 51 51 52 61 70 75 81 85 83 81 80 78 76 77 77
12 12 13 14 14 15 16 17 19 21 23 25 28 31 34 37 40 43 45 48 51 54 57 60 62 65 67 69 71 72 73 74 74 74 74 73 72 71 70 68 67 65 63 61 59 58 56 54 52 50 49 47 45 44 42 41 40 39 37 36 35 34 33 32 31 30 30 29 29 28 30 41 38 36 36 47 55 54 53 52 51 49 49 52 58 67 78 86 87 85 83 82 79 78 78 79
11 11 12 13 14 15 16 17 18 20 23 25 28 31 34 37 40 42 45 48 51 53 56 59 61 64 66 68 69 71 72 72 72 72 72 72 71 70 69 67 66 64 62 60 58 57 55 53 51 50 48 46 45 43 42 40 39 38 37 36 35 34 33 32 31 30 29 28 28 27 27 33 33 35 50 48 47 49 49 49 48 49 51 54 64 69 79 86 88 86 84 83 81 80 80 79
10 11 11 12 13 14 15 16 18 20 22 25 28 30 33 36 39 42 45 48 50 53 56 58 60 63 65 66 68 69 70 70 71 71 70 70 69 68 67 66 65 63 61 59 58 56 54 53 51 49 47 46 44 43 41 40 38 37 36 35 34 33 33 32 31 30 29 28 27 27 26 28 33 35 37 40 41 44 46 47 48 49 52 57 67 79 78 87 88 87 85 83 80 79 77 73
9 10 11 11 13 14 15 16 18 20 22 24 27 30 33 36 39 42 45 48 50 53 55 57 60 62 63 65 66 67 68 69 69 69 69 68 68 67 66 65 64 62 60 59 57 55 54 52 50 48 47 45 43 42 41 39 38 37 36 35 34 33 32 31 30 30 29 28 27 26 25 25 27 29 32 36 38 40 43 50 50 51 53 57 67 73 75 85 88 87 81 79 76 74 71 67
9 10 11 11 12 14 15 16 18 20 22 24 27 30 33 36 39 42 45 47 50 52 55 57 59 61 62 64 65 66 67 67 67 67 67 67 66 66 65 64 62 61 60 58 56 55 53 51 49 48 46 44 43 41 40 38 37 36 35 34 33 32 31 31 30 30 29 28 27 26 25 24 24 26 30 33 36 38 41 47 55 54 57 57 61 79 82 85 83 79 74 72 69 67 65 62
9 9 10 11 12 14 15 16 18 20 22 24 27 30 33 36 39 42 45 47 50 52 54 56 58 60 61 62 64 64 65 66 66 66 66 65 65 64 63 62 61 60 59 57 56 54 52 50 49 47 45 44 42 41 39 38 37 35 34 33 32 32 31 30 30 29 29 28 27 26 26 25 25 26 28 30 34 37 40 46 56 56 58 62 67 78 81 80 78 72 69 67 65 62 60 57
8 9 10 11 12 13 15 17 19 20 22 25 27 30 34 37 39 42 45 47 50 52 54 55 57 59 60 61 62 63 64 64 64 64 64 64 63 63 62 61 60 59 58 56 55 53 51 50 48 46 45 43 42 40 39 37 36 35 34 33 32 31 30 30 29 29 29 29 28 27 27 26 26 27 28 30 33 37 40 44 51 56 57 63 71 74 74 73 70 67 64 62 61 59 56 54
8 9 10 11 12 14 15 17 19 21 23 26 28 31 34 37 40 43 45 47 49 51 53 55 56 58 59 60 61 62 62 63 63 63 63 63 62 61 61 60 59 58 57 55 54 53 51 49 47 46 44 43 41 39 38 37 35 34 33 32 31 30 30 29 29 29 29 29 29 28 28 28 28 29 29 31 33 37 45 47 49 52 55 58 62 67 68 67 64 64 59 59 58 55 53 50
8 9 10 11 12 14 16 18 20 22 24 27 29 32 35 38 40 43 45 48 49 51 53 54 56 57 58 59 60 60 61 61 61 61 61 61 61 60 59 59 58 57 56 54 53 52 50 49 47 45 44 42 40 39 37 36 35 33 32 31 31 30 29 29 29 28 28 29 29 29 29 29 30 31 31 32 34 35 38 43 51 54 53 55 60 64 64 62 61 60 57 56 54 52 49 47
8 9 9 11 13 14 16 18 20 23 25 28 31 33 36 38 41 44 46 48 50 51 53 54 55 56 57 58 59 59 60 60 60 60 60 60 59 59 58 57 57 56 55 53 52 51 50 48 46 45 43 41 40 38 37 35 34 33 32 31 30 29 29 28 28 28 28 29 29 30 30 31 31 33 33 33 36 37 37 41 46 53 53 53 57 60 60 58 58 56 54 52 50 48 46 44
8 9 10 11 13 15 16 19 21 23 26 29 32 35 37 40 42 44 46 48 50 51 52 53 54 55 56 57 57 58 58 59 59 59 59 58 58 58 57 56 55 54 53 52 51 50 49 47 46 44 42 41 39 38 36 35 33 32 31 30 29 29 28 28 28 28 28 28 29 30 31 32 32 34 34 35 36 38 39 40 42 44 47 49 51 55 57 55 54 53 51 49 47 45 43 41
8 9 10 11 13 15 16 19 21 24 27 30 32 36 39 41 43 45 47 48 50 51 52 53 54 54 55 56 56 57 57 57 57 57 57 57 57 56 56 55 54 53 52 51 50 49 48 46 45 43 42 40 39 37 35 34 33 31 30 29 28 28 27 27 27 27 27 28 29 31 32 33 33 34 36 37 38 37 39 42 43 44 44 45 47 50 52 51 50 49 48 46 44 43 41 39
8 9 10 11 13 15 17 19 22 25 28 31 33 37 40 42 44 45 47 48 49 50 51 52 53 53 54 55 55 55 56 56 56 56 56 56 55 55 55 54 53 52 51 50 49 48 47 46 44 43 41 39 38 36 35 33 32 31 30 28 28 27 26 26 26 26 27 28 29 31 32 35 35 36 36 38 39 42 42 44 47 45 46 45 44 46 47 48 48 47 45 44 42 41 39 37
8 9 10 11 13 15 17 20 22 26 29 32 34 38 41 43 44 46 47 48 49 50 51 51 52 52 53 53 54 54 54 55 55 55 55 54 54 54 53 53 52 51 50 49 48 47 46 45 43 42 41 39 37 36 34 33 31 30 29 28 27 26 26 25 25 26 27 29 29 31 33 34 34 35 35 39 40 42 44 47 49 47 48 47 46 45 45 45 45 44 43 42 40 38 37 35
8 9 10 11 13 15 17 20 23 26 29 33 35 39 41 42 43 46 47 48 49 49 50 50 51 51 52 52 52 53 53 53 53 53 53 53 53 53 52 52 51 50 49 49 48 46 45 44 43 41 40 38 37 35 34 32 31 29 28 27 26 25 25 24 24 25 26 27 29 30 32 32 32 32 32 34 36 39 41 45 48 48 48 47 46 46 45 43 43 42 41 40 38 36 35 34
8 9 10 11 13 15 17 20 22 26 29 34 38 41 41 42 45 46 47 47 48 48 49 49 49 50 50 51 51 51 52 52 52 52 52 52 52 51 51 51 50 49 49 48 47 46 44 43 42 40 39 38 36 34 33 31 30 28 27 26 25 24 24 23 23 24 24 25 27 30 29 29 29 30 31 33 35 38 40 42 44 45 47 47 45 45 44 43 41 41 40 38 36 34 33 32
7 9 10 11 13 14 17 19 22 25 29 33 35 40 41 39 43 45 46 46 46 47 47 48 48 48 49 49 50 50 50 50 50 51 51 50 50 50 50 49 49 48 48 47 46 45 44 42 41 40 38 37 35 34 32 31 29 28 26 25 24 23 23 22 23 24 26 24 24 25 26 29 29 30 32 34 35 38 42 44 45 44 44 45 44 43 42 41 40 39 37 35 34 33 32 31
7 9 9 11 12 14 16 19 21 24 28 31 32 38 39 40 42 43 44 44 45 45 46 46 46 47 47 48 48 48 49 49 49 49 49 49 49 49 49 48 48 47 47 46 45 44 43 42 40 39 37 36 34 33 31 30 29 27 26 24 23 22 21 21 21 22 23 23 23 24 25 26 26 28 31 33 37 42 42 39 36 40 41 42 42 41 40 39 37 35 35 33 32 31 30 29
6 8 9 11 12 13 15 18 20 22 26 28 31 35 36 37 40 41 42 43 43 43 44 44 45 45 46 46 46 47 47 47 47 48 48 48 48 48 47 47 47 46 46 45 44 43 42 41 39 38 36 35 33 32 30 29 28 26 25 24 23 21 20 20 20 20 21 22 25 25 26 26 26 27 29 29 30 30 29 30 31 33 35 37 39 39 38 35 34 33 33 32 31 30 29 28
5 8 9 10 11 13 14 17 18 21 24 25 28 32 32 36 38 39 40 40 41 41 42 42 43 43 44 44 45 45 45 46 46 46 46 46 46 46 46 46 46 45 45 44 43 42 41 40 39 37 36 34 32 31 29 28 26 25 24 23 22 21 20 19 18 19 20 21 24 26 27 27 25 26 25 26 26 27 27 28 29 31 33 36 36 34 33 33 32 31 31 30 30 29 28 27
5 8 8 9 11 12 14 16 17 20 22 24 27 30 31 34 35 36 37 38 39 39 40 40 41 41 42 42 43 43 44 44 44 44 45 45 45 45 45 45 45 44 44 43 43 42 40 39 38 36 35 33 31 30 28 27 25 24 23 22 21 20 20 20 18 17 18 19 21 21 22 22 23 24 24 25 25 26 27 27 28 28 28 31 31 31 31 31 30 30 29 29 28 27 27 26
5 8 8 9 10 12 13 15 17 18 19 22 24 27 28 31 32 33 34 35 36 37 38 38 39 39 40 41 41 41 42 42 43 43 43 43 43 44 44 44 44 43 43 42 42 41 40 38 37 35 34 32 30 29 27 26 24 23 22 21 20 19 21 22 19 18 19 19 21 22 21 22 22 23 23 24 24 25 26 28 30 29 28 29 30 29 29 30 29 28 28 28 27 26 26 25
5 7 8 9 9 11 12 14 15 17 18 18 21 24 26 28 29 31 32 33 34 35 35 36 37 37 38 39 39 40 40 40 41 41 41 42 42 42 42 42 42 42 42 42 41 40 39 38 36 35 33 31 29 28 26 25 23 22 21 20 19 18 19 19 20 20 20 20 21 22 21 21 21 22 22 23 24 25 28 31 29 27 27 27 28 29 29 29 28 28 27 27 26 26 25 24
4 7 8 8 9 10 11 13 14 15 16 17 19 22 23 25 27 28 29 30 31 32 33 34 35 35 36 37 37 38 38 39 39 39 40 40 40 41 41 41 41 41 41 41 40 40 38 37 35 34 32 30 28 27 25 24 22 21 20 19 18 17 17 17 18 20 22 21 22 21 21 20 21 24 22 23 25 26 29 30 28 27 29 28 28 29 29 28 27 27 27 26 25 25 24 24
4 7 7 8 8 9 10 11 12 13 13 15 18 20 21 23 24 25 27 28 29 30 31 32 33 33 34 35 35 36 36 37 37 38 38 38 39 39 39 40 40 40 40 40 39 39 38 36 34 33 31 29 27 26 24 22 21 20 19 18 17 17 16 16 18 19 21 22 23 23 22 22 22 23 23 23 24 26 28 29 26 26 29 27 27 28 28 27 27 27 26 25 25 24 23 23
4 6 7 7 8 9 10 10 10 11 11 13 15 17 19 20 22 23 24 25 27 28 29 30 31 31 32 33 34 34 35 35 36 36 36 37 37 37 38 38 38 39 39 39 39 38 37 35 33 31 29 28 26 24 23 21 20 19 18 17 17 16 16 16 17 18 20 22 23 23 23 23 22 22 23 23 25 25 25 25 25 25 27 26 26 26 27 27 26 26 26 25 24 23 23 22
3 6 6 6 7 8 8 9 9 10 10 11 14 15 17 18 19 21 22 23 24 26 27 28 29 29 30 31 32 32 33 33 34 34 35 35 35 36 36 36 37 37 37 38 38 37 36 34 32 30 28 26 24 23 21 20 19 17 17 16 15 15 15 16 16 17 19 21 21 22 22 21 21 22 22 21 22 23 23 23 24 24 25 25 26 26 26 26 25 25 25 24 23 23 22 21
3 6 6 6 6 7 8 8 8 8 9 10 12 13 15 16 17 19 20 21 22 23 25 26 27 28 28 29 30 30 31 32 32 32 33 33 33 34 34 34 35 35 35 36 36 36 35 32 30 28 26 25 23 21 20 18 17 16 16 16 15 14 14 14 15 16 17 18 20 20 20 20 20 20 20 20 21 22 23 23 22 23 24 24 25 25 25 25 24 24 23 23 22 22 21 21
