data/bioclim/bclim9.asc
NCOLS 210 
NROWS 174 
XLLCORNER 27.125 
YLLCORNER -2.20833333333333 
CELLSIZE 0.0416666666666667 
NODATA_value -32768 
[rows 42 to 83 of 174, columns 94 to 187 of 210]
252 254 255 256 259 262 266 268 270 272 272 274 275 275 273 269 268 267 268 268 268 268 268 269 269 266 266 268 266 260 262 266 267 262 261 259 256 255 253 253 253 253 254 253 252 251 249 249 251 250 249 248 249 249 248 247 246 245 246 247 246 246 245 245 243 242 242 241 239 235 234 233 233 232 231 229 229 230 229 225 227 246 256 259 261 263 266 268 268 261 256 236 233 237
252 254 256 258 261 264 268 269 270 271 271 273 274 273 269 266 264 264 265 262 264 266 265 267 267 266 264 265 264 259 255 260 264 265 265 262 259 255 253 254 255 255 253 251 251 250 249 248 250 250 250 249 249 248 247 245 244 243 244 246 246 245 245 244 244 243 243 242 241 237 235 234 234 234 233 230 231 231 231 226 225 243 253 257 260 262 266 268 266 263 255 242 232 233
251 253 257 260 264 265 267 268 269 270 271 272 272 267 263 261 260 260 260 257 260 261 263 263 264 265 262 261 261 257 252 253 256 258 263 263 260 258 257 257 256 254 252 250 250 249 248 248 247 249 250 249 248 230 238 243 234 241 242 245 246 245 245 244 245 243 243 242 241 238 236 235 235 234 234 232 233 231 232 230 229 240 252 254 257 261 265 266 263 258 254 246 243 235
253 255 258 260 262 264 266 267 268 269 270 271 266 260 259 257 257 256 255 252 255 257 260 259 260 261 259 258 259 256 252 250 251 255 258 262 262 260 259 257 255 254 252 251 250 250 248 246 243 249 250 248 246 246 239 236 239 240 242 244 246 245 245 244 243 244 243 242 240 239 237 236 236 236 235 234 234 233 234 233 232 233 242 248 253 259 263 264 260 257 248 242 229 228
251 254 256 259 262 263 264 265 266 266 269 265 259 256 256 255 255 253 252 250 250 255 255 254 256 256 255 255 256 255 251 249 249 251 254 255 255 254 256 255 255 254 251 250 248 249 248 246 244 249 250 248 247 245 241 233 239 239 242 243 245 244 244 244 243 243 242 242 240 239 238 238 237 237 236 235 236 235 235 235 234 232 232 239 248 255 261 263 256 244 245 238 231 220
251 253 256 260 261 263 263 264 265 266 267 258 254 253 253 253 253 252 251 250 250 253 247 251 253 253 252 252 253 253 249 247 248 249 252 253 250 248 250 253 253 254 252 249 248 248 248 246 245 249 249 248 247 246 244 232 244 243 242 242 243 243 244 244 243 242 241 241 240 238 238 239 238 237 237 237 237 236 236 236 235 234 233 233 241 254 260 259 250 232 234 227 228 236
252 255 256 258 259 261 262 263 263 265 265 255 252 252 252 251 251 250 249 248 251 251 243 247 250 250 249 250 252 250 247 245 248 249 250 251 252 248 250 251 251 253 251 250 249 247 247 246 245 248 249 248 246 246 247 245 245 244 243 241 242 243 244 243 243 242 240 239 239 239 238 239 239 239 239 238 237 237 237 237 237 237 235 232 239 254 254 259 254 237 235 232 229 243
251 252 254 257 259 260 262 262 263 264 258 252 251 251 250 249 249 248 246 247 248 247 245 245 248 249 248 250 250 249 246 246 247 248 248 249 252 250 248 249 250 251 251 250 249 247 246 246 246 248 249 248 247 247 248 247 246 245 243 242 239 243 245 243 243 241 239 238 239 241 240 240 240 240 240 239 238 239 238 238 238 238 235 229 239 251 250 256 257 252 244 233 222 236
250 252 254 257 259 260 261 261 262 260 254 252 251 251 249 250 249 247 246 247 246 245 244 244 244 246 247 248 249 248 247 246 245 246 247 248 250 252 248 247 248 250 250 250 249 248 246 245 246 247 248 248 248 248 248 248 246 245 244 244 232 241 245 244 242 241 240 238 239 241 241 241 241 241 240 239 238 240 239 240 239 237 236 231 227 246 248 253 254 253 240 225 221 252
249 251 255 257 258 259 260 261 260 254 253 251 251 250 249 250 247 246 247 246 245 244 244 244 244 244 245 246 247 246 246 245 244 245 246 248 249 251 250 247 247 249 248 249 248 247 247 247 246 247 248 248 248 247 248 249 247 246 245 244 235 243 246 244 241 238 240 239 240 242 242 242 242 242 239 237 238 240 241 241 240 239 237 231 231 239 245 250 251 248 246 247 252 259
246 249 254 255 256 258 259 259 257 254 253 252 252 251 251 248 248 247 246 246 245 243 245 245 244 243 243 244 246 245 245 243 243 245 246 247 248 249 250 248 247 247 247 248 248 248 248 248 248 248 249 249 249 248 249 249 247 247 246 244 240 241 246 245 243 239 240 241 242 243 242 243 243 241 239 229 236 240 241 242 241 240 238 235 234 233 242 244 245 244 243 254 256 255
247 250 252 255 256 257 257 258 257 255 254 253 252 252 251 250 248 246 245 243 244 244 245 245 244 243 241 241 244 244 243 242 242 244 245 247 246 246 248 249 248 248 248 248 247 248 248 247 248 248 248 247 249 250 249 248 248 247 246 245 244 246 245 243 242 238 238 241 243 244 243 243 243 242 241 236 237 240 241 243 242 240 239 238 237 235 238 239 233 243 252 259 259 262
246 249 252 254 255 255 256 256 257 257 255 255 255 251 249 247 246 245 244 245 246 245 246 245 245 243 241 241 242 241 241 241 241 244 245 246 245 246 246 248 248 247 248 247 247 247 246 246 247 247 246 247 248 249 249 249 249 246 244 242 245 246 244 238 238 238 239 241 243 244 244 244 243 243 243 242 241 241 241 243 243 241 240 238 237 236 234 232 231 244 254 258 261 264
246 247 250 252 254 254 254 255 256 257 255 258 255 250 249 247 247 247 246 246 247 247 246 244 244 243 243 242 241 241 241 242 241 243 244 244 245 245 246 246 248 248 246 246 246 247 247 246 246 247 246 246 247 248 248 249 249 247 245 244 246 245 241 235 237 240 238 241 242 244 245 245 244 244 245 244 244 243 243 244 243 241 240 239 237 235 234 232 230 241 252 257 258 261
247 247 250 252 253 255 255 255 256 257 258 256 254 251 249 249 248 248 248 247 248 247 246 244 245 244 244 241 241 242 241 242 241 241 242 243 244 244 245 245 247 248 248 247 246 246 246 246 245 246 246 246 246 247 247 248 249 248 246 246 235 233 236 228 241 239 236 239 242 244 245 246 245 245 245 245 245 244 244 244 243 242 241 239 237 236 233 230 230 245 252 254 256 258
247 248 249 250 252 252 253 255 255 258 257 256 254 252 252 251 250 250 249 248 247 246 245 244 246 244 242 241 241 242 242 242 241 242 242 242 243 243 245 246 246 247 248 248 247 247 247 247 246 245 246 247 247 246 246 247 248 248 247 247 242 238 239 237 243 241 231 228 241 243 245 246 246 245 245 245 245 245 244 245 244 242 242 240 238 236 234 231 228 235 249 252 250 257
246 246 247 249 249 248 252 255 257 258 258 258 255 253 251 250 248 247 248 247 248 247 245 246 246 243 242 240 241 241 242 243 242 242 241 242 243 244 245 245 245 245 246 248 248 248 248 247 247 246 247 248 248 247 247 246 248 248 248 248 247 245 244 242 241 239 231 231 239 242 245 246 246 246 246 246 245 245 245 246 244 244 242 240 238 236 233 229 217 217 241 244 245 252
244 244 246 246 246 247 251 255 256 258 258 254 253 252 250 249 247 247 246 246 245 246 245 247 246 244 243 240 240 241 241 243 243 242 242 243 243 243 244 244 244 245 246 248 247 248 248 248 247 247 248 248 247 246 246 246 247 247 248 247 243 246 246 246 246 246 241 234 233 241 244 246 247 246 246 246 246 246 246 245 245 244 242 240 238 235 231 216 186 182 216 238 245 248
237 242 244 244 243 248 252 255 255 255 259 257 256 253 252 250 250 249 248 247 247 246 247 248 246 246 245 242 241 241 242 242 243 243 243 244 244 243 243 243 243 245 246 247 245 247 248 249 248 248 247 247 247 247 247 247 246 247 247 248 244 241 245 246 247 248 247 245 232 239 244 246 247 247 246 246 246 246 245 245 244 243 241 239 237 234 230 210 173 159 193 232 246 250
236 241 241 241 243 248 252 253 255 256 259 260 257 255 253 252 251 250 248 250 249 247 247 247 247 247 245 243 241 241 242 243 243 244 243 244 243 243 243 243 242 244 245 246 246 244 247 248 248 249 248 248 248 247 247 247 246 247 246 247 246 244 246 247 248 249 248 247 245 245 245 246 247 246 245 245 246 245 244 244 244 244 242 238 235 233 230 219 191 187 207 220 239 243
230 238 236 238 243 247 250 253 255 258 261 260 259 258 257 254 250 248 249 251 250 247 248 248 248 246 245 243 241 241 241 242 243 244 244 245 244 244 244 243 244 243 243 245 245 244 245 247 248 247 248 248 248 247 247 246 247 248 248 248 247 248 248 248 249 249 247 247 246 247 246 246 247 245 245 245 245 244 243 242 242 242 240 238 235 232 230 225 213 206 213 219 227 231
227 229 229 239 244 246 249 255 258 259 260 259 260 259 257 253 251 250 252 253 250 248 249 248 247 247 246 244 242 241 242 243 244 244 244 244 244 244 243 243 244 244 243 244 244 243 243 244 246 246 248 248 248 248 247 247 248 249 248 249 248 249 248 249 249 249 248 247 247 247 246 246 246 245 245 245 244 243 242 241 240 239 238 236 233 230 228 226 223 219 218 218 220 217
218 216 225 240 243 245 248 257 260 260 260 259 257 257 256 255 252 254 255 253 251 250 247 247 246 245 245 244 242 241 243 243 244 244 244 243 243 243 243 245 245 245 245 244 243 241 241 242 245 245 247 247 248 248 248 249 248 249 250 250 249 249 250 249 249 248 247 248 247 246 246 246 246 245 245 244 244 243 242 241 239 238 235 234 232 230 228 226 225 223 221 220 216 212
212 213 229 239 241 245 252 260 261 260 258 258 260 259 258 254 255 255 252 249 248 248 248 248 246 245 244 244 242 241 242 243 244 244 244 243 244 244 245 245 246 245 245 245 244 242 242 242 244 245 245 245 246 248 249 249 249 249 248 249 249 250 249 249 249 248 247 248 248 246 246 246 246 245 243 243 242 241 240 240 239 237 234 232 230 228 227 225 224 223 222 219 215 210
212 217 230 238 241 245 256 260 260 260 260 261 261 262 261 258 256 255 252 250 247 246 245 247 247 246 245 245 242 242 242 243 244 244 243 243 244 245 245 245 244 244 243 244 244 243 243 242 243 243 244 243 245 247 246 248 249 250 248 248 249 250 249 249 248 247 248 248 248 246 246 246 245 244 243 243 241 240 239 237 236 235 233 233 231 227 223 224 223 222 221 218 217 212
214 219 232 238 241 249 259 261 261 261 261 259 257 257 258 255 254 253 251 249 248 246 245 245 246 246 246 245 244 242 243 244 243 243 243 244 245 245 245 245 245 244 243 242 243 243 242 243 244 244 243 242 243 245 246 247 248 249 250 250 249 249 249 250 247 247 248 249 247 247 246 246 245 244 243 241 239 238 236 234 234 234 234 232 230 226 222 220 221 222 221 220 219 215
217 224 237 239 243 256 261 260 260 260 259 257 256 255 255 255 255 253 251 247 246 245 244 244 244 244 244 244 242 242 243 243 243 243 244 244 245 245 244 244 244 244 243 242 241 242 242 245 245 245 244 243 242 244 245 247 247 248 248 250 250 248 249 249 247 248 249 248 248 247 247 246 245 243 242 240 239 237 234 226 232 234 234 232 230 227 223 219 220 222 222 221 219 217
215 218 235 241 252 261 262 261 261 260 258 258 256 257 257 256 255 254 250 247 243 241 241 242 242 242 242 242 242 241 243 242 243 244 244 245 245 244 244 244 243 244 244 243 242 243 244 245 246 246 245 244 243 243 242 244 247 247 248 248 249 249 248 248 247 248 248 249 248 248 247 246 245 243 242 238 236 232 233 231 233 233 234 233 231 228 225 220 220 222 223 222 221 219
216 228 230 252 259 261 262 261 261 260 259 258 258 257 256 257 256 255 248 246 243 240 238 238 237 238 239 240 241 242 243 243 243 244 244 245 245 245 244 244 243 245 244 243 243 244 245 246 247 246 247 246 243 244 246 244 245 247 246 247 249 249 248 247 247 247 247 248 249 247 245 245 244 243 242 232 233 230 218 215 231 234 233 233 231 229 226 223 219 222 224 223 222 221
241 233 239 259 259 260 261 261 261 260 260 259 259 258 258 257 256 251 247 244 244 241 238 237 236 238 239 239 240 241 242 244 243 244 244 243 244 244 244 244 244 245 244 244 243 245 246 247 247 247 247 246 245 245 247 248 247 245 246 247 247 248 248 247 246 246 247 248 248 248 246 246 244 244 242 240 236 203 191 222 231 235 235 233 232 229 227 224 219 221 224 225 223 223
245 255 260 260 260 260 261 261 261 261 260 260 260 259 257 252 248 247 246 243 242 238 237 238 237 237 237 238 239 241 241 242 243 243 243 244 244 244 244 244 245 245 245 244 243 245 246 247 248 248 247 246 245 245 248 250 250 249 248 247 247 248 248 247 248 248 248 249 249 247 246 246 245 244 243 241 240 224 222 233 236 236 236 234 233 231 228 225 220 222 224 225 225 224
259 260 260 260 260 260 261 262 261 261 261 260 259 258 252 247 244 245 244 243 240 237 237 237 237 237 237 238 238 240 242 242 242 243 243 244 244 245 245 245 245 244 244 244 245 246 247 248 248 248 247 247 246 246 248 250 251 251 250 248 248 250 250 249 250 249 249 250 250 248 246 246 245 245 243 242 241 240 238 238 238 237 237 235 234 232 229 224 221 222 223 225 226 226
260 260 260 260 261 261 261 261 261 261 260 259 257 251 247 244 243 243 240 240 238 237 238 237 237 238 238 238 238 240 242 243 242 243 243 243 243 243 244 244 244 244 245 245 245 247 248 249 248 249 249 247 248 247 248 250 252 253 252 251 250 251 252 250 251 251 250 250 250 247 246 247 246 244 243 243 242 241 241 240 239 238 236 236 235 233 230 224 222 221 223 224 224 226
260 260 260 261 260 261 260 260 260 260 259 257 250 244 244 241 241 243 241 239 236 237 239 238 238 239 239 238 240 240 241 243 242 242 243 243 242 243 244 244 244 246 245 246 247 248 248 248 248 248 248 249 249 248 248 250 252 254 253 252 251 251 252 252 251 252 251 251 250 248 246 247 245 245 244 244 243 242 241 240 239 238 237 236 235 233 231 227 219 218 219 221 224 225
260 260 261 260 261 261 260 261 260 259 254 246 244 242 240 238 239 239 238 236 235 237 239 239 239 239 239 238 239 241 242 242 242 241 242 241 242 243 244 244 245 246 246 247 247 248 248 248 248 249 248 247 248 249 250 251 253 254 254 254 253 251 252 253 253 252 252 251 249 247 247 247 246 245 245 244 243 242 241 240 239 239 238 237 235 233 228 226 216 198 187 216 223 224
261 261 260 261 261 260 261 260 257 247 244 242 242 241 238 237 238 237 236 237 237 237 238 239 239 239 238 239 240 241 242 241 241 241 241 241 242 243 244 245 245 246 246 247 247 248 248 249 248 248 248 248 249 251 252 252 254 255 255 255 254 253 252 253 253 253 252 251 250 248 246 247 247 245 245 244 243 242 241 241 240 240 239 237 236 229 214 204 196 168 175 211 222 224
261 261 261 261 261 261 261 257 245 242 239 240 239 238 237 237 237 236 237 237 237 236 237 239 239 239 240 240 240 239 239 240 241 242 242 242 242 243 243 244 245 245 245 246 246 247 248 248 248 249 249 250 251 252 252 252 254 255 256 255 254 253 252 253 253 253 252 251 250 248 246 247 246 245 245 244 244 242 242 241 240 239 238 236 235 232 221 181 172 195 207 218 222 224
261 261 261 262 262 261 257 245 241 239 237 238 237 238 237 236 235 236 237 237 236 237 238 238 239 240 239 239 237 237 235 236 241 242 242 242 242 243 243 244 245 245 245 246 246 246 248 249 249 249 250 251 251 253 253 254 255 255 255 255 255 253 253 254 253 253 252 251 249 248 247 247 246 245 245 244 243 243 242 241 240 239 238 237 235 233 219 192 178 205 217 221 223 224
261 262 262 261 261 255 241 239 239 237 238 237 237 237 237 236 236 236 238 237 237 238 238 238 239 239 240 239 239 239 236 238 241 242 242 242 242 243 244 243 244 244 245 245 245 246 247 248 249 249 250 251 252 253 254 255 255 255 256 255 255 253 253 253 254 253 252 251 250 248 247 248 246 245 245 244 243 243 242 241 240 239 238 237 235 232 225 219 212 219 221 222 222 223
262 262 262 262 252 240 237 237 237 235 237 238 236 237 236 235 233 234 237 237 237 237 238 239 239 239 240 240 240 240 241 241 241 240 242 242 242 242 243 243 243 243 244 245 245 246 246 247 249 250 251 252 253 254 254 254 255 255 256 256 254 253 254 254 253 253 251 250 250 249 248 247 246 245 244 244 243 243 242 240 239 238 237 236 234 232 230 228 226 224 224 222 221 221
262 262 260 247 239 237 237 238 237 236 235 236 235 235 234 235 238 238 238 238 238 238 239 239 239 239 239 239 239 239 240 241 241 241 241 241 242 242 242 241 242 243 244 245 245 246 247 247 249 250 251 252 253 251 253 254 255 255 255 255 254 253 254 253 253 252 251 249 249 249 247 246 246 245 244 243 243 242 241 240 239 238 237 236 234 232 232 230 228 225 222 220 218 218
262 256 242 239 238 237 237 235 228 232 232 234 236 236 236 236 237 238 238 238 238 237 239 239 239 239 239 238 239 239 239 240 240 240 240 241 241 241 241 241 242 243 244 244 245 246 247 248 249 249 251 251 252 251 253 254 254 254 254 254 253 254 254 254 253 252 249 247 247 247 246 244 244 244 244 243 242 242 240 240 239 238 237 235 234 233 232 230 229 226 221 218 215 213
