data/bioclim/bclim2.asc
NCOLS 210 
NROWS 174 
XLLCORNER 27.125 
YLLCORNER -2.20833333333333 
CELLSIZE 0.0416666666666667 
NODATA_value -32768 
[rows 42 to 83 of 174, columns 94 to 187 of 210]
124 125 126 126 128 129 131 131 132 132 133 133 134 134 133 133 132 132 132 133 133 133 133 134 134 134 134 135 135 133 135 136 137 136 137 137 136 137 137 138 138 139 140 140 140 139 138 137 137 136 135 133 133 133 132 131 130 129 129 128 127 127 126 126 125 124 124 123 122 121 120 120 120 120 119 119 118 118 118 117 118 121 122 122 122 122 122 122 122 121 121 119 118 119
123 125 126 127 129 130 131 132 132 133 133 133 134 133 132 132 131 131 132 131 132 132 133 133 134 134 133 134 134 134 133 135 136 137 137 137 137 137 137 138 139 140 140 139 139 139 137 137 137 136 135 134 133 132 132 131 129 129 128 128 128 127 127 126 126 125 125 124 123 122 121 121 120 120 120 119 119 119 119 118 118 121 122 123 123 123 123 123 122 122 121 120 119 119
123 124 127 128 130 131 131 132 132 132 133 133 133 132 131 130 130 130 130 130 131 132 132 132 133 134 133 133 134 133 132 132 134 135 137 137 137 137 138 138 139 139 139 139 138 138 137 136 136 136 135 134 133 126 128 130 126 128 128 128 129 128 127 127 126 125 125 124 124 123 122 122 121 121 121 120 120 120 120 120 119 121 123 123 123 123 123 123 123 122 122 121 121 120
124 125 127 128 129 130 131 132 132 132 133 133 132 130 130 129 129 129 129 128 129 130 131 131 132 132 132 132 133 132 132 132 133 134 136 137 138 138 138 138 138 138 139 138 139 138 137 136 134 136 135 134 133 132 129 127 128 128 128 128 128 128 127 127 126 126 125 125 124 123 123 122 122 122 121 121 121 121 121 121 120 121 122 122 123 124 124 123 123 123 122 121 120 120
123 125 126 128 129 130 131 131 132 132 132 131 130 129 129 129 129 128 128 128 128 130 130 129 130 131 131 131 132 132 132 131 132 133 135 135 136 136 137 137 138 138 138 138 137 137 137 135 134 136 136 135 133 132 130 127 128 128 128 128 129 128 127 127 126 126 125 125 124 124 124 123 123 122 122 122 122 122 122 122 121 121 121 122 123 124 124 124 123 122 122 121 121 119
123 124 126 128 129 130 131 131 132 132 132 129 128 128 128 128 128 128 128 128 128 129 127 129 130 130 130 130 131 131 131 130 131 132 134 135 134 134 135 137 137 138 137 137 136 137 136 135 134 136 135 134 133 132 131 127 130 129 129 128 128 128 128 127 127 126 126 125 125 124 124 124 123 123 123 123 123 122 122 122 122 122 122 122 123 124 124 124 124 122 122 121 121 122
123 125 126 128 129 130 131 131 132 132 132 129 128 128 128 128 127 127 127 127 128 128 126 127 129 129 128 129 130 130 130 130 131 132 133 133 134 134 135 136 136 137 137 137 136 136 136 135 135 135 135 134 133 133 133 132 131 130 130 128 128 128 128 127 127 126 126 125 125 125 124 124 124 124 124 124 123 123 123 123 123 123 123 122 123 125 125 125 125 123 123 123 122 123
123 124 126 128 129 130 131 131 132 132 130 128 128 127 127 127 127 127 126 127 127 127 127 127 128 128 128 129 130 130 129 130 131 131 132 133 134 134 134 135 135 136 137 136 136 136 135 135 135 135 135 134 134 133 133 132 131 130 130 129 128 128 128 128 127 127 126 125 125 125 125 125 125 125 124 124 124 124 124 124 124 124 123 122 124 125 125 125 125 125 125 123 122 123
122 124 126 128 129 130 131 131 132 131 129 128 128 128 127 127 127 126 126 127 126 126 126 127 127 127 128 129 129 129 129 129 130 130 131 132 133 134 134 134 135 136 136 136 136 135 135 135 134 135 134 134 134 134 133 132 131 131 130 130 126 128 129 128 127 127 126 125 125 126 126 125 125 125 125 124 124 124 124 124 124 124 124 124 123 125 125 126 126 125 125 123 122 125
122 124 126 128 129 130 131 132 132 129 129 128 128 128 128 128 127 126 127 127 126 126 126 126 126 126 127 128 128 128 129 129 129 129 131 132 132 133 134 134 134 135 135 135 135 135 135 135 135 134 135 134 134 133 133 132 132 131 131 130 127 128 129 128 127 126 126 126 126 126 126 126 126 125 125 125 124 125 125 125 125 125 125 124 124 125 126 126 126 126 126 126 126 125
120 123 126 127 129 130 131 132 131 129 129 129 128 128 128 127 127 127 126 126 126 126 126 126 126 126 126 127 127 127 128 128 128 129 130 131 132 133 134 133 133 134 134 135 135 135 135 135 135 135 135 134 134 133 133 133 132 131 131 130 128 128 129 129 128 126 126 126 126 126 126 126 126 125 125 123 125 125 125 126 126 125 126 125 125 125 126 126 127 127 127 127 126 126
121 123 126 127 129 130 130 131 131 131 130 129 129 129 128 128 127 126 126 125 126 126 126 126 126 126 125 126 127 127 127 127 127 129 129 130 131 132 133 133 133 134 134 135 135 135 135 134 135 134 134 134 134 133 133 132 132 132 131 130 130 130 129 128 128 127 126 127 127 127 127 127 126 126 126 125 125 126 126 126 126 126 126 126 126 126 127 127 126 127 127 127 127 127
121 123 125 127 128 129 130 131 132 132 130 130 130 128 127 127 126 126 126 126 126 126 126 126 126 126 125 125 126 125 125 126 127 128 129 130 130 131 132 133 133 134 134 134 134 134 134 134 134 134 134 134 133 133 133 133 132 131 131 129 130 130 129 127 127 127 127 127 127 127 127 127 127 127 126 126 126 126 126 127 127 126 127 127 127 127 127 127 127 128 128 127 128 127
121 122 124 126 128 129 129 131 132 131 130 131 130 127 127 127 126 126 126 126 126 127 126 126 126 125 125 125 125 125 125 126 126 128 129 129 130 131 132 132 133 133 133 134 134 134 134 134 134 134 134 133 133 133 133 133 132 131 131 130 130 130 128 126 127 127 127 127 127 127 127 127 127 127 127 127 127 127 127 127 127 127 127 127 128 128 128 128 128 128 128 128 128 128
121 122 124 125 127 128 129 130 131 131 131 130 129 127 127 127 126 126 126 126 126 126 126 126 126 126 126 125 125 125 126 126 126 127 128 129 130 130 131 132 133 133 134 134 134 134 134 134 134 134 134 133 133 133 132 132 132 132 131 131 127 127 127 125 128 127 126 127 127 127 127 127 127 127 127 127 127 127 127 127 127 127 127 128 128 128 129 129 129 129 129 129 129 129
121 122 123 124 126 126 128 129 130 130 129 129 128 127 127 127 127 126 126 126 126 126 126 125 126 126 125 125 125 126 126 126 126 127 128 129 130 130 131 132 132 133 134 134 134 134 134 134 134 133 133 133 133 133 132 132 132 132 131 131 129 128 128 127 128 128 125 124 127 128 127 128 127 127 127 127 127 127 127 128 128 128 128 128 128 129 129 129 129 129 129 129 129 129
120 121 122 123 124 124 126 128 128 129 129 129 128 127 127 126 126 126 126 126 126 126 125 126 126 125 125 125 125 125 126 127 127 127 128 129 129 130 131 132 132 133 133 134 134 134 134 134 134 133 133 133 133 133 132 132 132 132 131 131 130 130 129 128 128 127 125 125 127 127 128 128 128 127 127 127 127 127 127 128 127 128 128 128 129 129 130 130 127 127 130 130 130 130
119 120 121 122 122 123 125 126 127 127 128 127 126 126 126 126 125 125 125 125 125 125 125 126 126 125 126 125 125 125 126 127 127 128 128 129 129 130 131 131 132 132 133 133 133 134 134 134 133 133 133 133 133 132 132 132 132 131 131 131 129 130 130 129 129 129 127 126 126 127 128 128 127 128 127 127 127 128 127 128 128 128 128 129 129 130 130 127 120 120 127 131 130 130
118 119 121 121 121 123 124 126 126 126 127 126 126 126 126 125 125 125 125 125 125 125 126 126 126 126 126 125 125 126 126 127 127 128 128 129 129 130 130 131 131 132 133 133 133 134 134 134 134 134 133 133 133 132 132 132 131 131 131 131 129 129 129 129 129 129 128 128 125 127 127 128 128 128 128 127 128 127 128 128 128 128 128 129 129 130 130 126 118 115 123 130 131 131
117 119 119 119 120 122 123 124 124 125 126 126 125 125 125 125 125 125 125 125 125 125 125 126 126 126 126 126 125 126 126 127 127 128 128 129 130 130 130 131 131 132 133 133 133 133 134 134 134 134 133 133 133 132 132 132 131 131 131 130 130 129 129 129 129 129 129 128 128 128 128 128 128 127 128 128 128 128 128 128 128 128 128 129 129 130 130 128 122 122 127 130 131 131
116 118 118 118 120 121 122 123 123 124 124 125 125 125 125 125 124 124 125 125 125 125 125 126 126 126 126 125 125 126 126 127 127 128 128 129 130 130 130 131 131 132 132 133 133 133 133 134 134 133 133 133 133 132 132 131 132 131 131 130 130 130 130 129 129 129 129 128 128 128 128 128 128 128 128 128 127 127 127 127 128 128 128 128 129 129 130 130 128 127 129 130 131 132
116 117 117 118 119 120 121 122 123 123 124 124 124 124 124 124 124 124 124 125 125 125 125 125 126 125 126 126 125 126 126 127 127 128 128 129 130 130 130 131 132 132 132 133 133 133 133 133 133 133 133 133 132 132 132 132 131 131 131 130 130 130 129 129 129 129 128 128 128 128 128 128 128 128 127 127 127 128 127 127 128 128 128 128 128 129 129 130 129 130 130 130 131 130
116 116 116 118 119 119 120 121 121 122 122 122 123 123 123 123 124 124 124 124 124 124 125 125 125 125 126 125 126 126 126 127 127 128 128 129 129 130 130 131 132 132 133 133 133 133 132 133 133 133 133 133 132 132 132 132 131 131 131 130 130 130 129 129 129 129 128 128 128 128 128 128 127 127 127 128 127 128 127 127 128 127 128 128 128 128 129 129 130 130 130 131 130 130
115 116 117 118 118 118 119 120 120 121 121 121 122 122 122 123 123 123 124 123 124 124 125 125 125 125 125 125 126 126 126 127 128 128 128 129 129 130 131 131 132 132 133 133 133 133 133 133 133 133 132 132 132 132 132 131 131 130 130 130 130 130 129 129 129 128 128 128 128 128 128 128 128 127 127 127 127 127 127 127 128 128 127 127 127 128 128 129 129 130 131 131 131 130
116 116 117 117 117 118 118 119 119 120 120 120 121 121 122 122 122 123 123 123 123 124 124 124 125 125 125 126 125 126 126 127 127 128 128 129 129 130 130 131 132 132 132 133 133 133 133 132 132 132 132 131 131 132 131 131 131 130 130 129 129 129 129 129 128 128 128 128 128 128 128 128 127 127 128 127 127 127 127 127 127 127 127 127 127 127 128 129 129 130 130 131 131 131
116 116 117 117 117 117 117 118 118 118 119 119 120 120 121 121 122 122 122 123 123 123 124 124 124 125 125 125 126 126 126 127 127 128 128 129 129 130 130 131 131 132 132 133 133 133 132 132 132 132 131 131 131 131 131 130 130 130 130 130 129 129 129 129 128 128 128 128 128 128 127 128 127 127 127 127 127 127 127 127 127 127 127 127 127 127 127 128 129 130 130 131 131 132
116 116 116 116 116 116 116 117 117 117 118 118 119 119 120 120 121 121 122 122 122 123 123 124 124 124 125 125 125 126 126 126 127 127 128 129 129 130 130 131 131 131 132 132 132 132 132 132 132 132 131 131 130 130 130 130 130 130 129 129 129 129 129 128 128 128 128 128 128 128 127 127 127 127 127 127 127 127 127 126 127 127 127 127 127 128 128 128 129 130 131 131 132 132
116 116 116 116 115 115 115 115 116 116 117 117 118 119 119 120 121 121 122 122 122 122 123 123 124 124 124 125 125 126 126 126 127 127 128 128 129 129 130 130 131 131 132 132 132 132 132 132 132 131 131 131 130 130 129 129 129 129 129 129 129 128 128 128 128 128 128 128 127 127 127 127 127 127 127 127 127 126 127 126 127 127 127 128 128 128 128 129 129 130 131 131 132 133
116 116 116 114 114 114 114 114 115 115 116 116 117 118 118 119 120 120 121 122 122 122 123 123 123 124 124 124 125 125 126 126 127 127 128 128 129 129 129 130 130 131 131 131 131 132 131 131 131 131 131 130 130 130 129 129 128 129 128 128 128 128 128 127 127 127 127 127 127 127 127 127 127 127 127 126 126 126 125 125 127 127 128 128 128 128 128 129 129 130 131 132 132 133
115 115 115 113 113 112 113 113 113 114 115 115 116 117 118 118 119 120 121 121 122 122 122 123 123 124 124 124 125 125 126 126 127 127 127 128 128 129 129 129 130 130 130 131 131 131 131 131 131 131 130 130 130 129 129 129 128 128 128 128 128 127 127 127 127 127 127 127 127 127 127 127 127 127 127 127 127 123 122 126 127 128 128 128 128 129 129 129 130 131 131 132 133 134
114 113 112 112 111 111 111 112 112 113 114 114 115 116 117 118 119 120 121 121 122 122 122 123 123 124 124 124 124 125 125 126 126 127 127 127 128 128 129 129 130 130 130 130 130 130 131 131 131 130 130 130 129 129 129 129 129 128 128 128 127 127 127 127 127 127 127 127 127 127 127 127 127 127 127 127 127 125 126 127 128 128 128 129 129 129 130 130 130 131 132 133 134 134
112 112 111 111 110 110 110 110 111 111 113 113 114 115 117 119 119 120 121 121 121 122 122 123 123 123 124 124 124 125 125 126 126 127 127 127 128 128 128 129 129 129 129 130 130 130 130 130 130 129 130 129 129 128 129 128 128 128 128 127 127 127 127 127 127 127 127 127 127 127 126 127 127 127 127 127 127 127 127 128 128 128 128 129 129 130 130 131 131 132 133 133 134 135
112 111 110 110 109 109 109 109 110 110 111 113 114 116 118 119 119 120 121 121 122 122 122 123 123 123 124 124 124 125 125 126 126 126 127 127 127 128 128 128 128 129 129 129 129 129 130 130 129 129 129 129 129 128 128 128 128 128 128 127 127 127 127 127 126 127 126 127 127 126 126 127 127 127 127 127 127 127 127 128 128 128 129 129 129 130 130 131 131 132 133 134 135 135
111 110 110 109 108 108 108 108 108 110 111 113 115 118 118 119 120 120 121 121 122 122 122 122 123 123 123 124 124 124 125 125 126 126 126 127 127 127 127 128 128 128 128 129 129 129 129 129 129 129 129 128 128 128 128 128 128 128 127 127 127 127 127 127 126 127 126 126 126 126 126 126 127 127 127 127 127 127 128 128 128 129 129 129 130 130 131 131 132 133 133 134 135 136
111 110 109 108 108 107 106 106 108 109 112 116 117 118 119 120 120 120 121 121 122 122 122 122 123 123 123 124 124 124 125 125 125 125 126 126 127 127 127 127 128 128 128 128 128 128 129 129 128 128 128 128 128 128 127 127 127 127 127 127 126 126 126 126 126 126 126 126 126 126 126 127 126 127 127 127 127 128 128 128 128 129 129 129 130 130 131 132 132 131 130 135 136 136
111 110 109 108 107 107 106 106 109 114 116 117 118 118 119 120 120 121 121 121 122 122 122 122 123 123 123 123 124 124 124 124 125 125 126 126 126 127 127 127 127 127 128 128 128 128 128 128 128 128 128 127 127 127 127 127 127 127 127 127 126 126 126 126 126 126 126 126 126 126 126 126 126 126 127 127 127 127 128 128 129 129 129 130 131 131 131 131 131 126 128 135 136 137
111 110 109 109 108 107 106 108 114 116 117 118 119 119 120 120 121 121 121 121 122 122 122 122 123 123 123 123 123 124 124 124 125 125 125 126 126 126 126 127 127 127 127 128 128 128 127 128 128 127 127 127 127 127 127 127 127 127 126 126 126 125 125 126 126 126 126 126 126 126 126 126 126 127 127 127 127 127 128 128 128 129 130 130 131 131 132 128 127 132 135 136 137 138
111 110 110 109 108 108 109 114 116 117 118 118 119 119 120 121 121 121 121 121 121 122 122 122 122 122 123 123 123 123 123 124 124 125 125 126 125 126 126 126 126 127 127 127 127 127 127 127 127 127 127 127 127 127 127 127 127 126 126 126 126 125 125 126 126 126 126 126 126 125 126 126 126 126 127 127 127 128 128 128 129 129 130 130 131 132 132 131 129 135 136 137 138 139
111 111 110 109 109 111 115 116 117 118 118 119 119 120 120 121 121 121 121 121 121 122 122 122 122 122 122 123 123 123 123 124 124 125 125 125 125 125 126 126 126 126 126 126 126 127 127 127 127 127 126 127 126 126 126 126 126 126 126 126 125 125 125 125 125 125 125 126 125 126 126 126 126 126 126 127 127 127 128 128 129 129 130 130 131 132 133 134 134 135 136 137 138 139
112 111 110 110 112 116 117 117 118 118 119 119 119 120 120 121 121 121 121 121 121 121 121 121 122 122 122 122 123 123 123 123 124 124 124 124 124 125 125 125 126 126 126 126 126 126 126 126 126 126 126 126 126 126 126 126 126 126 126 125 125 125 125 125 125 125 125 125 125 125 126 126 126 126 126 127 127 127 128 128 129 129 130 131 131 132 133 134 135 136 137 138 139 140
112 111 111 114 116 117 118 118 118 119 119 119 120 120 121 121 121 121 121 121 121 121 121 121 122 122 122 122 123 123 123 123 124 124 124 124 124 125 125 125 125 125 125 125 126 126 126 126 126 126 126 126 126 125 125 125 126 125 125 125 125 125 125 125 125 125 125 125 125 125 125 126 126 126 126 127 127 127 128 128 129 129 130 131 132 133 133 135 136 136 138 139 140 141
112 113 115 117 117 118 118 119 119 119 120 120 120 120 120 120 120 120 121 121 121 121 121 121 121 121 122 122 122 123 123 123 123 124 124 124 124 124 124 125 125 125 125 125 125 125 125 125 125 125 126 125 125 125 125 125 125 125 125 125 124 125 125 125 125 125 124 124 125 125 125 125 125 126 126 127 127 127 128 128 129 130 130 131 132 133 134 135 136 137 138 140 141 142
