data/bioclim/bclim2.asc
NCOLS 210 
NROWS 174 
XLLCORNER 27.125 
YLLCORNER -2.20833333333333 
CELLSIZE 0.0416666666666667 
NODATA_value -32768 
[rows 126 to 167 of 174, columns 0 to 93 of 210]
105 106 106 106 106 107 107 107 108 108 108 109 109 109 110 110 110 111 111 111 112 112 112 112 113 113 113 113 113 114 114 114 114 115 115 115 115 116 116 116 116 117 116 116 116 115 115 113 109 108 107 106 105 106 108 117 121 121 122 122 123 123 123 124 124 125 125 125 125 126 126 124 123 123 121 121 122 118 118 121 118 117 120 121 120 121 120 121 120 119 119 119 118 118
106 106 106 106 106 106 107 107 108 108 108 109 109 109 110 110 110 110 111 111 112 112 112 113 113 113 113 113 114 114 114 114 114 114 114 115 115 115 116 116 116 116 117 114 116 114 112 109 107 107 107 107 106 106 113 119 122 122 122 122 123 123 124 124 125 125 125 125 125 126 124 122 123 122 120 120 121 120 116 118 115 117 120 121 121 121 121 121 120 120 119 119 119 118
106 106 106 106 106 106 107 107 108 108 108 109 109 109 109 110 110 110 111 111 111 112 112 113 113 113 113 113 114 114 114 114 114 115 115 115 115 115 116 116 116 116 114 113 111 112 112 110 107 107 107 106 106 109 117 120 122 122 122 123 123 123 124 124 125 125 124 125 125 125 122 121 122 123 121 119 120 118 116 116 118 120 121 121 121 121 121 121 120 120 119 119 119 119
106 106 106 106 106 106 107 107 107 108 108 108 109 109 109 110 110 110 111 111 112 112 112 112 113 113 113 113 114 114 114 114 115 115 115 115 115 115 114 115 114 115 114 111 109 112 113 110 107 107 108 107 111 116 120 122 122 122 123 123 123 124 124 124 125 125 124 125 125 125 122 121 122 122 122 120 118 118 118 118 118 120 121 121 121 121 121 121 120 120 120 120 120 119
106 106 106 106 106 107 107 107 107 107 108 109 109 109 109 110 110 110 111 111 111 112 112 112 112 113 113 113 114 114 114 115 115 115 115 114 115 115 115 115 115 115 114 112 110 112 112 109 107 108 110 107 116 118 122 122 123 123 123 123 123 124 124 125 125 125 125 125 125 123 122 122 122 123 122 120 119 118 118 119 119 120 120 121 121 121 121 121 121 120 120 120 120 120
106 106 106 106 106 107 107 107 107 107 108 108 109 109 109 110 110 110 110 111 112 111 112 112 112 113 113 113 114 114 114 114 115 115 115 112 113 114 115 114 115 113 114 112 111 112 112 109 109 107 111 113 115 121 122 122 123 123 123 123 124 124 124 124 125 125 125 125 125 123 122 121 122 122 123 121 119 119 119 121 121 121 121 121 121 121 121 121 121 121 121 121 121 121
105 106 106 106 107 107 107 107 108 107 108 108 108 109 109 109 110 110 110 111 112 111 112 112 112 113 113 113 113 113 114 114 115 115 115 114 114 113 114 113 114 113 112 111 112 112 112 109 110 108 108 117 120 122 122 122 123 123 123 124 124 124 124 125 125 125 125 125 125 123 121 121 121 121 122 121 121 121 121 121 122 122 121 121 121 121 121 121 122 122 121 122 122 121
105 106 106 106 106 107 107 107 107 108 108 108 108 108 109 109 109 110 110 111 111 112 112 112 113 112 113 113 112 113 114 114 115 115 115 115 114 113 112 112 112 111 111 111 112 112 113 109 111 113 113 118 121 122 122 123 123 123 124 124 124 124 125 125 125 125 125 124 123 122 122 121 121 121 121 121 121 121 122 122 122 122 122 121 121 120 121 122 122 122 122 122 122 122
105 106 106 106 106 107 107 107 107 107 108 108 108 108 109 109 109 110 110 111 111 111 112 112 112 112 112 113 113 113 114 114 114 114 113 113 114 113 112 111 112 111 111 111 111 111 112 114 115 116 116 116 122 122 123 123 123 124 124 124 124 124 125 125 125 125 125 124 122 122 122 121 122 122 122 122 122 122 122 122 122 122 122 122 121 122 121 121 121 121 121 122 122 122
105 106 106 106 106 107 107 107 107 108 108 108 108 108 108 109 109 110 110 111 110 111 111 112 112 112 112 113 113 113 114 114 114 114 114 114 114 112 111 109 111 111 112 110 111 110 110 115 116 116 116 118 122 122 123 123 123 124 124 124 124 124 125 125 125 125 125 123 122 122 121 122 122 122 122 122 122 122 122 123 122 122 122 122 122 122 122 122 122 122 121 123 123 122
105 105 105 105 106 106 107 107 107 107 106 107 107 108 108 109 110 110 110 111 111 111 112 112 112 113 113 113 113 113 114 114 113 113 114 114 113 112 110 110 110 111 112 111 111 110 112 116 116 114 117 120 122 123 123 123 123 124 124 124 124 124 125 125 125 125 124 123 122 122 122 122 122 123 123 122 122 123 123 123 123 122 122 122 122 122 122 122 122 123 122 123 123 123
105 105 106 106 106 106 106 106 106 106 107 107 107 107 107 108 110 110 109 110 110 111 111 112 112 112 113 113 114 113 114 113 113 113 113 113 113 114 109 108 111 111 112 111 111 111 115 116 116 114 118 122 122 123 123 123 124 124 124 124 124 125 125 125 125 125 124 123 122 122 122 122 123 123 123 123 123 123 123 122 121 121 121 122 122 122 123 123 122 124 124 124 124 123
105 105 105 105 106 106 106 107 108 108 108 109 109 109 108 109 110 110 110 110 110 110 111 112 113 111 111 112 112 111 112 112 112 114 115 115 113 110 111 107 109 111 112 112 113 115 116 116 115 114 120 122 122 123 123 123 124 124 124 124 124 124 124 124 124 124 123 122 122 123 123 123 123 122 121 122 121 122 123 122 121 121 120 120 121 122 123 124 122 123 124 124 124 124
105 105 105 105 105 106 107 108 107 108 109 109 109 109 108 109 110 110 110 108 109 110 110 112 113 112 112 112 110 110 112 113 115 115 115 114 113 112 110 108 111 111 112 112 113 115 117 117 115 114 120 122 123 123 123 123 124 124 124 124 124 124 124 124 124 123 123 122 122 123 123 123 124 123 122 123 123 123 121 121 121 122 120 120 121 122 122 122 122 123 124 124 124 123
105 105 106 106 106 105 106 107 107 108 108 108 109 110 109 109 110 110 108 110 111 111 112 112 112 112 113 112 112 112 113 115 115 114 113 113 112 112 111 109 110 111 111 112 115 116 117 116 115 114 121 122 122 123 123 123 123 124 124 124 124 124 124 124 123 124 123 123 123 123 124 123 123 124 123 123 123 122 123 123 123 123 120 121 120 122 121 121 124 124 124 124 122 121
106 105 106 106 106 106 107 107 108 108 109 109 109 109 110 109 110 109 109 110 111 111 112 113 113 113 113 113 114 114 113 113 112 111 111 111 111 112 112 112 110 109 110 114 115 116 116 115 114 116 121 122 122 123 123 123 124 124 124 124 124 124 123 123 123 123 124 124 124 124 124 124 124 123 124 124 123 123 122 122 122 123 121 122 121 120 121 123 123 124 123 122 121 121
106 106 107 106 107 107 107 108 109 109 109 109 110 110 110 110 110 110 111 110 109 110 111 112 112 112 113 113 113 112 111 112 112 113 115 116 115 115 116 113 110 111 115 115 115 114 114 115 115 119 121 121 122 123 123 124 124 124 123 123 124 124 123 123 123 122 124 125 124 125 125 125 124 124 124 124 124 124 123 123 124 124 121 123 123 121 121 124 121 121 123 121 121 123
106 106 107 107 108 108 108 108 108 108 109 110 110 109 110 110 111 110 110 110 111 112 112 113 112 111 111 111 112 111 113 113 113 113 114 115 116 114 111 109 112 114 114 112 113 113 114 114 116 120 121 120 120 123 123 124 124 124 123 123 124 123 123 122 121 121 122 123 124 124 124 124 125 125 125 124 123 123 124 124 124 123 121 123 124 122 123 123 121 121 123 121 123 123
106 106 107 107 108 107 108 108 108 109 109 109 109 110 110 110 111 110 110 110 111 111 112 112 112 113 113 113 114 114 114 114 115 115 115 115 116 116 115 115 114 114 115 113 113 113 114 115 118 120 121 118 117 123 123 124 124 123 123 122 122 122 122 122 118 117 120 122 124 123 124 124 124 124 125 125 124 123 124 124 124 124 122 123 123 122 123 124 122 124 123 120 121 123
106 106 106 107 107 107 108 108 108 108 108 109 109 110 110 110 111 111 111 111 111 112 112 111 112 112 114 114 113 114 114 115 115 114 113 115 112 116 113 114 114 112 112 115 114 113 114 116 117 120 120 118 117 123 123 123 123 123 123 122 118 119 118 118 120 116 119 123 120 121 124 124 124 125 125 125 124 124 123 124 124 124 124 124 123 124 123 121 123 124 123 122 121 122
106 106 106 107 107 107 108 108 108 108 109 109 109 109 110 110 110 110 110 110 111 112 112 111 110 111 112 114 114 113 114 114 114 113 112 111 115 116 115 113 109 112 110 112 115 115 114 116 116 119 119 118 121 123 123 123 123 124 123 121 118 115 115 114 113 118 117 119 123 121 121 124 124 125 124 124 124 124 124 124 124 124 124 124 124 123 121 121 120 122 122 123 122 121
106 106 106 107 107 108 108 108 108 108 109 109 109 109 110 110 110 110 110 111 111 111 112 112 111 112 113 113 114 114 114 114 114 114 113 115 116 115 113 113 108 109 107 108 113 116 116 117 117 119 118 117 121 123 123 123 123 123 122 121 118 115 116 113 115 118 120 118 118 122 122 123 123 124 124 124 124 124 124 124 123 124 124 123 123 122 122 121 120 121 119 120 122 121
106 106 107 107 108 108 108 108 108 109 108 109 109 109 110 110 110 111 111 111 111 111 111 111 112 111 113 113 113 110 112 113 114 115 112 113 114 111 112 110 110 109 108 108 113 115 115 116 117 117 117 115 121 122 123 123 123 122 121 121 120 119 117 117 121 120 117 121 120 120 123 123 123 123 124 124 124 124 123 123 123 123 123 123 122 120 121 122 120 120 121 119 120 122
106 107 107 107 107 108 108 108 108 109 109 109 109 109 110 110 111 111 110 110 111 112 112 111 110 112 113 111 113 113 110 113 114 114 113 110 112 114 115 111 113 109 108 108 112 114 115 114 114 115 114 118 122 122 122 123 122 121 121 121 120 121 117 115 119 118 115 121 121 119 123 122 122 123 123 124 124 123 123 123 123 123 123 123 122 118 120 121 121 121 121 120 119 120
106 106 106 107 107 107 108 108 108 109 109 109 109 109 109 110 111 111 111 110 111 112 112 112 112 113 113 108 110 112 113 114 113 112 111 110 107 110 113 114 112 109 109 108 109 114 114 113 112 110 112 120 121 122 122 122 122 121 121 119 120 121 121 115 115 120 118 120 122 122 121 121 121 123 123 123 123 123 123 123 122 122 121 120 120 120 119 121 120 120 120 119 119 117
105 106 106 107 107 107 107 108 109 109 109 109 110 110 110 110 111 112 111 111 111 112 112 112 112 112 112 109 109 111 111 112 111 111 112 111 109 106 113 113 113 114 110 108 109 112 113 112 109 110 117 119 121 121 122 122 121 121 120 120 120 120 120 117 111 115 121 120 122 122 122 121 121 123 123 123 123 123 122 122 122 121 121 121 122 121 119 121 119 118 118 118 118 117
105 105 106 106 107 107 108 108 108 109 109 109 109 110 110 111 111 111 112 112 111 112 112 113 112 112 113 113 112 112 112 111 111 110 110 111 109 108 113 112 111 113 112 113 112 110 111 110 108 113 115 118 120 121 121 121 117 116 117 116 116 117 118 120 114 113 118 120 119 122 121 122 122 123 123 123 123 122 122 122 122 121 121 121 122 121 119 120 119 117 118 117 118 117
105 105 106 107 106 107 107 108 109 108 109 109 110 110 110 111 111 111 112 111 111 112 112 112 112 113 112 111 112 112 112 111 110 110 109 109 108 108 110 112 111 111 108 112 110 108 109 108 107 107 111 116 119 119 118 117 110 109 110 108 108 108 116 119 116 112 118 118 117 121 120 120 122 123 123 122 122 122 122 121 121 121 121 121 121 120 119 119 119 118 117 117 117 116
105 105 105 106 107 107 107 108 108 108 108 109 110 110 110 110 111 111 112 112 110 111 113 113 113 112 111 112 111 114 114 113 110 109 110 111 108 108 108 110 111 106 108 106 109 106 106 108 105 99 103 112 116 117 113 108 105 105 102 101 100 99 115 119 115 115 117 117 119 120 119 120 122 122 122 122 121 121 121 121 121 120 121 120 120 120 120 118 118 118 118 117 117 116
104 104 105 106 106 106 107 108 108 108 108 109 109 110 110 110 111 111 112 111 111 111 112 113 113 112 112 110 110 112 115 114 113 111 112 111 109 106 104 108 108 106 107 106 102 102 107 108 106 101 103 109 113 113 102 100 99 102 107 110 112 114 117 119 118 116 114 116 118 119 118 120 121 122 122 122 121 121 121 120 120 120 120 120 120 120 119 119 119 118 118 117 117 116
104 105 105 104 105 106 107 108 108 109 108 109 109 110 110 110 111 111 112 112 112 112 112 113 113 111 112 112 109 111 114 113 112 113 114 112 111 108 105 104 103 105 106 105 101 103 110 110 108 106 103 105 111 110 99 92 93 101 110 115 117 118 120 119 117 115 115 114 115 118 119 118 119 121 121 121 120 120 120 120 119 119 119 118 119 119 118 118 117 117 116 116 115 115
105 105 105 105 105 106 107 107 108 108 107 108 109 109 110 111 111 111 111 112 112 112 112 113 113 113 112 113 109 107 112 114 112 113 113 107 109 108 104 102 103 103 106 104 101 104 111 111 110 108 99 99 109 108 100 90 90 100 111 116 118 118 119 117 116 115 115 114 113 117 117 117 119 120 121 120 120 120 119 119 118 119 119 118 118 118 118 118 116 117 116 115 115 114
106 105 106 106 106 106 106 107 107 108 109 108 109 108 109 110 110 111 111 112 112 112 113 113 113 113 113 112 113 111 112 112 112 109 112 108 108 107 107 103 102 101 101 101 101 110 113 113 112 111 107 107 110 107 101 98 97 105 109 116 119 118 117 115 113 115 114 114 115 117 116 117 118 119 120 120 119 120 119 118 119 118 118 117 116 116 117 117 116 115 115 115 114 113
106 106 106 107 106 105 106 106 107 108 109 108 108 108 109 110 110 111 111 112 112 113 113 112 113 111 113 113 114 113 112 111 112 111 107 107 106 106 106 102 98 95 96 98 101 111 114 114 114 113 112 111 110 106 104 102 103 106 106 112 118 118 117 113 111 114 115 114 113 115 115 116 118 117 119 119 119 119 118 118 118 118 118 117 116 117 117 117 116 115 115 114 114 113
106 106 106 105 106 105 105 106 106 107 108 107 107 108 108 108 109 110 111 111 111 112 113 113 111 112 112 112 113 113 110 110 109 112 110 108 109 109 110 104 98 94 95 94 103 112 113 113 114 114 113 113 112 107 102 100 102 104 106 112 118 116 115 116 118 117 117 117 116 115 117 115 116 117 118 118 118 118 117 118 118 117 117 117 116 117 117 116 116 115 115 113 113 114
105 105 105 106 105 105 105 105 106 107 106 107 107 108 108 107 107 109 110 110 110 111 111 113 113 112 112 111 111 114 114 112 110 112 113 113 112 112 112 109 101 93 93 93 107 112 112 114 114 115 114 113 112 108 98 97 99 104 108 112 118 115 111 116 118 117 115 115 117 116 117 116 115 116 116 117 117 117 118 118 118 116 116 117 116 116 116 116 115 115 114 113 112 113
105 104 104 105 105 104 105 104 105 106 105 106 106 107 107 107 107 107 108 109 109 110 111 111 112 112 111 110 110 112 114 113 113 112 111 113 113 112 109 99 95 92 92 95 107 111 113 114 115 115 115 114 111 109 103 98 100 104 106 112 117 116 115 117 115 116 115 116 115 116 118 117 116 115 117 116 116 117 117 117 117 117 116 116 116 115 115 115 115 113 114 112 111 112
105 105 104 104 104 104 104 104 104 105 105 105 106 106 107 108 107 107 107 108 109 109 109 111 112 110 110 110 109 113 115 114 114 112 108 110 112 112 110 102 96 94 93 94 107 112 114 114 115 115 115 114 110 105 102 98 100 104 105 111 116 114 115 117 114 115 116 114 114 115 117 118 117 116 116 116 116 116 117 116 115 115 115 115 115 114 114 115 114 113 113 112 111 112
104 105 104 104 104 105 104 103 103 103 105 105 105 106 107 108 107 107 107 107 108 109 109 111 112 113 112 110 109 110 113 115 114 109 104 107 107 108 110 105 93 92 92 95 105 112 113 114 114 115 115 114 109 105 101 99 100 106 108 113 116 115 111 118 116 115 117 114 115 115 116 117 117 117 116 117 116 116 116 116 115 115 114 114 115 114 114 114 114 113 111 111 111 111
106 105 104 104 104 103 104 104 103 103 104 105 105 106 106 108 107 107 107 106 107 108 109 111 112 112 114 110 109 110 109 114 111 110 106 105 104 104 106 98 94 95 89 95 105 113 113 113 114 115 115 115 110 105 102 98 100 106 107 111 115 115 112 117 118 117 117 117 115 115 117 117 117 116 116 116 116 116 116 115 115 114 114 114 115 114 114 114 114 113 111 111 111 110
104 106 104 104 103 103 102 103 103 103 103 105 105 106 106 107 108 107 107 107 108 108 109 111 111 110 112 111 109 110 110 114 114 113 108 104 103 102 98 91 89 92 89 95 110 113 112 112 113 114 114 114 110 109 105 98 99 103 107 111 114 115 113 116 116 115 115 117 117 115 117 117 116 116 115 116 115 116 115 115 114 114 114 114 114 114 114 114 113 113 112 111 111 110
104 106 105 104 103 103 103 103 103 103 104 105 105 105 106 107 108 106 106 107 108 109 109 111 112 110 110 109 110 110 110 114 114 113 108 103 102 104 97 87 89 87 93 106 114 113 112 112 112 114 114 114 113 111 104 99 101 105 108 110 115 113 113 115 115 115 114 115 116 116 117 117 117 116 117 116 114 115 115 114 114 113 113 114 113 113 114 113 112 112 111 111 110 109
