data/bioclim/bclim7.asc
NCOLS 210 
NROWS 174 
XLLCORNER 27.125 
YLLCORNER -2.20833333333333 
CELLSIZE 0.0416666666666667 
NODATA_value -32768 
[rows 84 to 125 of 174, columns 0 to 93 of 210]
127 128 128 129 130 129 130 130 130 130 130 131 131 131 131 131 131 132 131 131 132 132 133 132 132 133 132 133 133 133 134 133 134 135 135 135 136 136 136 135 136 136 136 137 137 138 138 138 139 139 139 140 140 141 141 141 142 142 143 143 144 145 146 146 147 147 147 146 145 144 142 142 140 139 139 139 138 137 140 140 141 141 140 140 140 140 140 139 140 140 139 139 140 138
128 128 128 129 128 129 130 130 130 130 130 130 131 131 130 131 131 131 131 131 132 132 133 133 132 132 132 133 133 134 134 133 134 134 134 136 136 136 136 136 136 136 136 137 137 138 138 138 139 138 139 140 140 141 141 141 141 141 143 144 144 145 146 146 148 147 147 146 145 145 143 141 140 140 140 139 138 140 142 141 141 141 141 141 141 140 140 139 140 141 140 140 140 141
127 128 127 128 128 128 129 129 130 130 130 130 130 130 130 131 130 131 131 132 132 132 133 132 132 133 133 132 133 134 134 134 134 134 134 135 135 135 135 136 136 136 137 137 137 137 137 138 139 139 139 139 139 140 141 141 142 142 143 144 144 145 145 146 148 148 148 146 144 144 142 141 140 139 139 138 138 142 142 141 142 141 141 141 142 141 140 140 140 140 140 141 141 144
127 127 127 128 128 128 128 129 130 130 129 129 130 130 131 131 131 131 131 132 132 132 133 132 132 133 133 133 133 133 133 134 133 134 134 134 134 136 136 136 135 136 136 136 137 137 137 137 139 138 139 139 139 140 140 142 142 142 142 143 144 145 146 146 147 147 146 145 145 142 140 139 139 139 139 138 141 142 142 142 142 142 140 141 141 141 141 140 141 141 141 143 143 145
127 127 127 128 127 128 128 128 129 129 130 130 130 130 130 131 131 131 131 131 131 132 133 133 132 132 133 133 133 133 134 134 133 134 134 134 134 134 136 135 135 136 135 136 136 137 138 137 138 138 139 139 139 139 140 142 142 141 142 143 143 145 145 146 145 144 146 145 144 142 139 139 139 139 138 139 141 142 142 142 142 143 140 141 141 142 141 141 140 143 143 144 144 145
127 127 127 127 127 128 127 127 128 128 130 130 130 130 130 130 131 130 131 131 131 132 132 132 132 132 133 133 132 132 134 133 134 133 134 133 134 134 135 135 135 136 136 135 136 136 137 137 137 138 138 138 139 140 140 141 141 142 142 142 143 144 145 145 145 143 144 144 144 139 138 138 139 139 138 139 141 142 142 142 142 143 141 141 141 142 142 141 141 143 143 144 144 144
126 127 126 127 127 128 128 127 128 128 128 129 129 130 130 130 130 131 131 131 131 131 131 132 132 132 133 132 132 133 133 133 133 133 133 133 134 134 134 135 136 136 136 135 136 136 136 137 137 137 137 138 139 139 139 140 141 141 141 142 143 143 144 144 143 142 142 142 142 139 138 139 138 138 138 141 143 143 143 142 142 142 142 141 141 141 142 142 142 143 143 143 144 144
125 126 126 127 127 127 128 128 128 128 128 128 128 128 129 129 130 131 130 131 131 130 131 131 131 131 132 132 132 133 133 133 133 134 133 134 133 134 134 134 136 135 135 136 136 136 136 137 137 137 137 138 138 139 139 140 140 141 142 141 142 142 143 143 140 139 140 143 140 138 138 139 139 139 140 142 143 142 142 141 142 142 143 141 142 141 141 142 142 143 143 143 144 144
126 126 126 126 126 127 127 128 128 128 128 128 127 128 128 129 130 129 130 130 130 131 130 131 132 132 132 132 132 132 132 133 133 133 133 134 133 134 133 134 135 135 135 136 136 136 136 136 136 136 137 137 137 138 139 140 139 140 140 141 141 141 142 143 141 140 141 143 142 139 139 139 139 139 140 142 143 142 142 142 141 142 143 142 141 142 141 142 142 142 143 143 143 143
126 126 126 126 126 126 126 127 128 127 128 128 128 128 128 128 128 129 130 130 130 131 131 131 132 130 131 131 132 132 132 132 133 132 133 133 134 134 134 134 135 135 134 135 135 136 135 135 136 137 137 137 137 138 139 139 140 139 140 139 140 140 142 142 141 141 142 141 140 139 140 140 139 140 142 142 143 142 141 142 142 142 142 143 141 141 142 142 141 142 142 142 143 143
125 125 126 126 125 126 126 126 128 128 128 128 127 128 128 129 128 129 128 129 130 131 130 131 130 131 131 130 131 132 131 132 132 132 133 133 133 133 134 134 134 134 134 134 135 135 135 136 137 136 137 136 136 138 138 139 139 139 139 139 139 140 141 142 141 141 141 140 140 141 141 141 142 142 143 143 142 142 141 141 142 143 142 142 142 141 141 142 141 142 142 142 142 142
125 125 126 126 125 126 126 127 126 128 127 127 128 128 128 129 128 128 129 129 129 130 131 131 130 131 131 131 131 131 131 131 132 132 133 134 134 133 133 133 134 134 133 134 135 135 135 135 136 136 136 137 137 136 136 137 137 138 138 138 139 139 139 139 140 139 140 138 141 143 142 143 143 143 142 142 143 143 142 142 142 142 142 142 141 141 141 143 142 141 142 142 142 141
125 125 125 125 125 126 126 126 126 126 127 127 128 128 128 128 128 128 128 128 129 130 130 130 130 130 131 130 131 131 131 131 131 132 132 133 134 133 133 133 133 133 133 134 133 134 134 135 135 135 136 136 136 137 137 137 137 136 136 137 138 138 138 138 139 137 137 138 141 143 142 143 143 143 143 143 142 143 143 142 142 142 142 141 141 141 141 142 141 141 140 141 141 142
125 125 125 125 125 126 126 126 126 125 126 127 128 127 127 128 128 128 128 128 128 129 130 130 131 130 131 131 130 131 132 131 131 131 132 131 133 133 133 134 133 133 133 133 133 133 134 133 134 135 134 136 135 136 136 136 136 136 136 136 137 137 137 137 137 137 137 140 142 142 143 143 142 143 142 143 143 143 142 142 142 142 142 141 140 141 141 141 140 140 140 141 141 140
124 124 125 125 125 125 126 126 125 126 126 126 127 127 127 127 128 128 128 128 128 129 129 129 131 130 130 130 130 131 131 131 131 131 131 131 132 132 133 133 133 133 133 133 133 133 133 133 133 134 134 135 134 134 135 135 136 136 136 135 136 135 136 136 136 137 138 141 142 142 143 142 142 143 142 142 143 142 142 142 142 141 141 140 141 141 140 141 140 140 141 140 139 140
124 124 125 125 125 126 126 126 126 126 126 127 127 127 127 128 128 128 128 128 129 129 129 130 130 130 130 129 130 130 130 130 131 131 131 131 131 131 132 132 133 133 133 133 133 133 133 133 133 133 133 134 134 134 134 134 135 135 134 134 133 134 135 136 136 137 140 141 141 143 143 142 143 142 142 143 143 142 142 141 141 140 141 141 140 140 140 140 140 139 140 139 139 139
123 124 124 124 125 125 125 125 126 125 126 126 127 127 127 127 127 128 128 128 128 128 129 129 129 129 129 129 130 129 130 130 130 130 131 131 131 130 131 132 133 132 132 133 133 133 133 133 133 133 134 133 133 133 133 133 134 133 134 133 132 134 135 137 139 139 140 140 141 142 143 142 142 142 141 142 143 143 142 142 141 141 140 140 140 139 141 141 140 140 140 139 138 139
123 124 124 124 124 125 125 126 125 125 125 126 126 127 127 127 126 127 128 128 129 128 128 128 129 129 128 129 129 130 130 130 130 131 131 131 131 131 131 131 131 131 132 132 132 132 132 133 133 132 132 132 132 132 132 132 132 132 132 132 132 135 137 138 139 140 141 141 141 142 142 143 142 140 142 142 142 142 142 141 141 141 140 139 139 139 139 139 140 140 139 139 138 138
123 124 123 124 124 124 124 125 125 125 125 126 126 127 127 126 126 127 127 127 128 128 128 129 128 129 129 129 130 129 130 130 130 130 130 130 131 130 131 131 131 131 131 131 131 131 132 133 132 132 131 131 131 130 131 131 131 131 130 132 135 136 137 138 139 139 140 141 141 141 140 141 140 139 141 142 142 142 143 142 142 141 140 139 139 139 138 139 140 140 139 139 138 135
123 123 123 124 124 124 124 124 125 125 125 126 126 127 127 126 127 127 126 127 127 128 128 128 128 128 129 129 129 129 129 129 129 130 130 130 130 131 130 131 131 131 130 131 130 131 131 131 131 132 131 131 130 131 131 130 130 130 131 133 135 137 137 137 138 139 140 140 141 140 140 141 135 138 142 143 143 143 142 142 142 141 139 139 139 139 139 139 139 138 139 138 136 135
122 122 123 124 123 124 124 124 125 125 125 125 125 126 127 127 126 126 126 127 127 127 128 128 128 128 128 129 129 129 129 129 129 129 130 129 130 130 131 130 131 130 131 131 131 130 130 131 131 131 131 131 130 131 130 129 128 128 132 134 135 136 138 136 138 138 138 139 140 141 139 137 131 140 142 144 144 143 142 142 141 141 139 139 139 138 138 139 139 137 138 138 136 136
122 122 123 123 123 124 124 124 124 124 125 125 125 126 126 127 127 126 126 126 128 127 128 127 127 128 128 129 129 129 129 129 129 129 129 129 130 130 131 130 130 131 131 130 131 130 130 131 131 131 131 129 130 129 128 128 127 128 132 134 135 135 136 136 137 137 137 137 139 138 135 129 133 140 142 143 143 143 142 142 141 140 140 140 139 138 139 138 139 138 137 137 137 134
122 121 122 123 123 123 123 124 124 124 124 125 125 125 126 126 127 126 127 126 127 127 127 128 128 127 128 128 129 128 129 129 129 129 129 129 129 130 129 130 130 130 129 130 130 130 130 130 130 130 130 128 128 128 128 127 127 128 131 132 134 136 136 136 136 136 134 135 135 135 130 126 135 140 141 142 142 143 142 142 141 140 140 140 138 138 139 137 138 137 136 137 136 134
122 121 121 121 122 123 123 124 124 124 124 124 125 125 126 126 127 126 126 126 127 127 128 127 128 128 128 128 128 128 128 129 129 129 129 129 129 130 129 129 129 129 129 130 129 129 129 129 129 129 129 129 127 128 126 126 125 128 129 133 134 135 136 136 135 132 132 132 133 130 123 128 138 139 140 141 141 142 141 141 141 140 140 139 139 138 138 137 138 137 137 136 136 135
121 121 122 121 121 122 122 123 124 123 124 124 124 125 124 125 126 126 126 127 127 126 126 127 128 128 128 128 128 128 128 128 129 129 129 129 129 129 129 129 129 129 129 130 129 129 129 128 129 128 128 128 126 126 126 125 124 126 128 129 132 134 135 134 130 131 126 127 125 121 122 131 138 139 139 140 140 140 140 140 140 140 140 139 139 139 138 136 137 137 136 135 134 133
121 121 121 121 121 122 122 123 123 123 123 124 124 124 124 125 126 126 126 126 126 127 126 127 127 127 128 128 127 127 128 128 128 129 128 129 129 129 129 130 130 129 128 129 128 128 128 129 128 128 128 127 126 126 125 123 122 124 128 128 132 132 132 130 129 122 117 118 118 116 127 135 137 137 138 140 140 140 140 141 140 141 140 139 140 139 138 138 137 137 136 135 134 133
121 121 121 121 121 121 122 122 123 124 123 123 125 125 125 125 126 126 126 126 126 126 127 126 127 128 128 128 127 128 128 127 128 128 129 129 129 129 129 129 129 129 129 128 129 129 128 127 127 128 128 126 126 124 123 122 123 126 128 128 130 130 128 125 125 116 111 112 114 118 126 134 136 138 139 140 141 141 142 142 142 141 140 140 140 139 138 139 137 137 136 135 135 133
120 120 121 121 121 121 122 122 123 123 123 124 123 125 124 125 125 125 126 126 126 126 126 126 126 127 127 128 128 128 127 128 127 129 128 129 129 129 129 129 130 129 129 128 128 129 128 129 128 126 126 126 125 123 125 126 123 128 126 124 129 128 126 124 123 112 110 113 115 123 129 134 136 140 141 142 142 142 142 142 141 141 141 141 141 140 139 139 138 137 136 135 135 134
119 120 120 121 121 121 121 122 123 123 123 124 124 124 124 125 125 125 125 126 126 125 126 126 127 127 127 127 128 127 128 128 128 128 128 129 128 129 128 129 129 128 129 128 129 128 128 129 131 127 126 125 126 127 127 126 126 128 125 124 128 128 127 124 126 114 109 115 124 132 133 135 138 141 144 145 143 141 143 142 142 142 142 141 140 139 140 140 138 137 138 136 135 134
120 120 120 121 121 121 121 122 122 123 123 123 124 124 124 124 125 125 125 125 125 126 126 126 126 126 126 127 128 128 128 127 127 127 128 128 128 129 129 129 129 128 128 128 128 128 127 128 130 135 128 129 125 125 129 126 126 127 127 127 129 129 126 124 125 113 109 113 118 128 134 137 142 145 147 147 144 142 142 142 142 142 142 141 141 140 140 139 139 139 138 137 136 136
119 119 119 120 120 121 121 121 122 123 122 123 123 123 124 124 125 125 125 125 125 125 125 125 126 126 126 128 127 127 128 128 127 127 128 128 129 128 129 129 129 129 129 128 128 128 129 132 137 134 129 135 130 130 135 126 125 126 128 129 130 130 125 129 123 113 111 116 125 128 134 139 144 147 148 147 144 143 143 141 142 142 142 142 141 141 140 139 139 139 139 137 137 137
119 119 120 120 120 121 121 121 122 122 123 123 123 123 123 124 124 124 125 124 125 125 125 126 126 126 127 127 128 127 127 127 127 128 128 128 128 128 128 128 129 129 129 129 129 132 132 134 134 135 135 140 137 137 136 129 125 126 127 129 130 129 124 129 128 119 119 121 131 132 135 142 148 149 148 148 146 143 143 142 139 142 142 142 141 141 141 141 140 140 139 138 138 138
118 119 119 120 120 121 120 121 121 122 122 123 122 123 123 123 124 124 125 125 124 125 125 126 126 126 126 127 127 127 127 127 127 127 127 128 128 128 128 128 129 128 128 129 128 132 135 136 135 138 140 140 139 138 137 135 125 126 128 129 130 129 125 130 126 118 126 128 131 135 143 149 150 149 148 149 147 145 142 142 142 143 142 142 142 141 142 141 140 140 139 138 138 138
119 119 119 119 120 120 120 121 121 121 122 123 123 123 123 123 124 124 125 124 125 125 125 126 126 126 126 126 126 126 127 127 127 127 127 127 128 128 128 129 129 129 128 128 128 130 133 137 138 139 141 141 140 139 137 130 125 126 126 129 130 126 126 130 127 123 129 132 131 133 145 150 149 149 148 148 147 144 143 143 143 143 143 142 142 142 141 141 140 139 139 138 138 138
118 118 119 119 120 120 120 120 121 121 122 122 123 122 123 123 123 124 124 125 124 125 125 125 125 126 126 127 126 127 127 127 127 127 127 128 128 128 128 129 129 129 128 129 128 128 128 132 135 134 136 139 139 139 135 129 124 125 126 128 130 126 126 128 130 129 131 134 133 138 147 148 148 149 148 147 146 143 143 143 144 143 143 141 142 142 142 141 140 140 140 139 138 138
118 119 118 118 119 119 120 120 120 121 121 121 123 123 123 122 123 124 124 124 125 124 125 125 125 125 126 126 127 126 126 127 127 127 128 127 127 128 128 128 129 128 129 128 128 128 128 128 130 133 137 138 139 137 137 134 129 125 127 130 131 128 129 128 129 131 135 135 134 142 146 147 148 147 148 147 146 143 142 143 143 142 142 142 142 142 141 141 140 140 140 139 139 139
118 118 118 119 118 119 119 120 120 120 121 121 123 122 123 122 122 124 124 124 124 124 124 125 125 125 125 126 126 126 126 126 126 127 127 128 127 127 127 127 128 128 129 128 128 128 130 131 133 137 138 138 136 133 132 132 131 125 128 130 132 129 131 131 131 135 137 137 138 144 146 147 147 147 147 147 145 142 141 142 142 141 142 142 141 142 141 141 141 140 139 139 139 139
117 117 118 118 118 118 119 120 120 120 120 121 122 122 122 122 123 122 123 124 124 124 125 124 125 125 125 125 126 126 126 126 127 127 127 127 128 127 128 128 128 128 127 128 128 129 131 131 134 136 136 136 132 130 128 127 131 125 129 131 131 129 133 135 135 137 137 137 141 144 145 145 146 147 147 147 144 141 140 141 141 142 142 141 142 142 141 141 141 141 140 139 140 140
117 117 118 118 118 118 118 119 119 120 120 120 121 121 122 122 122 123 123 123 124 123 125 125 124 124 124 125 126 126 126 126 126 126 127 126 127 127 128 128 128 128 128 127 129 131 132 133 134 135 135 134 128 126 126 125 129 126 130 132 130 132 135 137 137 138 137 138 141 143 144 145 146 146 146 146 143 141 140 141 141 140 142 141 141 142 141 141 142 141 140 140 140 140
117 117 118 117 117 118 118 119 119 119 120 120 121 121 121 121 122 122 122 123 123 124 124 124 124 124 125 125 126 126 126 125 125 126 126 127 127 127 127 127 127 128 128 128 127 128 130 132 133 133 132 130 123 122 121 122 130 128 131 132 132 133 135 137 138 138 139 140 142 142 144 145 144 145 145 145 141 139 139 139 138 139 141 141 141 141 141 141 141 141 140 140 141 141
117 117 117 118 117 118 119 119 119 120 120 120 121 121 121 122 121 122 122 123 123 124 124 124 124 124 124 125 126 125 126 125 126 126 126 126 127 127 128 128 127 127 128 128 128 129 131 131 128 129 131 127 121 118 118 118 129 130 132 133 133 134 136 137 137 139 139 140 141 142 143 143 144 144 144 145 141 138 136 139 139 141 141 141 142 142 141 141 141 141 141 140 140 140
117 118 117 118 117 119 118 119 119 120 120 120 120 120 121 121 121 122 122 122 122 123 123 124 124 124 124 125 125 125 125 126 126 126 126 126 126 127 127 128 128 128 128 128 127 129 129 126 127 126 123 118 117 117 118 125 129 131 133 133 133 134 136 137 138 138 140 140 141 142 142 142 143 143 143 141 140 137 137 139 139 140 140 140 141 141 142 142 141 142 141 140 140 141
