data/bioclim/bclim14.asc
NCOLS 210 
NROWS 174 
XLLCORNER 27.125 
YLLCORNER -2.20833333333333 
CELLSIZE 0.0416666666666667 
NODATA_value -32768 
[rows 55 to 109 of 174, columns 96 to 191 of 210]
14 14 14 14 14 14 14 14 14 14 14 15 16 16 16 17 17 17 17 17 17 17 17 18 18 18 18 18 18 17 17 17 16 15 15 14 13 13 12 12 11 11 11 10 10 10 10 10 10 10 10 10 10 10 10 11 11 11 11 11 11 12 12 12 12 12 12 12 12 12 12 12 12 12 12 12 12 12 12 12 12 11 11 10 10 10 10 9 7 7 6 6 5 5 5 4
14 14 14 14 14 14 14 14 14 14 15 16 16 16 17 17 17 17 17 17 18 18 18 18 18 19 19 18 18 18 18 18 17 16 16 15 14 13 12 12 11 11 11 11 11 11 10 10 10 10 10 10 10 11 11 11 11 11 12 13 12 13 12 12 12 12 12 12 12 12 13 13 13 13 13 13 13 13 13 13 12 12 11 11 11 10 10 8 8 7 7 6 6 5 5 5
15 14 14 14 14 14 13 13 14 14 15 16 16 16 17 17 17 18 18 18 18 19 18 19 19 19 19 19 19 19 19 18 18 17 16 16 15 14 13 12 12 11 11 11 11 11 11 11 11 11 11 11 11 11 11 11 12 12 12 12 12 12 12 12 13 14 13 13 13 13 13 13 13 13 13 14 14 14 14 13 13 13 12 11 11 10 10 9 8 8 7 6 6 6 5 5
15 15 14 15 14 13 13 13 14 14 15 16 17 17 18 18 18 18 18 19 19 19 19 19 20 20 20 20 20 19 19 19 19 18 17 16 15 15 14 13 13 12 12 12 11 11 11 11 11 11 11 11 11 11 11 11 12 12 12 12 12 12 13 13 14 14 13 13 13 13 13 14 14 14 14 14 14 14 14 14 14 13 13 12 11 11 12 11 9 8 8 7 6 6 6 5
16 15 15 15 14 13 13 13 14 15 16 17 17 18 18 19 19 19 19 19 19 19 20 20 20 21 21 21 20 20 20 19 19 18 18 17 16 16 15 14 13 13 13 12 12 12 12 12 11 11 11 11 11 12 12 12 12 12 13 12 12 13 13 13 13 14 14 14 14 14 14 14 14 14 15 15 15 15 15 15 14 14 13 12 12 12 16 17 12 9 8 8 7 6 6 6
16 16 16 15 14 13 13 14 14 15 16 17 18 18 19 19 19 20 20 20 20 20 20 20 20 21 21 21 21 21 20 20 20 19 19 18 17 17 16 15 14 14 14 13 13 12 12 12 12 12 12 12 12 12 12 12 12 12 13 13 13 13 13 13 13 14 15 14 14 14 14 14 15 15 15 15 16 16 16 16 15 15 14 13 12 13 19 22 15 10 8 8 7 7 7 6
17 16 16 15 15 14 14 15 15 16 17 17 18 19 19 19 20 20 20 21 21 21 21 21 21 21 22 22 22 21 21 21 21 20 19 19 18 18 17 16 15 15 15 15 14 13 13 12 12 12 12 12 12 12 12 12 12 13 13 13 13 13 13 14 14 14 14 14 15 15 15 15 15 15 15 16 16 17 17 17 16 15 14 14 13 13 16 16 13 11 9 8 8 8 7 7
17 17 16 16 16 15 15 16 17 17 18 18 19 19 20 21 21 21 21 21 21 21 21 22 22 22 23 23 22 22 22 21 21 21 20 20 19 18 18 17 17 16 16 16 15 14 14 13 13 12 12 12 12 12 12 13 13 13 13 13 13 14 14 14 14 15 15 15 15 15 15 15 15 16 16 16 17 17 17 17 16 16 15 14 13 13 13 13 12 11 10 10 9 10 8 8
19 17 17 16 16 16 16 17 18 18 18 19 20 20 21 21 21 21 22 22 22 22 22 22 22 23 23 23 23 23 23 22 22 22 21 21 20 19 19 18 18 18 17 17 17 15 14 14 13 13 12 12 12 13 13 13 13 13 13 14 14 14 14 15 15 15 15 15 15 15 16 16 16 16 16 16 17 17 17 17 17 16 15 14 14 13 13 12 12 12 11 11 11 12 10 10
20 17 17 17 17 17 17 18 18 19 20 20 21 21 22 22 22 22 22 22 23 23 23 23 23 23 24 24 24 23 23 23 23 23 22 22 21 20 19 19 19 19 19 19 18 17 15 14 14 13 13 13 13 13 13 13 13 13 14 14 14 15 15 15 15 16 16 16 16 16 16 16 16 16 16 17 17 17 17 17 17 16 16 15 14 14 13 13 12 12 12 12 13 16 14 9
20 18 18 18 17 17 18 19 19 20 20 21 21 22 22 22 23 23 23 23 23 23 24 24 24 24 24 24 24 24 24 24 24 24 23 23 22 21 21 20 20 20 20 20 19 17 16 15 14 13 13 13 13 13 13 14 14 14 14 14 15 15 15 16 16 16 16 16 16 16 16 16 16 16 16 17 17 17 17 17 17 17 16 15 15 14 13 13 12 12 12 12 13 13 16 11
20 18 18 18 18 18 19 19 20 21 21 22 22 23 23 23 24 24 24 24 24 24 24 24 24 24 25 25 25 25 25 25 25 25 24 23 23 22 22 21 21 21 21 20 19 18 16 15 15 14 13 13 14 14 14 14 14 14 15 15 15 16 16 16 17 17 17 17 17 17 17 17 17 16 17 17 17 17 17 17 17 17 16 16 15 15 14 13 13 13 12 12 13 12 14 16
20 19 19 18 18 18 19 20 20 22 23 23 24 24 25 25 25 25 25 25 25 25 25 25 25 25 25 26 26 25 26 26 26 25 25 24 24 23 22 22 22 22 21 20 19 18 17 16 15 15 14 14 14 14 14 14 15 15 15 15 16 16 16 17 17 18 18 18 18 18 17 17 17 17 17 17 18 18 18 18 18 17 17 16 16 15 15 14 13 13 12 12 13 12 12 12
20 19 19 18 18 19 20 20 22 23 24 24 25 25 26 26 26 26 26 26 26 26 26 26 26 26 26 26 26 26 26 26 26 26 26 25 25 24 23 22 22 21 21 20 19 18 17 16 16 15 15 15 15 15 15 15 15 15 16 16 16 17 17 18 18 18 19 19 19 18 18 18 17 17 17 17 18 19 18 18 18 18 17 17 16 16 15 14 14 13 13 12 12 13 12 11
20 20 19 18 18 19 20 21 22 23 24 25 26 26 26 26 27 27 27 27 27 27 27 27 27 26 27 27 27 27 27 27 27 26 26 26 26 25 24 23 22 21 20 19 18 18 17 17 16 16 16 16 16 16 16 16 16 16 16 16 17 17 18 18 19 19 20 20 20 19 19 18 18 18 18 19 19 19 19 19 19 18 18 18 17 16 16 15 14 13 13 13 13 13 13 12
22 19 18 18 19 20 20 21 22 24 25 26 27 27 27 27 28 28 28 28 28 27 27 27 27 27 27 27 27 27 27 27 27 27 27 27 26 25 24 22 21 20 19 19 18 17 17 17 17 17 17 17 17 17 17 17 17 17 17 17 17 18 18 19 20 20 21 21 20 20 20 19 19 19 19 20 21 21 20 19 19 19 19 18 18 17 16 15 15 14 13 13 13 13 13 12
21 18 19 19 19 20 21 22 23 24 25 26 27 27 28 28 28 28 28 28 28 28 28 28 28 28 28 28 28 27 27 27 27 28 27 27 27 25 24 22 21 20 19 18 17 17 17 17 17 18 18 18 18 18 18 18 17 17 17 17 18 18 19 20 21 21 22 22 21 21 21 20 20 20 20 23 24 21 21 20 20 20 20 19 19 18 17 16 15 14 14 13 13 13 13 12
18 18 19 19 20 20 21 22 23 24 25 26 27 29 29 29 29 29 29 29 29 28 28 28 28 28 28 28 28 28 28 28 28 28 27 27 26 25 23 21 20 19 18 18 17 17 18 18 18 19 19 19 19 19 19 19 18 18 18 18 18 19 20 20 21 22 23 23 22 22 22 22 21 21 21 22 22 21 21 21 21 21 21 20 20 19 18 17 16 15 14 14 13 13 13 13
18 19 19 20 20 21 21 22 23 24 25 26 28 29 30 30 30 30 30 30 29 29 29 28 28 28 28 28 28 28 28 28 28 28 27 27 26 25 23 21 20 19 18 17 17 18 18 19 19 20 20 20 20 20 20 20 19 19 19 19 19 20 21 21 22 23 24 23 23 23 23 23 23 22 22 22 22 22 22 22 22 22 22 22 21 20 19 18 16 16 15 14 14 13 14 15
18 19 19 20 20 21 22 23 24 25 26 28 30 30 31 31 31 31 31 30 30 29 29 29 29 29 29 29 29 29 28 28 28 28 27 27 26 24 23 22 20 19 18 17 18 18 19 19 20 21 22 22 22 22 21 21 21 21 20 21 21 21 21 22 22 23 23 23 23 23 23 23 24 23 23 23 23 23 23 23 23 23 23 23 22 21 20 19 17 16 15 15 15 14 14 14
19 19 19 20 21 21 22 23 24 26 28 30 31 32 32 32 32 32 32 31 30 30 29 29 29 29 29 29 29 29 29 29 28 28 27 27 25 24 23 22 21 19 18 18 18 19 19 20 21 22 23 23 23 23 22 22 22 22 22 22 22 22 22 22 22 22 22 22 22 23 23 24 24 24 23 23 24 24 24 24 24 24 24 24 24 23 21 19 18 17 16 16 15 15 14 14
19 19 20 20 21 22 22 24 26 29 30 31 32 34 34 34 34 34 33 32 31 30 30 30 30 30 30 30 30 29 29 29 28 28 28 27 26 25 23 22 21 20 19 19 19 20 20 21 22 23 24 25 24 24 23 23 23 23 23 23 23 23 23 23 22 22 22 22 22 22 23 23 24 24 24 24 24 24 25 25 25 25 25 26 25 24 22 21 20 18 17 17 16 16 15 15
19 19 20 20 21 22 24 27 29 30 31 32 34 35 36 36 35 34 34 32 31 31 30 30 30 30 30 30 30 30 30 29 29 28 28 27 26 25 24 23 22 21 20 20 20 21 21 22 23 24 25 25 25 24 24 24 24 24 24 25 25 24 23 23 22 22 21 21 21 22 22 23 23 24 24 24 25 25 25 25 25 26 26 27 25 23 22 24 22 19 18 18 17 16 16 15
19 19 20 20 21 23 28 29 30 31 32 34 35 37 38 38 36 35 34 33 32 31 31 31 31 31 31 31 31 31 30 30 29 28 28 27 26 25 24 23 23 22 22 22 22 22 23 23 24 25 25 25 25 25 24 24 24 25 26 26 26 25 24 23 23 22 21 20 20 21 22 23 23 24 24 25 25 25 26 26 26 27 27 27 27 24 25 22 21 20 19 18 18 17 16 16
19 19 20 21 23 28 29 30 31 32 33 34 36 38 39 39 37 36 35 34 33 32 31 31 31 32 32 32 32 32 31 30 29 29 28 27 26 25 25 24 24 23 23 23 23 23 24 24 24 24 24 24 24 24 24 25 25 26 27 28 27 25 25 24 23 22 21 20 20 21 22 23 23 24 24 25 25 26 26 26 27 27 27 28 27 24 24 22 22 21 20 19 18 18 17 16
19 19 20 23 28 30 31 31 32 33 34 35 36 38 39 38 37 36 35 34 33 32 31 32 32 33 33 33 33 32 31 31 30 29 28 27 27 26 25 25 24 24 24 24 25 25 24 24 24 24 24 24 24 24 24 25 25 26 27 28 27 26 25 24 23 22 22 21 21 22 22 23 24 24 25 25 25 26 26 27 27 27 28 28 28 27 25 24 23 22 21 20 19 18 18 17
19 19 24 28 29 31 32 32 33 34 35 36 37 38 38 38 37 36 35 34 33 33 32 33 33 34 34 34 33 33 32 31 30 29 29 28 27 26 26 25 25 25 25 25 26 25 25 24 24 23 23 23 23 24 24 25 25 26 27 27 26 25 25 24 23 23 22 22 22 22 23 23 24 24 25 25 26 26 27 27 27 27 28 28 28 27 26 25 24 22 21 20 20 19 18 18
19 26 29 28 29 32 33 33 34 35 36 37 38 38 37 37 36 36 35 34 34 33 33 34 34 35 35 35 35 34 33 32 31 30 29 28 27 27 26 25 25 25 25 25 25 25 25 24 23 23 22 22 23 23 24 25 25 26 26 26 25 25 24 24 23 23 23 22 22 23 23 24 24 25 25 25 26 26 27 27 27 27 27 27 27 26 26 25 24 23 22 21 20 19 19 18
29 30 30 30 30 32 34 34 35 36 37 37 38 38 37 36 36 35 35 35 34 34 34 35 36 36 37 37 36 35 34 32 31 30 29 28 27 27 26 26 25 25 25 25 25 25 24 24 23 23 22 22 23 23 24 25 26 26 26 25 25 24 24 24 24 23 23 23 23 23 23 24 24 25 25 26 26 27 27 27 27 28 28 27 27 26 26 25 24 23 22 21 21 20 19 19
32 32 32 32 32 33 35 35 36 37 37 38 38 37 37 36 36 35 35 35 35 35 35 36 37 38 38 38 37 36 34 33 31 30 29 28 28 27 26 26 25 25 25 25 24 24 24 24 23 23 23 23 23 24 24 26 26 27 26 25 24 24 24 24 24 23 22 23 23 24 24 24 25 25 26 26 26 27 27 27 28 28 28 28 27 27 26 25 25 24 23 22 21 20 20 19
34 34 34 34 33 35 36 36 37 37 38 38 37 37 37 36 35 35 35 35 35 35 36 37 38 39 40 40 38 36 35 33 32 30 29 28 28 27 26 26 25 25 24 24 24 24 24 23 23 23 23 23 24 24 25 25 26 27 25 24 24 24 24 24 24 23 22 22 23 24 24 25 25 25 26 26 27 27 27 28 30 29 29 29 28 27 26 26 25 24 23 22 22 21 20 19
36 37 36 35 35 34 35 36 38 38 38 38 37 37 36 36 35 35 35 35 35 35 36 37 38 39 40 40 38 36 35 33 32 30 29 28 28 27 26 26 25 25 24 24 24 24 24 23 23 23 23 24 24 25 25 26 26 26 25 24 24 25 25 24 24 23 23 23 23 24 25 25 26 26 26 27 27 27 30 32 34 33 31 29 29 28 27 26 26 24 24 23 22 21 20 19
37 38 37 36 36 35 36 36 37 37 37 37 37 37 36 36 35 35 35 35 35 36 36 37 37 38 39 39 37 36 34 33 31 30 29 28 28 27 26 26 25 25 24 24 23 24 24 24 24 24 24 24 25 25 26 26 26 26 26 26 26 26 26 25 25 25 24 24 24 25 25 26 26 26 27 27 27 30 37 39 37 34 33 31 28 29 27 27 26 25 24 23 22 21 20 19
37 37 37 37 36 36 36 36 37 37 37 36 36 36 35 35 35 35 35 35 35 36 36 36 37 37 37 37 36 35 33 32 31 30 29 29 28 27 26 26 25 25 24 24 23 24 24 24 24 24 25 25 25 26 27 27 27 28 28 28 28 27 27 27 27 26 25 25 25 26 26 26 26 27 27 27 29 34 42 39 37 37 37 34 30 28 28 25 26 25 24 23 23 22 21 20
37 37 37 37 37 36 36 36 36 36 36 36 36 35 35 35 35 34 34 35 35 35 36 36 36 36 36 36 35 34 33 32 31 30 29 29 28 27 27 26 26 25 24 24 24 24 24 25 25 25 25 26 26 27 28 28 29 29 30 30 30 30 29 29 28 28 27 27 27 27 27 27 27 27 27 28 30 36 43 40 39 39 39 37 33 32 27 27 26 25 24 23 22 22 20 21
37 37 37 37 36 36 36 35 36 36 35 35 35 35 35 35 34 34 34 34 34 35 35 35 35 36 35 35 34 33 32 31 31 30 30 29 28 28 27 27 26 25 25 25 25 25 25 25 26 26 26 27 27 28 29 29 30 31 32 32 32 32 31 31 30 29 28 28 27 27 27 27 27 27 28 29 32 44 44 41 42 43 43 40 34 30 26 26 25 24 23 22 22 21 20 22
37 37 36 36 36 35 35 35 35 35 35 35 34 34 34 34 34 34 34 34 34 34 35 35 35 35 34 34 33 33 32 31 31 30 30 29 29 28 28 27 27 26 26 26 26 26 26 26 27 27 27 28 28 29 30 30 31 32 33 34 34 34 34 33 31 30 29 29 28 27 27 27 28 28 29 29 34 44 44 43 45 47 47 42 38 32 27 24 23 22 21 20 20 20 20 21
35 35 36 35 35 35 35 35 35 34 34 34 34 33 33 33 34 33 33 34 34 34 34 34 34 34 34 33 33 32 32 31 31 31 30 30 30 29 29 28 28 27 27 27 27 27 27 27 28 28 28 29 29 30 31 32 33 34 35 36 36 36 35 34 33 31 30 29 29 28 28 28 29 30 35 31 32 38 45 44 48 54 55 48 40 36 28 25 22 21 20 20 20 20 21 21
36 36 36 36 36 35 34 34 34 34 33 33 33 33 33 33 33 33 33 33 33 33 34 34 34 34 33 33 33 32 32 31 31 31 31 31 30 30 30 29 29 28 28 28 28 28 28 28 29 29 30 30 31 31 32 32 34 35 36 36 37 36 36 35 33 32 31 30 29 29 29 29 30 31 35 36 38 38 43 45 50 59 55 54 46 40 34 27 21 20 20 20 20 21 22 22
35 36 36 35 35 35 34 34 34 33 33 33 32 32 32 32 32 32 32 33 33 33 33 33 34 33 33 33 33 32 32 32 32 32 32 32 32 31 31 31 30 30 30 30 29 29 29 29 29 30 31 31 32 32 32 33 34 36 37 37 37 37 36 35 34 33 32 31 31 30 30 30 30 31 35 39 41 49 47 45 53 62 62 57 48 41 34 26 20 19 20 21 21 21 23 22
35 36 36 35 36 35 34 34 33 33 32 32 32 32 32 31 32 32 32 32 33 33 33 33 33 33 33 33 33 33 32 32 32 33 33 33 33 33 33 32 32 32 32 32 31 31 30 30 30 31 32 32 32 32 33 34 35 36 37 37 37 37 36 35 34 33 32 32 32 31 31 31 32 33 45 52 50 44 47 46 51 54 55 51 46 41 36 28 21 19 20 20 21 21 22 22
35 36 36 36 35 35 35 34 33 32 32 32 31 31 31 31 31 31 32 32 32 33 33 33 33 34 34 33 33 33 33 33 33 34 34 34 35 34 34 34 34 34 34 34 33 33 32 31 30 31 32 33 33 33 34 35 36 37 38 38 38 38 37 36 35 34 33 33 33 32 32 33 33 35 49 52 44 40 45 47 49 49 50 47 45 40 35 28 22 20 21 20 21 22 21 22
35 36 37 37 36 36 35 34 33 32 32 32 31 31 31 31 31 31 31 32 32 33 33 34 34 34 34 34 34 34 34 34 35 35 35 36 36 36 36 36 37 37 37 36 35 34 33 32 31 31 32 33 34 34 35 36 37 38 39 39 39 38 38 37 36 35 34 34 34 34 34 35 36 38 40 42 38 43 50 47 47 46 46 45 43 40 36 29 23 22 23 22 21 21 21 21
36 37 39 38 37 37 36 34 33 33 32 32 32 33 31 30 30 31 31 32 32 33 33 34 34 34 35 35 35 35 35 36 36 36 37 37 38 38 39 39 39 40 40 39 38 37 35 34 34 33 34 35 35 35 36 37 38 39 40 41 40 39 39 38 37 36 35 35 35 35 35 36 37 39 38 38 38 45 52 48 46 45 44 43 42 39 36 31 25 24 24 23 22 22 21 22
36 36 38 37 37 38 37 36 36 34 34 32 32 33 32 31 31 31 32 32 33 33 34 34 35 35 35 36 36 36 37 37 37 38 39 39 40 40 41 41 42 42 42 41 40 39 38 37 36 36 36 36 36 37 37 38 39 40 41 41 41 41 40 39 38 38 37 36 37 37 37 37 38 41 42 41 42 46 52 50 47 45 43 41 39 36 34 30 27 27 26 25 24 23 23 23
37 37 37 37 38 38 38 37 37 36 35 33 32 33 32 32 33 32 32 33 33 34 34 35 35 36 36 37 37 38 38 39 39 40 40 41 42 43 43 44 44 45 46 44 43 42 40 39 38 37 37 37 37 38 39 40 40 41 42 42 42 42 42 41 40 40 40 39 39 40 39 39 39 41 41 42 43 46 46 48 50 47 45 42 40 38 36 33 31 29 28 26 25 24 23 23
39 38 38 38 39 38 38 37 37 37 36 34 32 32 32 32 32 33 34 34 34 35 35 36 36 37 37 38 38 39 40 40 41 42 43 43 44 45 46 47 47 48 48 48 46 44 43 41 40 39 39 39 39 39 40 41 42 42 42 43 44 44 43 42 42 43 44 43 43 43 43 42 41 42 43 45 46 45 44 45 49 48 47 45 43 41 38 36 34 31 30 28 27 25 25 24
42 40 39 39 40 39 39 39 38 38 37 34 33 32 32 33 33 34 35 36 35 36 36 37 38 38 39 39 40 41 41 42 43 44 45 45 46 47 48 49 50 50 51 51 49 48 45 43 41 41 40 40 41 41 41 42 43 43 44 45 45 45 45 45 44 45 46 46 48 46 46 48 47 47 46 48 45 44 44 45 46 48 48 45 42 41 39 37 35 33 31 30 29 27 26 25
44 42 41 39 39 39 40 40 40 39 38 37 35 34 33 34 34 35 35 36 36 37 38 38 39 40 40 41 41 42 43 44 45 46 47 48 49 50 51 52 53 53 54 54 53 50 47 46 44 42 42 43 43 42 43 43 44 45 45 46 46 47 48 48 47 47 48 48 49 49 52 54 52 50 49 48 46 46 46 44 46 48 49 46 44 42 40 39 37 35 33 32 29 29 26 26
43 43 42 41 41 41 41 41 40 39 39 38 36 35 35 35 35 35 36 37 38 38 39 40 40 41 42 42 43 43 44 45 46 48 48 50 51 52 53 54 56 56 56 56 56 53 50 48 46 44 44 45 45 45 45 45 45 46 47 47 48 49 49 50 49 49 50 51 52 53 55 56 54 52 50 48 47 48 47 44 44 46 48 47 45 43 42 40 39 37 36 34 30 28 27 26
42 42 42 42 42 42 42 41 41 40 39 39 37 36 36 36 36 37 37 38 39 40 41 41 42 43 43 44 44 45 45 46 47 48 50 51 52 54 56 57 59 59 58 58 58 55 53 51 49 48 47 49 48 47 46 46 47 48 49 50 51 51 52 52 52 52 52 53 53 54 54 55 56 52 49 48 47 48 46 45 45 47 49 47 45 44 43 43 41 40 37 36 32 30 29 28
42 43 42 42 42 42 42 41 41 40 39 39 38 38 37 37 37 38 39 40 41 42 43 43 44 45 45 46 46 47 47 47 48 49 51 52 54 56 57 60 61 61 60 60 59 57 55 54 53 52 50 51 50 49 48 48 49 50 51 53 53 53 54 55 55 54 55 55 55 56 55 54 53 50 49 48 48 48 47 46 45 46 46 46 46 45 45 45 45 42 39 37 36 33 31 30
43 42 42 42 42 43 42 41 42 41 40 39 39 39 39 39 39 40 41 42 43 44 45 46 46 47 48 48 48 49 49 49 50 51 52 54 56 58 61 63 63 64 62 63 60 59 57 55 56 54 53 53 53 53 51 51 52 53 54 56 56 57 58 58 57 57 56 57 57 56 56 55 53 51 54 52 50 49 47 47 46 45 46 47 47 46 46 46 46 44 41 37 37 36 33 32
43 43 42 42 42 42 42 41 41 40 40 39 39 40 40 40 41 42 43 44 45 46 47 48 49 49 50 50 51 51 51 52 52 52 54 55 58 61 64 66 66 66 64 64 62 60 59 57 56 56 55 56 56 56 56 56 56 57 58 58 59 60 61 61 60 59 58 61 61 60 59 57 54 52 52 50 50 49 48 48 47 46 47 48 48 48 47 48 47 46 43 39 38 38 36 34
43 42 42 42 41 41 41 40 39 39 38 38 38 38 39 40 41 43 45 46 48 49 50 51 51 52 52 52 53 54 54 54 54 55 56 58 60 63 66 68 68 66 66 66 64 63 60 59 57 57 58 58 59 60 61 61 61 62 63 63 63 63 64 64 62 61 60 60 61 62 63 61 57 54 53 51 50 49 49 48 47 48 48 49 49 49 49 50 49 48 47 43 41 40 39 37
