data/bioclim/bclim19.asc
NCOLS 210 
NROWS 174 
XLLCORNER 27.125 
YLLCORNER -2.20833333333333 
CELLSIZE 0.0416666666666667 
NODATA_value -32768 
[rows 126 to 167 of 174, columns 0 to 93 of 210]
384 385 386 384 384 382 382 381 378 376 376 374 371 370 370 368 366 366 362 359 357 356 353 350 348 347 347 347 345 343 340 339 336 332 380 378 376 371 319 316 313 361 363 368 366 302 327 286 264 253 250 258 259 257 256 249 201 296 294 291 288 283 280 275 271 268 276 280 282 281 287 336 355 377 391 391 380 377 370 365 179 172 163 154 146 139 133 128 122 120 115 112 110 108
380 380 380 380 379 378 378 376 375 372 373 370 368 367 366 364 362 364 358 355 353 352 395 347 345 345 342 342 339 337 383 335 334 331 379 328 374 370 365 313 309 306 304 368 303 297 285 265 253 247 246 249 251 250 252 230 298 295 294 291 288 285 281 278 274 272 286 289 288 288 342 388 382 387 399 397 384 378 184 181 178 171 158 150 141 135 129 124 119 116 112 110 107 107
376 376 376 376 376 376 374 372 371 370 369 368 364 364 363 361 361 357 356 352 350 347 392 343 341 340 338 336 335 334 333 377 328 326 374 371 370 367 313 308 357 307 307 362 288 286 280 269 251 245 245 248 246 247 247 327 297 295 294 291 170 287 283 281 279 278 296 294 295 302 380 415 397 384 397 393 192 186 181 179 174 163 155 145 139 131 127 122 118 113 110 108 107 105
371 372 372 372 372 372 371 370 368 368 366 363 362 361 360 357 356 355 353 349 346 344 342 339 338 338 337 334 332 329 328 326 324 322 369 365 363 365 374 362 368 365 362 291 279 284 281 266 250 245 245 245 248 249 332 200 297 187 294 292 169 288 286 285 283 283 310 307 304 331 395 425 197 397 196 395 188 184 181 178 172 161 151 142 134 128 122 119 114 111 108 107 105 103
369 368 368 368 367 367 368 368 366 364 362 359 357 357 356 355 353 351 348 345 344 341 339 337 337 336 334 330 372 324 323 322 320 362 315 317 312 312 358 356 305 360 301 291 283 281 276 259 250 246 250 244 253 247 302 297 192 295 295 293 291 291 289 288 289 293 311 314 319 375 426 432 418 399 192 190 187 184 180 176 170 160 149 139 130 124 120 116 112 109 107 106 104 103
365 365 364 363 363 364 363 362 362 361 360 357 355 353 353 350 350 348 344 343 339 339 334 334 335 334 330 327 323 367 319 317 314 311 356 374 318 367 307 306 360 302 298 288 284 281 275 259 253 246 252 251 247 225 296 296 191 295 295 295 294 293 293 293 295 303 313 171 169 189 432 431 195 191 186 187 184 184 179 172 163 155 146 137 128 122 118 115 111 108 106 105 104 102
363 362 361 360 360 359 359 358 357 357 356 355 353 351 350 348 347 344 342 339 335 336 332 331 331 330 327 325 326 324 319 314 310 352 305 313 313 368 308 307 303 299 292 286 283 278 273 258 257 248 244 252 226 206 333 195 189 295 296 296 296 183 296 297 304 173 174 173 174 186 191 189 420 187 185 184 182 181 178 170 162 154 146 135 127 121 116 113 110 107 105 105 104 104
359 357 357 357 355 355 355 353 353 353 353 353 350 348 348 346 343 342 339 336 333 330 330 329 326 325 324 323 324 318 315 312 307 355 306 306 307 307 363 302 300 294 288 284 281 276 273 258 259 260 254 246 213 204 199 194 295 295 297 298 300 300 301 180 317 176 173 175 182 189 186 185 184 184 182 182 181 181 178 171 165 155 147 134 126 126 117 112 111 109 107 105 105 104
354 355 354 354 353 351 349 349 349 349 347 347 347 346 346 344 341 339 336 332 330 330 327 325 323 324 322 319 317 315 310 309 307 308 361 359 306 304 303 300 296 292 288 284 277 271 272 270 268 264 259 251 211 292 197 192 294 296 177 300 304 305 307 186 184 181 178 180 185 184 183 181 180 179 178 178 178 181 179 174 168 156 144 133 125 118 120 115 115 110 107 106 104 105
351 351 351 351 349 349 347 347 347 346 344 344 342 342 341 340 339 335 331 330 332 328 325 323 323 319 317 316 359 310 308 306 352 307 305 304 300 303 299 293 293 290 287 280 276 269 265 269 267 262 258 240 326 291 196 328 186 297 298 308 308 313 189 187 187 183 179 182 183 180 178 177 174 174 174 175 178 179 180 176 171 159 148 134 126 122 119 116 114 110 108 108 106 106
348 348 349 349 347 347 345 345 343 344 346 344 343 340 339 335 332 329 330 328 325 321 319 316 314 313 311 311 309 307 304 303 307 304 299 299 302 301 297 294 291 288 286 280 276 270 267 269 265 260 254 373 310 289 324 328 184 298 303 316 198 324 195 191 188 185 180 183 179 176 174 171 170 169 170 172 174 178 178 178 179 181 157 144 133 127 122 119 115 113 109 109 108 107
346 346 345 344 344 345 344 343 343 342 341 341 339 338 338 336 329 326 328 327 325 321 318 316 313 312 308 303 302 302 301 302 305 301 352 299 295 294 294 289 290 287 285 280 275 272 271 269 265 259 249 332 321 199 322 327 184 183 310 208 203 205 207 199 190 184 179 179 175 172 167 165 165 164 167 168 172 175 184 194 202 206 188 165 148 133 125 123 121 116 114 113 111 109
343 343 343 342 342 340 340 337 335 334 331 330 328 325 330 329 321 323 322 323 322 319 314 308 305 313 313 309 308 309 305 307 303 292 288 287 293 294 292 284 287 286 284 281 277 275 271 268 265 259 378 321 319 320 323 187 185 307 181 328 332 214 211 198 189 182 181 177 171 165 161 160 159 163 165 167 172 174 179 188 194 201 183 179 167 141 131 127 124 118 117 114 113 112
339 340 338 338 340 336 335 331 331 329 326 327 323 324 328 325 319 316 318 324 322 318 314 309 303 305 304 307 309 308 302 295 283 284 286 290 291 292 290 286 287 285 283 280 277 274 269 414 434 260 273 243 306 321 322 187 185 182 183 334 212 363 205 193 187 184 181 173 167 161 157 155 154 156 160 161 166 172 176 181 183 185 182 168 164 144 138 133 127 122 120 115 111 106
336 338 332 333 335 334 334 330 329 326 328 325 322 318 322 322 315 316 320 315 312 311 306 303 302 300 299 301 298 297 293 284 283 288 290 290 290 289 288 287 284 283 278 278 275 273 266 267 265 258 266 248 311 324 323 299 184 183 213 214 211 210 200 193 187 182 179 171 163 156 152 148 149 152 156 160 165 173 171 174 175 161 171 168 160 150 147 138 133 127 123 116 106 96
330 333 329 329 328 329 325 323 322 320 320 320 318 316 314 315 313 313 314 309 303 307 299 296 294 293 291 291 286 286 288 289 294 296 292 291 292 289 286 284 283 278 276 274 271 415 268 268 456 254 261 253 209 332 296 304 184 329 353 358 208 205 198 192 186 180 175 167 160 154 149 145 146 148 151 149 156 162 167 169 163 153 165 159 154 151 143 140 129 128 116 108 101 99
325 325 323 326 324 323 321 317 317 315 313 312 311 309 310 307 306 308 303 308 310 307 304 295 295 295 289 287 287 291 294 293 290 285 275 268 271 270 267 279 280 279 272 273 273 272 270 456 451 410 264 220 379 338 303 185 183 186 374 389 206 203 197 191 184 177 170 163 156 149 145 140 139 141 142 139 141 147 151 151 147 137 157 145 142 144 139 138 127 121 118 108 108 113
321 321 320 318 318 316 316 315 315 313 310 308 308 312 307 304 302 303 305 302 296 293 289 288 291 295 297 293 287 292 284 284 285 281 275 267 263 274 281 281 275 272 272 275 272 272 270 267 442 403 371 239 404 307 309 185 326 342 191 216 384 202 196 188 180 174 169 161 155 149 143 139 134 132 135 135 146 150 134 135 129 135 151 141 135 140 135 132 126 122 122 112 115 117
317 317 316 315 314 313 313 311 311 310 308 307 306 303 303 304 300 298 303 302 296 294 287 290 288 281 280 278 275 272 271 269 268 269 269 263 260 256 263 268 271 268 269 275 273 270 465 455 431 286 395 444 443 190 187 185 334 347 375 217 210 203 194 187 182 175 165 161 154 151 144 139 139 129 126 129 139 143 132 125 123 125 136 134 133 134 132 130 125 126 120 114 115 119
316 318 315 311 312 311 310 309 307 307 307 306 302 301 300 298 295 296 293 294 292 287 285 288 286 284 272 274 273 272 269 262 264 272 274 267 276 253 270 270 270 272 269 265 270 270 266 462 441 241 417 443 434 189 185 327 337 354 380 217 206 196 189 185 177 175 167 160 155 151 145 137 137 124 123 120 126 124 126 118 118 119 122 125 129 127 128 128 126 125 122 118 117 119
313 312 313 309 309 308 307 306 305 304 305 302 301 299 298 298 293 293 291 290 289 284 281 287 291 284 277 271 268 270 267 264 266 270 274 274 262 252 258 266 271 273 269 267 267 267 268 460 467 416 425 459 396 187 184 334 348 360 394 217 206 197 191 189 187 172 167 161 155 152 149 140 132 124 122 118 116 116 114 115 115 117 119 121 122 125 127 126 125 123 121 123 121 121
310 309 309 307 305 304 305 303 303 301 300 300 298 295 294 292 292 291 289 283 284 283 277 279 279 276 270 267 264 263 265 259 261 262 268 258 252 254 265 267 268 269 262 261 267 265 265 454 459 435 455 472 387 187 335 183 367 390 419 217 202 198 187 188 179 172 163 161 158 152 147 144 139 126 122 121 117 115 114 115 116 115 116 118 120 124 122 123 125 122 122 121 124 124
306 305 305 305 302 302 301 299 299 298 298 296 294 291 291 289 286 284 285 281 280 277 281 278 273 275 271 269 267 274 268 261 255 256 265 262 257 268 264 269 267 264 261 258 265 472 265 461 464 466 477 485 386 189 346 188 390 428 441 219 204 193 186 177 171 167 164 156 151 149 146 146 141 136 126 123 116 115 117 115 116 115 115 116 119 128 122 122 124 122 120 122 123 129
303 302 301 301 299 299 297 295 295 294 292 292 290 290 287 284 282 279 283 282 276 274 272 275 278 270 267 269 265 262 271 259 256 255 261 267 261 256 250 260 262 261 258 255 263 263 482 490 490 491 495 453 203 361 357 368 401 451 451 218 204 194 182 179 167 163 163 151 149 149 146 145 143 137 130 121 117 115 118 114 114 115 114 115 120 131 126 120 121 121 122 123 123 129
301 300 300 298 300 297 295 293 293 291 289 290 288 287 284 283 278 275 276 279 273 270 268 267 266 262 262 274 270 262 258 253 256 261 264 262 263 262 255 252 256 258 256 250 253 260 261 495 503 507 498 430 394 377 372 188 415 452 451 214 205 196 184 177 174 157 154 149 94 144 143 143 142 136 127 122 118 115 116 240 114 119 120 124 124 125 127 120 122 122 123 125 125 127
301 298 299 296 296 295 293 291 289 288 286 286 283 281 280 278 274 271 270 273 270 266 264 266 265 261 262 268 268 263 260 259 259 258 258 258 260 257 249 252 250 249 253 247 248 496 255 503 510 506 482 448 416 397 396 419 450 455 457 359 346 335 181 170 181 162 149 148 143 143 142 142 141 135 128 124 118 244 249 244 250 123 117 120 117 120 126 120 122 125 124 125 127 127
299 298 297 295 293 291 292 289 287 285 284 282 281 279 276 274 271 269 267 266 267 264 261 258 257 258 254 254 256 257 255 255 254 256 256 255 256 253 244 249 251 249 248 249 249 511 504 510 513 498 491 472 443 427 441 460 472 389 372 365 352 339 177 169 173 170 152 145 144 141 142 141 138 132 127 121 118 251 251 246 252 257 116 116 117 118 125 121 125 126 126 126 126 128
295 297 293 292 291 290 289 287 284 283 282 280 277 276 273 271 269 267 264 265 263 260 259 255 255 252 253 256 250 249 248 251 255 253 254 252 251 251 248 243 245 245 241 244 240 232 512 288 512 283 499 486 478 472 480 473 430 440 424 417 407 395 344 170 166 171 151 149 147 142 143 144 138 130 124 122 254 257 251 251 256 254 252 116 117 119 124 124 122 124 126 126 127 127
294 293 291 290 289 289 285 283 282 281 280 277 275 273 270 268 267 263 260 258 263 259 252 250 247 251 251 252 251 238 234 239 250 251 247 244 247 245 244 241 238 237 236 230 233 222 289 218 286 464 456 486 481 482 420 447 447 440 435 433 431 433 353 332 168 158 153 150 146 145 145 144 138 274 267 259 258 256 251 259 259 257 116 259 118 119 119 125 124 123 124 126 128 127
292 292 291 289 289 287 283 281 281 278 278 274 273 270 268 267 263 261 258 257 258 257 250 246 245 245 248 251 250 242 229 229 235 241 238 239 241 240 236 236 235 231 231 224 292 291 215 285 286 278 463 488 473 470 458 454 449 442 441 428 400 373 349 345 333 155 158 153 151 150 151 146 139 278 264 259 260 253 256 257 255 257 262 277 265 118 119 120 121 123 124 125 128 128
289 288 289 288 287 284 282 279 277 276 277 272 272 268 266 263 260 258 255 252 252 250 249 241 243 247 241 242 248 241 226 230 233 231 227 231 232 236 232 230 224 225 224 218 291 289 216 212 280 284 463 455 470 430 464 472 464 447 440 382 370 369 371 354 338 333 157 162 160 153 150 149 306 280 266 265 261 255 258 261 259 261 267 288 116 119 120 122 125 123 124 125 126 129
286 285 285 285 284 283 281 277 275 275 275 272 269 269 264 259 257 256 252 250 250 245 244 238 236 237 239 231 241 242 232 226 232 227 223 233 230 230 226 221 219 217 216 291 290 286 210 208 202 277 466 467 436 447 462 478 479 452 429 378 385 381 379 366 345 340 160 340 345 328 324 153 308 287 268 268 259 256 256 260 271 264 266 317 120 118 119 121 126 122 123 124 124 125
282 283 282 280 280 281 280 277 275 271 270 269 267 267 263 257 256 252 249 247 244 242 238 237 235 232 231 233 228 232 229 226 224 231 225 229 227 225 224 217 213 293 290 289 288 203 198 196 194 189 269 442 420 450 464 460 458 452 437 388 386 386 376 371 362 350 349 346 346 334 340 324 312 296 280 266 259 255 256 259 259 262 268 311 305 335 118 118 120 121 121 123 123 121
280 279 278 278 278 278 277 276 273 270 267 267 266 264 261 257 253 249 247 244 241 237 235 234 231 234 227 223 221 222 225 225 222 222 225 224 222 220 217 210 292 288 288 287 285 195 186 183 180 177 239 251 412 451 466 461 458 455 447 410 380 388 384 379 379 363 357 357 360 350 347 333 316 313 289 269 260 255 258 260 254 261 268 276 294 323 116 116 118 119 118 120 123 121
277 278 278 277 275 276 276 274 272 268 267 266 265 261 260 258 255 249 244 242 241 237 230 228 235 228 228 224 219 218 225 224 223 214 217 215 214 211 211 208 289 286 286 282 280 186 180 175 169 163 203 212 233 439 466 462 460 455 446 410 373 387 385 385 388 376 369 362 355 353 339 341 329 309 290 280 264 258 261 256 258 260 269 273 117 314 114 116 117 117 118 113 120 124
276 275 276 275 274 274 272 271 270 267 266 263 262 260 258 256 254 249 245 241 240 238 233 224 221 225 224 225 223 211 210 214 217 211 208 206 205 202 201 202 197 284 282 280 185 179 235 219 162 157 151 200 219 418 465 463 460 454 433 402 366 387 397 389 387 382 374 369 359 352 339 333 334 318 311 291 281 258 275 253 256 288 295 272 114 113 113 114 115 114 117 113 113 121
274 275 275 274 274 272 270 269 268 266 264 262 260 257 255 254 251 249 246 242 238 236 232 228 222 223 223 222 220 211 204 206 204 208 207 201 198 197 200 194 284 281 279 278 267 248 232 218 156 152 191 189 227 418 458 465 461 452 443 404 358 371 386 380 386 382 378 372 365 351 325 325 323 325 296 290 276 276 275 277 256 288 294 298 305 112 112 112 113 110 114 111 109 118
272 273 273 271 270 269 267 266 265 264 261 260 257 255 253 250 248 246 243 240 236 233 231 224 221 223 220 219 218 206 197 197 195 201 205 201 196 193 194 190 281 280 278 278 267 247 161 217 150 146 142 187 230 446 462 466 461 454 446 408 365 383 376 364 387 382 372 377 370 357 330 148 300 310 299 286 282 277 275 279 282 287 292 297 303 111 111 319 111 110 109 109 109 116
271 270 269 269 269 267 265 263 262 260 258 257 255 252 250 247 244 243 239 237 233 232 227 223 215 210 212 214 214 209 200 190 191 200 200 198 195 192 189 187 278 276 277 276 266 248 231 218 205 196 188 183 225 444 465 466 461 443 427 391 361 372 402 179 368 377 357 374 361 356 329 301 296 295 298 281 281 279 278 280 284 288 292 113 301 306 108 108 109 110 105 105 107 114
268 269 268 267 265 264 262 261 258 257 255 254 252 250 247 244 242 239 236 234 231 227 224 217 213 211 204 210 208 205 203 189 196 194 196 193 190 187 185 278 276 274 272 273 265 248 232 219 206 196 186 180 209 434 459 467 461 445 441 400 359 363 399 356 170 343 335 336 357 344 152 145 297 140 287 284 282 121 281 282 285 288 292 109 107 106 107 107 107 107 103 106 108 111
267 265 266 264 262 261 258 258 256 253 252 250 248 247 244 241 238 236 233 230 227 224 220 213 211 211 204 202 204 200 198 186 185 271 188 188 185 182 275 273 272 271 270 269 260 250 237 223 209 196 187 181 206 387 432 467 464 455 437 399 370 360 390 354 354 360 355 158 323 337 141 132 297 136 139 129 127 122 120 284 287 114 113 273 106 105 106 105 106 106 105 107 107 107
264 265 264 263 261 258 256 254 251 251 250 249 245 243 241 238 236 232 230 227 223 220 216 212 207 207 203 202 199 196 193 180 179 266 283 182 179 177 271 269 270 267 266 268 246 251 238 225 209 194 185 177 176 190 435 464 458 446 429 406 359 368 378 354 357 358 364 171 153 152 136 129 129 126 121 122 288 126 287 118 263 265 294 105 107 280 104 104 103 104 103 104 104 103
