data/bioclim/bclim7.asc
NCOLS 210 
NROWS 174 
XLLCORNER 27.125 
YLLCORNER -2.20833333333333 
CELLSIZE 0.0416666666666667 
NODATA_value -32768 
[rows 0 to 41 of 174, columns 94 to 187 of 210]
178 179 179 180 180 180 180 179 179 180 179 179 180 179 180 179 180 179 179 179 180 180 180 179 179 179 179 179 179 179 179 178 179 177 177 177 177 176 176 175 174 174 173 172 173 172 170 170 169 168 168 167 166 165 164 163 163 163 162 161 161 160 158 159 158 158 158 157 158 157 155 155 155 155 154 154 155 154 154 153 154 153 153 152 152 152 152 152 150 150 150 151 150 150
179 180 179 180 180 180 179 180 180 180 180 181 180 181 180 180 180 180 179 179 180 180 179 179 179 180 180 179 179 178 178 178 179 179 177 177 178 177 176 176 175 174 174 174 172 171 171 171 169 169 167 167 167 165 165 164 163 162 161 161 160 160 158 158 157 157 158 157 157 156 155 155 155 155 155 154 154 154 155 153 153 153 152 152 152 152 151 150 151 151 151 150 150 150
179 179 180 181 181 180 180 180 181 181 180 181 180 181 180 180 180 181 180 180 180 180 180 179 180 179 179 179 179 179 179 180 180 179 178 177 178 177 175 176 175 175 174 173 172 172 171 170 169 168 168 167 167 165 165 163 163 162 161 161 160 159 158 158 158 157 157 156 156 155 154 154 154 155 155 155 154 153 153 154 153 152 152 152 152 151 151 151 151 150 150 149 149 150
179 179 180 180 179 181 181 181 180 181 181 181 180 181 181 181 181 180 181 180 179 180 179 180 180 180 179 180 180 180 180 180 180 180 180 179 178 177 167 173 175 176 174 174 173 171 171 171 169 168 169 167 166 165 165 163 163 161 161 161 159 159 158 158 157 157 156 156 155 155 153 154 154 154 154 153 154 154 153 153 153 152 152 152 152 151 151 151 151 150 150 149 150 149
179 180 180 181 180 180 181 181 181 181 181 181 181 181 182 182 181 181 181 181 180 181 181 181 181 179 180 180 180 180 180 181 181 181 180 180 179 179 168 169 176 175 174 175 173 172 171 170 169 168 167 167 166 165 165 163 163 162 161 160 159 159 159 158 157 157 156 156 155 153 153 153 154 153 153 154 153 153 153 152 152 153 152 152 151 152 151 150 151 151 150 149 149 148
179 180 180 180 180 181 181 182 181 181 181 181 182 181 181 182 181 180 181 181 181 180 181 182 181 180 181 181 181 181 181 182 182 183 182 181 180 179 166 161 174 176 175 174 173 173 170 171 168 169 169 167 167 166 164 163 163 161 160 160 159 158 158 158 158 157 157 156 154 154 154 154 154 154 153 153 153 153 152 152 152 152 152 152 151 151 151 151 150 151 150 149 148 148
178 180 180 179 181 180 181 181 181 181 182 182 181 182 182 182 181 181 180 180 180 180 181 181 182 182 181 182 182 182 182 182 183 182 182 181 182 180 170 160 165 175 176 175 173 172 171 170 169 168 168 166 165 165 164 163 163 162 160 160 160 159 158 158 158 157 157 156 154 154 154 155 155 154 153 153 153 153 152 152 152 152 152 152 151 151 150 151 150 150 149 148 148 149
178 181 180 180 181 181 181 181 181 182 182 182 181 182 182 181 182 181 181 180 180 180 181 181 181 181 182 182 182 183 183 183 184 182 183 183 182 181 178 166 167 169 176 175 174 172 171 171 169 169 168 167 165 160 163 163 162 162 161 160 159 158 158 158 157 157 156 156 155 155 155 155 154 154 154 154 153 153 152 152 152 152 151 152 150 150 151 150 150 150 149 149 149 148
179 178 179 181 181 181 182 181 181 181 181 182 182 182 182 182 181 181 181 180 179 180 181 180 181 182 182 182 183 184 184 184 185 185 184 183 184 183 181 179 176 173 175 175 174 173 172 170 169 168 167 167 165 162 158 162 162 161 160 160 160 159 158 158 157 156 156 155 155 154 154 155 154 154 154 153 153 153 152 152 152 152 151 151 151 151 151 150 150 149 149 150 148 148
179 179 180 181 181 181 181 181 181 181 182 183 183 182 182 182 182 182 182 180 178 180 181 179 179 182 183 184 184 184 185 184 184 185 185 184 184 183 182 181 177 165 163 170 171 173 171 171 169 168 167 166 165 163 160 162 162 161 160 159 159 159 158 156 156 156 155 155 154 154 153 154 154 154 154 154 153 153 153 152 152 151 151 150 151 151 149 150 149 149 149 149 148 148
179 180 180 181 182 181 181 182 182 182 183 183 182 182 182 182 182 182 181 180 177 179 179 180 182 182 183 184 184 185 185 185 186 186 186 185 185 184 184 182 181 171 168 161 164 172 171 170 169 167 167 167 165 163 161 161 162 160 160 156 158 158 157 157 156 156 156 154 155 153 154 154 154 154 154 154 153 153 152 153 152 151 151 150 150 151 149 150 149 149 149 148 148 148
180 180 180 181 182 179 181 181 182 183 183 183 182 182 182 182 182 182 181 181 179 180 179 181 181 182 183 184 184 185 185 186 187 186 187 186 186 185 185 183 182 179 176 170 157 170 171 170 168 167 166 166 165 164 163 162 161 161 159 157 155 156 157 157 156 156 155 153 154 154 154 154 153 154 154 154 153 153 153 152 152 152 151 150 151 150 149 150 149 148 149 148 148 148
179 180 180 181 182 181 181 182 182 183 183 183 182 182 182 182 182 182 181 180 178 175 177 177 179 172 179 184 185 183 185 186 186 187 188 187 187 185 184 184 182 180 178 176 167 169 166 170 168 168 166 165 165 164 163 159 158 160 158 156 155 156 157 157 155 154 154 154 153 154 154 154 153 154 154 154 153 154 153 151 150 151 151 150 150 151 149 150 149 148 149 148 148 149
178 180 180 181 181 181 182 181 182 182 184 184 181 180 181 183 182 182 181 180 180 176 177 176 178 177 173 184 184 176 182 186 186 188 189 189 188 186 185 184 182 181 178 177 174 172 168 168 168 168 167 165 165 164 163 160 156 159 154 153 155 156 156 155 153 152 153 153 153 153 153 154 154 154 154 153 154 153 152 150 144 150 151 150 150 150 149 149 149 149 148 148 148 147
177 178 179 180 180 180 181 182 182 183 183 183 182 182 182 182 183 181 181 179 180 179 177 176 180 181 180 183 183 182 183 184 186 187 189 190 188 186 184 183 182 180 179 176 175 172 171 169 169 167 167 165 165 163 162 160 157 157 152 149 153 154 156 156 146 150 152 153 153 152 153 154 153 154 154 153 153 153 152 148 146 150 151 150 150 149 149 149 149 149 148 148 146 147
178 178 179 178 180 182 182 182 182 183 184 184 182 182 182 182 182 182 181 180 179 178 177 177 180 180 183 183 181 183 182 182 181 186 188 189 188 186 184 183 181 180 177 176 174 173 171 169 167 167 166 165 164 163 161 160 151 144 149 140 144 145 152 153 145 150 153 154 152 151 153 154 153 153 154 153 153 153 153 149 150 151 151 150 150 150 149 149 149 149 148 148 147 147
177 177 178 179 180 181 182 182 182 182 183 183 183 182 182 182 183 182 182 181 179 178 177 179 179 179 181 181 179 181 184 179 180 185 185 186 186 185 183 181 180 178 177 175 174 172 171 170 168 167 166 164 165 163 161 159 159 155 150 137 132 134 146 150 147 151 152 152 152 151 153 154 153 154 154 153 153 153 152 149 149 151 151 151 150 150 150 149 149 148 148 148 147 147
178 178 178 178 179 179 181 182 182 183 183 184 182 182 182 182 182 183 182 181 180 179 179 179 181 179 180 180 179 182 183 177 174 183 177 184 184 182 181 177 179 178 176 174 173 171 170 170 168 164 165 165 164 163 160 152 153 157 150 144 138 133 140 148 148 150 151 151 150 151 153 154 154 154 154 154 154 153 151 148 147 151 150 150 150 149 149 149 149 148 148 148 147 147
178 178 178 179 180 179 182 182 183 182 183 184 183 182 181 182 182 182 183 183 181 181 180 180 181 180 180 179 180 181 180 179 180 181 173 181 182 178 176 175 171 176 175 174 171 171 170 168 166 154 157 163 164 162 161 158 152 153 150 139 134 131 133 140 144 149 152 151 153 153 154 154 153 153 154 154 154 153 151 148 149 151 151 150 150 149 149 149 149 148 148 148 147 147
179 179 178 179 180 181 182 182 182 182 183 184 183 182 181 182 181 181 182 182 182 182 183 181 181 181 181 180 180 179 173 172 178 178 172 179 180 172 175 172 168 172 173 173 172 171 168 167 164 153 156 162 164 163 161 160 158 154 155 146 140 138 132 135 142 149 152 153 154 155 155 154 154 154 154 153 154 152 153 152 150 151 151 150 150 149 149 149 149 148 148 148 146 146
178 178 179 180 180 180 182 182 182 182 182 182 183 182 181 181 181 180 181 182 181 181 182 182 181 181 181 180 179 177 173 173 175 173 171 174 176 169 172 169 164 155 163 171 171 169 169 167 162 143 140 157 163 163 162 160 159 157 156 155 147 148 146 139 144 148 148 151 153 153 151 150 154 153 153 153 153 153 152 152 151 151 151 150 150 149 149 149 148 148 149 148 146 146
178 178 178 177 178 180 182 181 181 181 180 182 183 183 182 182 181 181 180 181 181 181 180 182 182 181 181 181 179 179 177 175 174 172 170 167 168 172 169 166 155 148 154 163 169 169 169 167 165 147 144 160 162 163 163 161 160 159 158 157 155 153 152 152 146 140 133 139 146 152 142 140 152 154 154 154 153 152 152 152 151 151 151 150 149 149 149 149 148 148 147 146 146 145
177 177 178 177 178 180 181 180 180 181 178 179 182 183 183 183 182 181 181 182 181 180 181 181 181 180 180 180 178 176 176 174 173 172 169 164 162 163 168 169 166 159 150 149 162 168 167 167 165 159 147 160 163 163 163 161 161 160 159 158 158 156 154 154 153 144 132 144 147 147 144 145 153 153 153 153 153 153 152 151 148 150 150 150 150 149 149 148 149 148 147 147 146 146
176 176 176 176 177 179 180 180 180 181 176 176 179 183 183 183 183 182 180 181 181 179 179 181 181 180 180 179 177 175 175 173 172 171 169 164 157 153 159 164 166 163 153 146 146 159 167 166 166 163 161 160 162 163 163 162 162 160 160 160 159 157 157 156 154 153 151 151 150 146 148 149 149 153 153 153 153 152 152 150 147 149 149 150 150 150 148 148 148 148 148 148 145 146
177 176 176 176 176 177 178 178 180 179 176 175 177 180 183 183 183 183 183 182 182 179 180 179 179 180 180 181 178 177 174 174 173 171 169 168 160 150 147 154 163 159 154 145 139 144 150 164 165 164 163 163 163 163 163 162 162 161 161 160 159 158 158 157 156 155 155 153 151 150 147 148 152 153 152 153 153 152 152 151 148 146 144 148 150 149 148 148 149 147 146 146 147 146
176 176 176 177 176 176 176 178 180 179 176 176 177 178 179 184 183 182 183 183 182 180 179 180 180 179 180 181 179 177 177 174 173 172 170 169 165 159 158 152 151 148 146 143 138 135 136 151 164 163 163 163 165 164 163 163 161 162 160 160 160 159 158 157 158 156 155 154 152 151 148 146 148 151 153 153 152 152 152 152 149 146 142 147 149 149 148 148 148 148 147 145 146 145
175 174 175 175 175 175 176 178 179 179 176 176 177 178 179 180 184 183 182 183 183 181 181 181 181 180 180 181 180 179 178 176 174 173 171 170 168 164 159 156 152 151 153 150 136 134 136 140 154 164 162 164 165 164 163 163 162 162 161 161 160 159 159 158 157 157 156 155 153 151 149 147 142 149 152 152 152 152 151 151 150 147 145 148 149 148 148 148 148 147 147 146 145 146
174 174 174 174 175 173 177 178 179 178 176 176 178 179 181 181 183 182 183 183 183 183 183 182 182 182 182 181 181 180 179 177 175 174 173 172 171 168 165 162 160 156 157 154 141 135 139 136 150 160 155 162 164 164 164 164 162 161 161 160 160 160 158 159 158 157 156 155 154 152 150 149 146 150 152 152 152 151 150 151 152 150 150 150 149 149 149 148 148 147 147 148 147 145
173 172 173 173 175 176 176 177 176 178 177 178 180 181 182 183 184 183 184 184 183 183 183 183 182 182 182 181 180 180 179 177 176 175 174 173 171 170 168 167 163 160 158 156 141 141 153 152 156 162 159 156 164 164 164 164 163 159 153 157 159 159 159 158 156 156 152 154 154 152 150 147 147 147 148 148 149 149 150 151 151 151 150 150 149 148 148 148 148 148 148 146 145 145
171 172 173 175 175 174 174 176 175 176 177 179 180 181 183 184 185 185 184 185 185 184 184 184 183 183 182 181 180 180 178 177 177 175 174 173 170 169 166 166 165 163 158 149 143 146 158 161 160 162 161 148 163 164 164 165 163 160 150 146 154 157 158 158 156 154 150 146 143 143 140 135 139 143 149 150 150 150 151 151 151 150 150 150 149 148 148 148 148 148 147 147 145 146
171 172 173 173 173 173 173 174 175 176 177 178 180 183 184 185 186 186 185 180 185 185 184 184 184 183 182 181 180 178 178 177 176 175 174 172 170 168 167 165 161 163 154 151 152 149 159 163 163 163 163 162 164 164 165 165 164 162 153 145 149 156 157 157 156 153 149 147 146 145 140 140 139 143 147 150 148 151 152 151 151 150 150 149 149 149 148 148 148 148 148 147 146 145
171 172 171 170 171 172 172 173 174 176 176 178 181 182 184 185 187 187 185 180 184 185 185 184 184 183 182 181 180 179 178 177 175 175 173 172 170 169 169 168 166 166 165 162 162 157 160 164 164 164 163 165 165 165 164 164 164 163 157 144 145 153 156 157 157 155 152 150 149 148 146 140 140 140 143 143 143 147 152 150 151 150 150 149 149 149 148 148 148 147 147 148 146 145
169 170 168 170 170 172 172 174 175 175 177 178 181 182 185 186 187 185 180 180 180 185 184 183 184 183 182 181 181 179 177 177 175 175 173 172 172 172 171 170 169 167 167 165 163 165 163 165 166 162 164 165 165 165 165 165 164 164 162 154 152 151 154 156 156 154 153 151 150 149 146 142 142 142 143 142 142 141 148 145 148 150 150 150 150 149 148 147 148 147 148 147 146 145
168 168 168 170 171 171 172 174 176 178 178 179 180 182 183 185 186 186 182 172 182 184 184 182 182 182 181 181 180 179 178 177 176 175 173 173 173 172 171 171 170 166 168 167 162 167 167 167 167 166 165 164 165 165 165 165 164 165 163 159 158 152 152 154 156 154 153 153 152 151 149 147 146 146 145 143 142 140 142 141 147 149 151 150 150 149 148 147 148 148 147 147 146 143
167 167 168 170 170 172 174 177 178 179 179 180 180 181 182 183 185 185 185 182 186 184 184 183 182 182 181 181 180 178 178 178 177 176 176 175 173 173 171 171 170 164 169 169 169 169 169 169 168 167 165 165 166 166 165 165 165 164 162 162 160 151 146 153 155 155 154 153 151 152 150 148 147 146 145 143 142 142 141 141 144 149 150 151 150 149 148 148 148 147 147 147 146 145
164 166 168 170 172 173 176 177 179 180 180 181 181 180 181 182 183 185 187 187 186 184 184 183 182 181 180 180 179 179 178 178 179 177 177 176 176 175 173 173 171 170 171 171 171 172 171 171 169 169 167 166 166 167 167 165 164 161 163 161 161 153 149 152 154 154 155 154 152 149 149 148 145 145 145 144 143 142 142 141 145 149 150 150 149 149 149 148 148 148 147 147 147 145
164 167 169 171 172 173 175 177 179 181 182 182 181 181 181 183 183 184 186 186 185 183 183 182 182 181 180 180 179 179 177 178 178 177 178 177 176 175 174 173 172 172 172 173 173 174 174 173 172 170 169 167 166 166 166 166 164 164 163 162 161 159 155 152 154 155 154 154 152 149 149 148 147 146 146 145 145 143 143 142 146 149 151 150 149 149 149 149 149 148 147 147 147 145
166 169 170 171 171 173 174 176 180 181 182 183 183 183 184 183 184 183 183 182 182 183 182 182 181 181 180 180 179 178 177 177 178 177 177 177 177 176 174 174 174 173 174 174 175 175 174 174 174 172 170 169 168 166 166 166 165 164 164 162 161 157 157 156 149 154 155 152 151 151 150 150 148 148 148 147 145 144 144 143 149 150 150 151 150 149 149 149 149 148 147 147 146 145
166 168 169 171 172 174 176 179 181 183 184 183 184 185 184 184 183 180 181 181 182 182 182 181 180 180 180 179 179 179 179 178 177 178 177 177 176 176 175 174 174 175 176 176 178 177 176 176 175 173 172 171 170 168 166 166 165 164 164 163 156 151 155 157 153 152 156 152 151 152 151 150 150 149 148 147 146 145 144 144 147 150 151 151 150 149 148 149 149 149 148 147 146 145
167 168 169 172 173 175 177 181 183 185 185 185 185 185 185 183 181 180 181 181 181 181 181 181 180 180 180 179 178 179 179 178 177 177 176 176 177 175 176 176 177 177 178 178 179 179 178 178 176 173 173 173 170 168 167 168 166 165 164 163 151 142 154 157 158 155 157 155 153 153 152 152 150 149 149 148 146 147 146 145 149 151 151 150 150 149 148 149 149 149 148 147 146 144
166 169 170 171 174 176 180 183 185 185 186 185 185 186 185 182 181 180 180 181 181 181 181 181 180 179 180 179 177 178 179 178 178 177 177 176 176 177 178 178 179 180 181 181 182 181 180 179 177 175 175 172 170 169 169 168 166 165 165 163 154 155 156 159 159 157 158 156 155 154 153 152 151 150 150 149 148 148 148 147 147 151 150 150 149 150 149 149 149 149 148 147 146 145
168 170 172 173 175 178 182 185 186 186 187 186 186 186 185 183 182 180 180 182 181 181 179 180 180 179 178 179 178 176 179 179 179 177 177 178 177 178 179 180 179 182 182 183 184 183 181 180 178 176 175 173 171 171 170 169 167 165 165 163 162 162 161 161 159 158 157 156 156 155 154 152 151 151 151 149 149 150 148 148 147 151 150 151 150 149 149 149 149 148 149 147 146 146
