data/bioclim/bclim17.asc
NCOLS 210 
NROWS 174 
XLLCORNER 27.125 
YLLCORNER -2.20833333333333 
CELLSIZE 0.0416666666666667 
NODATA_value -32768 
[rows 0 to 41 of 174, columns 0 to 95 of 210]
53.000000000000000 53 54 52 52 52 52 52 50 49 48 48 47 46 45 44 44 43 43 41 41 40 40 40 39 38 37 38 37 36 36 36 36 35 35 35 35 35 35 36 36 36 35 36 36 36 36 36 36 37 37 37 37 37 36 36 37 38 38 37 37 37 37 36 34 33 33 34 34 34 34 33 32 30 30 30 29 29 28 26 27 27 26 26 24 23 23 23 22 21 21 21 20 20 20 20
54 54 55 54 54 54 53 53 52 52 50 49 48 48 46 46 45 45 45 43 41 41 41 40 40 39 39 38 38 38 38 37 37 37 37 36 36 37 37 37 37 37 38 38 38 37 37 36 37 38 37 37 39 38 38 38 38 39 39 38 38 37 37 37 36 36 36 36 36 36 36 35 33 33 33 32 31 30 29 27 27 27 27 27 26 25 25 23 23 22 21 21 21 21 20 20
58 57 55 56 56 56 54 53 53 52 52 50 50 50 49 48 46 46 45 45 44 44 42 42 40 40 39 39 40 38 39 39 37 38 38 37 38 39 38 37 37 38 39 39 39 39 39 39 38 38 39 39 39 40 41 40 41 41 41 41 40 40 40 40 39 39 37 36 42 39 39 36 35 34 33 33 33 31 29 28 27 27 27 27 27 27 25 24 24 23 21 21 21 21 21 20
58 58 58 57 57 57 56 54 54 54 53 52 52 50 50 49 49 47 47 46 45 44 43 42 41 41 41 40 40 40 39 39 39 38 39 39 39 39 39 39 40 39 39 39 40 40 40 40 40 41 41 41 42 42 42 42 42 44 44 44 42 41 40 41 41 40 39 39 39 39 39 37 37 36 35 35 33 32 31 30 28 29 28 28 28 28 28 25 24 24 23 21 22 22 22 20
59 59 59 59 59 57 57 56 56 55 54 54 54 53 51 50 50 49 49 47 46 46 44 42 42 42 41 41 41 41 41 40 40 39 41 41 40 40 41 41 41 41 40 42 42 42 42 40 41 41 42 42 44 45 45 45 44 45 46 45 44 43 43 42 43 42 41 40 39 39 41 40 39 37 37 35 34 33 31 31 30 29 29 29 29 28 28 26 25 24 24 22 22 22 22 22
62 62 61 60 59 59 58 57 57 57 55 55 55 54 54 52 51 50 49 48 47 46 46 45 43 43 43 42 42 42 41 41 41 40 41 41 41 41 43 43 43 41 42 42 43 44 43 43 43 44 44 44 46 47 47 47 46 46 48 46 46 45 45 45 45 45 43 43 42 42 43 42 41 40 37 37 35 35 34 31 31 29 29 29 29 29 30 28 26 25 24 23 22 22 25 22
63 63 63 61 60 60 58 58 58 58 57 57 55 55 54 54 52 50 50 48 47 47 46 46 45 45 43 43 42 43 44 43 43 43 43 42 42 43 43 43 44 44 44 44 45 45 44 44 44 45 47 47 49 49 50 50 49 49 49 49 49 48 48 47 46 48 46 44 43 43 45 44 43 41 40 38 38 35 34 33 32 32 29 29 30 30 30 29 27 26 25 25 23 24 27 22
64 64 64 63 62 62 61 61 60 59 59 58 56 55 55 56 53 52 51 51 48 47 48 47 47 46 46 44 44 44 45 45 43 43 43 43 44 45 45 45 45 44 46 46 46 47 47 46 46 47 49 49 49 49 50 52 53 53 52 52 52 52 50 49 48 48 48 48 46 46 46 45 44 42 41 40 38 36 36 34 32 32 32 30 30 30 30 30 29 28 26 25 24 27 27 23
67 67 64 64 64 63 63 62 62 61 60 59 59 58 57 57 56 55 52 51 51 50 49 48 47 48 46 45 44 46 45 45 45 45 44 45 45 45 46 47 46 46 47 47 49 49 48 48 48 48 49 49 52 52 53 54 56 56 56 54 56 54 53 53 52 51 51 51 49 49 47 46 45 43 42 41 39 38 36 36 34 34 32 31 31 30 30 30 31 29 28 26 24 27 26 26
68 68 66 66 66 66 65 64 64 62 62 60 60 60 59 58 57 56 53 53 53 51 52 51 49 48 48 47 46 46 47 47 46 46 47 47 47 47 47 47 49 48 48 49 49 50 50 50 50 51 51 52 52 53 54 56 58 58 58 60 60 57 57 57 56 55 54 54 51 51 49 47 47 45 43 42 40 39 37 36 36 34 34 33 32 32 32 31 31 30 30 27 27 27 27 26
69 69 68 68 67 67 66 66 65 64 63 62 62 60 60 60 59 57 56 56 55 53 52 52 51 49 48 47 48 48 47 47 47 48 47 47 48 48 48 50 50 51 51 51 52 52 53 52 52 54 54 54 55 55 57 57 59 60 60 62 62 62 61 60 60 59 58 56 54 52 52 49 47 46 45 43 41 40 39 38 36 37 36 34 33 32 32 31 31 30 30 29 29 28 27 25
72 72 71 70 69 69 67 67 66 65 64 64 64 62 62 61 60 59 57 58 57 56 55 53 51 51 50 49 48 48 49 48 49 49 49 50 50 51 52 52 53 53 51 52 53 55 54 53 54 55 55 56 56 57 58 60 61 61 62 62 62 62 65 64 64 62 59 58 55 54 52 51 50 47 45 44 43 41 40 39 37 37 36 36 35 33 32 31 31 30 30 30 30 29 27 26
74 73 73 72 71 71 70 69 68 67 65 65 65 64 64 62 61 61 60 59 58 57 56 54 53 53 52 51 49 49 49 50 50 52 52 52 53 53 55 55 56 55 54 55 56 56 56 56 56 57 57 58 58 59 60 62 61 64 64 65 65 65 65 66 65 64 62 59 57 55 53 52 50 48 46 45 43 43 41 41 38 38 36 36 37 34 33 33 33 31 31 31 31 29 27 27
76 76 75 75 74 73 72 71 70 68 68 67 66 65 65 64 62 62 61 60 60 58 57 56 57 56 54 53 52 51 51 52 51 53 53 53 53 55 55 57 58 58 58 59 59 59 59 58 58 58 59 59 60 62 63 64 64 64 65 65 66 68 68 66 67 64 63 62 60 57 55 53 51 49 48 47 46 45 43 41 39 39 38 37 37 36 35 33 33 32 31 31 31 31 29 27
78 77 78 76 75 75 75 72 72 70 70 69 69 68 67 65 65 63 62 61 61 61 60 59 58 57 56 54 53 55 54 55 55 56 55 56 56 56 58 58 59 59 60 60 60 61 61 61 61 61 62 62 62 64 64 64 66 67 68 68 68 69 69 69 69 67 65 62 60 59 57 54 53 52 50 49 47 45 44 43 42 39 37 37 37 35 35 34 33 32 31 31 31 31 29 29
80 79 79 79 78 76 76 75 73 72 72 70 70 70 69 67 67 66 64 62 62 62 61 61 60 58 57 57 56 56 56 57 57 59 59 58 58 59 59 60 60 60 60 60 61 62 63 63 64 64 64 65 65 66 66 67 67 68 68 68 70 70 72 72 72 69 67 65 63 60 59 57 55 53 52 50 48 48 46 46 43 41 39 37 37 35 35 35 33 33 33 32 32 31 31 30
83 82 81 80 80 78 77 76 74 73 73 73 72 71 70 70 69 67 66 64 65 64 62 62 62 61 60 60 60 59 59 60 60 60 61 60 61 61 60 61 62 62 63 63 63 63 63 64 65 67 66 67 66 67 68 69 70 70 71 71 72 73 72 74 72 72 70 67 65 62 60 57 57 55 53 51 51 49 47 46 44 41 40 39 38 36 35 35 33 33 33 33 32 31 31 31
85 84 83 83 81 80 79 77 77 77 75 75 73 73 71 71 70 69 68 67 66 65 64 64 64 63 62 63 62 63 62 62 63 63 62 62 63 63 62 63 63 64 63 63 64 64 66 66 67 67 68 68 69 69 71 71 72 72 73 73 73 75 72 72 73 72 71 70 67 65 62 60 58 56 54 52 51 50 48 46 44 42 42 39 39 37 36 36 33 33 34 36 34 32 32 31
87 87 85 84 84 82 81 79 78 78 78 77 76 74 75 73 71 71 70 69 67 66 67 66 65 64 65 64 65 65 65 65 64 64 64 64 63 65 64 65 65 65 66 66 67 67 66 68 69 70 71 70 70 70 71 73 73 73 74 74 74 75 74 74 74 73 72 71 70 65 63 61 60 57 56 54 53 53 51 48 46 44 42 41 40 37 37 36 35 34 34 34 33 32 31 30
90 89 88 87 85 84 83 82 82 81 79 78 78 76 76 74 74 72 71 70 70 70 69 68 68 68 67 67 67 66 66 67 66 67 65 67 66 66 67 66 66 68 68 69 69 70 69 70 70 71 71 71 72 73 74 73 73 75 74 74 76 75 74 74 73 73 73 73 70 68 66 63 62 60 58 55 55 54 51 49 46 46 44 42 40 39 38 36 35 34 34 32 32 32 30 30
92 91 91 88 88 86 85 84 83 82 81 79 79 79 78 75 75 74 73 73 73 71 70 69 70 69 68 69 69 68 68 68 69 69 68 67 68 68 68 69 69 70 71 72 71 72 72 72 73 73 72 73 74 74 74 75 76 76 75 76 77 77 75 75 75 75 73 73 72 70 67 65 63 61 58 56 56 55 53 50 49 47 44 44 42 40 38 38 36 34 34 33 32 32 32 31
94 94 92 92 89 89 87 86 86 84 83 83 82 80 80 79 76 75 75 74 74 74 73 73 72 71 71 70 70 71 72 71 70 71 70 70 70 71 72 72 72 73 73 75 74 74 75 75 76 74 74 74 75 75 76 77 76 76 76 77 77 77 75 76 75 75 76 74 72 70 69 68 66 63 61 59 58 56 53 52 50 48 46 45 42 42 40 38 36 36 35 34 32 32 32 31
97 95 95 94 92 90 90 88 87 86 86 84 83 82 81 80 79 78 76 77 76 75 75 76 74 73 72 73 73 73 74 73 72 73 72 72 72 74 73 73 74 75 75 75 76 76 75 76 76 76 76 75 77 78 78 78 77 76 79 79 78 77 78 78 77 76 76 75 73 71 71 69 68 65 62 61 58 59 56 54 51 49 49 47 45 43 42 40 38 36 35 34 34 32 32 32
98 98 96 96 93 93 92 91 89 89 88 87 85 84 83 83 80 79 79 79 78 78 78 77 76 76 75 76 75 76 75 75 75 75 75 74 75 74 75 76 76 76 78 78 76 78 77 77 79 79 77 77 78 78 79 79 78 79 79 79 79 78 78 78 78 77 77 75 73 73 71 70 68 66 63 63 61 59 57 55 53 51 50 47 47 45 43 41 40 37 37 34 34 33 33 33
102 99 99 99 97 95 94 93 92 92 90 88 87 87 85 84 84 82 80 81 80 79 79 78 78 78 78 78 79 79 78 77 78 78 77 77 78 77 79 79 78 79 79 79 79 79 79 79 80 80 80 80 81 81 80 79 79 79 79 79 79 80 81 80 80 79 77 76 74 74 72 71 71 69 66 66 63 61 59 56 55 54 51 49 48 45 45 42 41 38 37 35 33 33 33 33
103 102 102 100 99 97 98 95 94 94 91 91 89 88 87 86 85 85 84 83 83 82 82 80 80 81 81 81 80 81 80 80 79 78 80 79 81 80 81 82 81 82 81 81 82 82 81 82 82 82 80 81 81 81 81 81 82 82 81 81 82 81 81 82 80 79 77 76 75 74 73 72 71 72 68 69 66 64 62 59 57 54 54 52 49 48 46 44 42 42 45 37 35 33 33 33
105 105 103 103 101 101 100 98 97 95 95 92 91 90 88 88 88 86 86 85 84 83 83 83 83 83 83 83 83 83 83 82 82 81 83 82 84 83 84 84 84 85 84 83 82 84 83 82 83 83 83 83 82 83 83 83 83 83 83 83 83 83 82 82 81 79 79 77 77 76 75 74 73 72 72 69 68 67 63 61 60 57 55 53 50 49 49 46 45 45 46 39 35 35 35 35
108 107 106 104 104 103 102 100 99 98 96 96 95 92 92 90 90 89 88 88 87 87 86 85 86 85 85 85 85 85 84 85 85 86 86 85 87 86 87 86 86 85 86 85 85 86 85 85 84 84 84 84 84 85 85 85 85 86 85 84 83 83 83 81 81 81 81 80 79 78 76 74 74 74 72 71 70 69 67 65 62 62 60 56 53 52 51 49 46 47 47 42 39 38 38 38
110 110 109 108 107 105 105 102 101 101 99 98 97 96 94 94 92 92 91 90 88 88 88 88 88 89 88 87 88 87 87 88 89 90 89 88 90 89 89 89 88 88 87 88 88 86 86 87 87 86 87 87 87 87 87 88 88 86 86 85 85 84 84 83 82 82 82 80 79 79 77 77 76 74 72 72 71 69 70 68 67 69 66 57 59 57 54 54 50 54 50 45 42 39 40 40
113 113 114 111 109 108 107 106 105 104 103 101 100 100 97 96 94 94 93 92 91 91 92 91 91 90 90 90 91 91 90 92 92 92 92 93 93 92 91 92 91 91 91 91 89 89 90 90 89 89 89 90 89 89 89 89 88 87 86 86 86 86 86 85 85 83 83 83 82 80 80 79 77 75 75 72 72 70 70 68 70 71 69 62 68 63 59 57 54 56 51 47 45 43 42 42
116 116 117 115 113 111 109 109 108 106 106 104 103 101 100 98 98 97 95 94 93 94 94 93 93 93 94 94 94 94 95 94 95 95 95 95 94 95 94 95 94 93 94 94 92 92 91 92 92 92 91 90 90 90 90 89 89 89 88 88 88 87 87 86 85 85 84 83 82 82 80 78 77 78 78 75 75 72 73 72 73 74 75 71 72 69 62 63 60 56 53 49 47 45 44 43
119 119 119 118 117 115 113 112 110 109 107 107 105 104 102 101 100 98 98 96 96 97 96 96 96 96 97 97 98 97 98 97 97 97 98 97 98 96 97 97 97 95 97 97 95 95 94 93 93 93 93 92 92 92 92 91 90 91 90 90 90 89 88 88 87 86 86 84 84 83 81 80 79 78 80 77 76 75 76 75 76 77 77 72 73 72 66 66 62 57 53 51 48 47 45 45
123 122 121 120 121 118 117 115 113 112 111 110 108 107 105 104 102 101 101 100 99 100 99 101 101 99 100 100 102 100 101 100 100 101 100 100 101 99 100 99 99 99 98 98 99 98 97 96 95 96 96 95 95 94 93 93 93 93 92 91 91 90 91 89 89 87 86 85 85 84 83 81 80 80 80 77 77 76 77 77 78 79 79 76 75 73 68 68 63 59 55 52 50 49 49 47
126 126 125 124 124 122 121 119 118 116 115 114 113 111 110 108 107 105 103 103 103 104 104 104 106 105 104 105 105 103 104 104 105 104 103 104 104 103 104 103 103 102 103 102 101 100 100 99 98 99 98 98 97 96 96 95 95 95 94 94 93 92 92 91 91 89 89 88 87 86 85 84 82 81 81 79 78 77 79 79 81 82 80 78 75 75 71 69 66 63 58 55 52 52 52 51
129 129 129 129 128 125 126 124 122 121 119 117 116 116 114 113 111 109 108 108 108 107 108 108 109 109 108 107 107 108 108 109 108 107 107 107 107 106 106 106 105 105 105 104 103 102 101 101 101 102 101 100 99 98 98 97 97 97 97 96 95 94 94 94 93 92 90 89 89 88 87 86 84 84 82 83 81 80 80 82 82 82 82 79 78 75 71 70 69 67 61 58 55 55 54 56
133 133 132 132 132 130 129 128 126 125 123 122 122 120 119 117 116 114 114 113 112 112 111 111 111 111 112 112 113 112 113 113 113 112 112 112 112 111 110 109 108 107 106 107 106 106 104 104 102 102 102 101 102 101 100 100 99 100 100 99 98 96 97 96 95 95 93 92 92 90 89 89 85 84 84 84 86 84 85 85 84 82 82 79 77 75 71 71 70 71 64 64 62 61 62 60
136 136 136 136 134 134 133 131 130 129 128 126 125 124 123 121 120 119 118 118 117 116 116 115 115 115 116 117 116 117 117 117 117 116 117 117 116 115 114 114 112 111 110 109 109 108 108 108 105 105 104 104 105 102 103 102 101 101 101 101 101 99 99 99 98 97 95 95 93 93 92 90 87 87 87 87 85 87 84 85 84 82 81 80 78 75 73 71 72 70 68 70 69 68 63 60
139 138 138 139 139 137 136 135 134 134 132 131 130 129 128 126 125 124 124 123 122 120 120 121 120 120 119 121 121 121 121 121 122 121 121 122 121 119 118 117 116 114 114 112 112 112 110 111 107 107 108 105 105 105 105 104 104 103 104 104 103 102 101 101 101 99 98 97 96 96 95 92 90 87 90 92 89 87 87 86 84 84 82 81 78 75 72 71 70 71 74 75 73 68 64 61
144 142 142 142 142 141 139 139 138 138 137 134 134 132 132 130 130 130 129 128 126 125 125 125 126 125 124 123 124 125 125 126 126 126 126 125 126 123 121 121 119 117 117 115 115 116 115 113 112 110 108 108 108 108 107 107 107 107 107 107 107 105 104 104 105 103 101 101 99 98 97 96 93 90 90 92 89 87 87 87 87 84 82 82 77 75 73 72 70 74 76 77 76 69 67 64
148 147 146 145 145 145 143 142 142 141 140 138 138 137 136 134 133 133 132 132 131 130 129 130 130 131 129 129 128 129 130 130 131 130 131 131 129 127 126 125 124 121 121 118 118 119 117 117 118 113 110 111 110 110 110 110 111 110 110 111 111 109 107 108 108 106 103 102 100 99 97 96 96 94 93 92 90 88 88 89 87 85 85 82 80 78 76 76 75 78 80 82 80 74 70 68
151 151 150 149 149 149 147 146 146 146 143 143 142 141 139 139 138 136 137 137 136 135 134 133 134 134 133 132 133 133 134 135 134 135 134 134 133 131 130 129 127 126 124 121 121 124 123 124 121 116 114 112 112 113 112 113 113 112 112 113 112 112 111 110 109 106 105 104 102 100 100 97 96 96 95 92 90 89 90 90 90 88 85 85 83 83 82 80 80 83 86 84 80 79 73 71
154 153 153 153 151 152 151 149 149 148 147 146 145 145 142 142 142 142 142 143 141 140 139 138 138 138 138 138 138 137 136 137 138 138 137 136 136 135 135 132 130 129 127 127 125 128 128 127 125 120 118 116 115 115 114 113 112 114 115 115 113 112 113 110 109 109 108 106 104 103 102 101 98 96 94 93 91 90 90 90 90 90 90 87 86 86 87 87 87 89 91 87 83 80 75 72
