data/bioclim/bclim7.asc
NCOLS 210 
NROWS 174 
XLLCORNER 27.125 
YLLCORNER -2.20833333333333 
CELLSIZE 0.0416666666666667 
NODATA_value -32768 
[rows 0 to 41 of 174, columns 0 to 93 of 210]
153.000000000000000 153 153 153 154 154 154 155 156 157 158 158 160 160 161 162 164 163 165 166 167 168 169 170 171 172 172 172 174 174 174 175 176 176 177 177 178 178 177 177 178 178 179 179 179 180 180 180 181 181 181 181 181 182 182 183 182 182 181 180 181 179 179 178 178 178 178 176 176 176 175 175 176 176 177 177 176 177 178 178 178 178 178 178 178 178 178 178 179 179 179 179 179 179
153 153 153 154 154 155 155 155 156 156 157 159 159 160 161 163 163 163 165 166 167 168 169 170 171 171 172 173 173 174 174 175 176 175 177 177 177 177 177 177 178 178 178 178 178 179 180 181 180 181 181 181 181 181 183 182 182 182 181 180 180 180 178 178 177 177 177 176 175 174 174 175 175 175 176 176 175 176 177 177 178 179 178 178 178 178 178 179 179 179 180 179 179 179
153 153 153 153 154 154 155 156 156 157 158 159 159 161 161 163 164 163 165 166 167 168 169 169 171 171 172 173 173 174 174 175 176 175 176 176 177 178 178 177 178 178 178 178 178 178 179 179 180 179 180 181 181 181 181 182 182 181 180 179 178 179 178 176 176 176 177 176 171 173 174 175 175 175 175 176 175 176 177 177 178 178 178 177 178 177 178 179 179 179 180 180 180 180
153 152 153 154 154 154 155 156 157 158 157 159 160 160 161 162 163 164 165 166 167 168 169 170 171 171 173 172 173 174 174 174 176 176 176 177 177 177 177 177 178 177 178 177 178 178 178 179 179 179 180 179 180 180 180 181 181 179 178 178 178 178 177 176 175 175 174 174 173 173 173 173 174 175 175 175 176 176 177 177 178 178 178 178 178 178 177 179 179 180 180 180 180 180
152 153 154 154 154 154 155 156 157 158 158 159 159 161 161 162 163 164 165 165 167 168 169 170 170 171 172 173 173 174 175 175 176 176 176 176 176 177 177 177 177 177 177 177 177 177 178 179 178 178 178 179 178 179 179 179 179 178 177 177 177 175 175 174 174 174 174 174 174 173 173 173 173 174 174 175 176 176 177 177 178 178 178 178 178 178 177 179 179 180 180 181 180 179
152 153 154 154 155 156 155 156 156 157 158 159 160 160 161 162 163 164 165 166 167 168 169 170 170 171 172 173 173 173 174 174 175 176 176 176 176 176 176 176 177 177 177 176 176 176 177 177 177 177 178 178 177 176 176 177 177 176 175 175 175 174 174 173 173 172 172 173 172 172 171 172 172 173 174 174 175 175 176 177 178 178 178 178 177 177 178 178 178 180 180 180 180 180
153 153 154 154 155 155 155 156 157 158 158 159 160 160 161 162 164 164 165 166 167 168 168 170 171 170 172 173 174 173 174 175 175 175 176 175 176 176 176 175 176 177 176 176 176 176 176 177 176 176 176 176 176 175 175 175 175 174 174 173 173 173 172 172 171 171 171 171 172 172 171 171 172 173 173 174 175 175 176 177 178 178 178 178 178 179 179 177 178 179 180 180 181 179
153 153 154 154 154 156 155 157 157 158 158 159 161 160 162 162 163 164 165 166 167 168 169 170 171 171 171 172 173 174 174 174 175 176 176 176 176 175 176 175 174 176 175 175 175 175 175 176 175 176 175 174 174 174 174 173 172 172 171 171 170 171 170 170 170 170 169 170 170 170 171 171 172 173 172 173 175 176 175 177 177 178 178 179 179 178 178 178 178 178 179 180 181 178
153 153 153 154 154 156 155 156 158 158 158 159 160 160 162 163 163 164 166 166 167 168 169 170 170 171 172 173 173 174 174 175 175 175 175 175 175 175 175 174 175 175 174 175 174 174 174 174 175 174 174 173 174 173 171 171 169 169 169 169 168 168 168 168 168 168 168 168 169 170 169 170 171 173 173 173 174 175 175 177 177 177 178 178 178 179 179 178 178 178 179 179 180 178
153 153 154 154 155 156 156 156 157 158 158 159 160 160 162 162 163 164 165 166 166 168 168 170 170 171 172 173 173 175 175 175 175 174 175 174 174 174 175 174 174 174 174 174 173 173 173 173 173 174 172 172 172 172 171 169 168 167 166 165 165 165 166 166 166 166 166 168 168 169 169 170 171 172 172 174 175 175 176 177 177 177 177 178 178 179 178 178 178 178 178 179 180 179
153 154 154 154 155 156 156 156 158 158 159 160 161 160 162 163 163 164 165 165 166 167 167 168 170 170 171 173 174 174 175 175 175 174 174 174 174 174 174 173 173 172 172 173 172 172 172 172 172 171 171 170 170 170 169 169 167 166 165 164 164 163 163 164 164 165 165 166 167 167 169 170 170 171 172 173 174 174 176 176 177 178 178 178 178 179 179 178 179 179 177 178 179 179
153 154 154 154 154 155 156 157 158 158 159 159 160 161 162 162 163 164 165 165 166 167 167 169 170 171 172 172 173 174 174 174 174 173 174 174 173 173 172 172 171 172 172 172 171 170 171 171 171 171 170 170 169 169 168 166 165 164 163 163 163 163 162 162 163 163 164 166 166 167 168 169 170 171 172 173 174 174 175 176 177 178 177 178 178 178 178 179 179 179 179 178 178 178
153 153 154 155 155 155 156 157 157 158 159 160 160 161 161 162 162 164 165 164 166 166 167 169 169 170 171 172 172 173 174 174 173 173 173 173 172 172 171 171 171 171 170 170 169 169 170 169 169 169 168 169 168 167 166 164 165 163 163 163 163 163 161 161 162 162 163 164 165 167 167 169 169 170 173 173 174 174 175 176 177 177 177 178 178 178 179 179 179 179 179 179 178 178
152 154 154 154 155 155 157 157 158 158 159 160 160 161 161 162 162 164 164 165 165 166 167 168 169 170 170 171 172 172 172 173 172 172 172 171 172 171 171 170 169 169 169 169 169 168 168 168 167 168 167 167 166 165 164 163 163 163 163 162 161 161 160 161 161 162 163 164 165 166 167 168 169 170 172 172 173 174 175 176 177 178 178 178 178 178 179 179 179 179 179 179 179 178
152 153 155 154 155 155 156 157 158 159 159 160 160 161 162 162 162 164 164 165 166 166 167 167 168 169 169 170 171 171 171 171 171 171 171 171 171 170 170 169 169 169 169 168 168 167 167 167 167 166 166 166 165 164 163 162 162 161 161 160 160 160 160 160 159 161 162 163 164 165 166 168 169 170 170 171 173 174 175 175 177 178 178 178 179 179 180 180 179 179 179 179 179 178
153 154 154 154 154 155 157 157 158 159 159 159 159 161 161 162 163 163 164 165 165 166 167 167 168 169 169 170 170 171 170 170 170 170 170 170 169 169 169 168 168 168 168 168 167 166 166 166 165 165 164 163 163 163 162 162 162 160 160 160 159 159 159 158 159 160 162 162 163 164 166 167 168 169 170 172 173 173 174 175 176 178 178 179 180 180 180 180 180 179 179 180 178 178
152 153 154 154 155 156 157 157 158 159 159 159 160 161 161 161 162 163 164 164 165 166 166 167 167 168 169 169 169 169 169 169 169 168 169 168 168 168 168 168 168 168 166 166 166 166 165 164 165 163 163 162 162 162 161 161 160 159 159 159 159 158 157 158 158 159 160 161 162 164 164 167 167 168 170 171 172 173 173 174 177 178 178 179 180 180 181 180 180 180 179 178 178 178
153 154 154 154 155 156 156 157 158 158 159 159 160 161 161 161 163 163 164 164 165 165 166 166 167 167 167 168 168 168 169 168 168 168 167 168 168 167 167 167 166 166 166 166 166 165 165 164 163 162 162 162 161 161 160 159 159 159 158 158 157 157 158 158 158 159 159 160 162 163 165 166 167 168 169 171 172 173 174 175 177 177 179 180 181 181 181 181 181 180 179 176 176 177
153 153 154 154 155 155 156 156 157 158 159 159 160 161 161 161 163 163 163 164 165 165 165 166 167 167 167 166 167 167 167 167 167 168 167 167 168 166 166 166 166 166 166 165 164 164 163 163 163 161 160 161 160 160 159 159 158 158 158 158 158 157 158 158 158 159 159 160 161 163 164 165 166 168 169 170 171 171 174 175 177 177 179 180 181 181 181 181 181 179 180 179 177 178
153 153 154 155 154 156 156 157 157 158 159 159 159 161 161 161 162 163 164 164 163 164 165 165 166 166 167 166 166 166 166 166 166 167 166 166 166 166 165 165 165 165 164 164 163 162 162 162 161 161 161 161 160 159 159 158 158 158 157 158 157 158 157 158 159 159 159 160 160 162 163 165 165 167 169 169 171 172 173 174 176 178 179 180 181 181 181 181 181 181 180 180 179 177
153 153 154 154 155 155 156 157 157 158 159 159 159 160 161 162 162 163 163 163 164 164 164 166 166 165 165 166 166 166 166 166 166 166 165 166 165 165 165 165 164 164 164 162 162 162 161 161 160 160 160 159 158 158 158 157 157 157 157 157 156 157 157 157 158 158 158 159 159 161 162 164 165 167 168 169 170 171 172 174 176 178 178 181 181 181 182 181 181 180 180 179 179 177
153 153 154 155 155 155 156 157 157 157 158 159 160 160 160 162 162 162 163 164 163 163 163 165 164 165 165 165 165 164 165 165 164 165 165 165 164 164 163 163 162 163 162 161 161 161 160 160 159 159 158 159 158 157 156 157 156 157 157 156 156 156 157 158 157 157 158 158 159 161 162 163 164 166 167 169 170 171 172 174 176 177 179 180 181 182 182 182 182 180 180 179 177 177
153 153 153 154 155 156 156 156 157 157 158 158 159 160 160 161 161 162 163 163 163 164 163 163 164 165 164 164 164 164 164 163 164 164 164 164 164 163 162 162 162 162 161 160 160 159 159 159 159 158 158 158 156 156 156 156 156 156 156 155 156 156 156 156 158 157 158 159 160 161 161 163 162 164 167 168 169 170 171 174 175 177 178 179 182 182 182 181 180 179 179 177 177 176
153 154 153 153 155 155 155 156 157 158 157 158 159 159 160 161 162 162 162 163 163 163 163 163 163 164 164 163 163 164 164 163 163 164 163 163 162 162 162 162 161 161 160 159 160 159 158 159 157 156 157 157 156 155 156 156 155 156 155 155 155 155 155 156 157 157 158 158 160 160 161 162 163 164 166 167 168 169 171 172 173 176 176 179 179 181 181 179 178 179 177 176 176 176
152 153 153 153 154 155 156 156 157 157 157 158 159 160 160 161 161 161 162 163 163 163 163 163 163 163 163 163 163 163 163 163 162 163 162 162 162 162 161 161 160 160 159 158 159 158 158 157 156 156 156 156 156 155 155 155 155 155 156 155 155 156 156 156 156 156 158 158 158 160 161 161 162 163 165 165 167 168 170 171 173 175 176 177 179 179 179 179 178 177 177 175 176 176
152 153 153 153 154 155 155 156 156 157 158 158 158 160 160 160 161 162 162 162 162 162 163 163 163 163 163 162 162 162 162 162 162 162 162 161 160 160 160 160 160 158 158 158 158 158 157 156 157 156 156 155 154 155 154 154 155 154 155 154 154 155 155 155 156 156 158 158 159 159 161 161 161 162 164 164 166 167 168 170 171 174 174 175 177 177 177 177 177 175 172 175 175 176
152 153 153 153 154 155 155 155 155 157 157 158 159 159 160 160 160 161 162 163 162 162 162 162 162 162 162 162 162 161 161 161 162 161 161 160 159 159 159 158 158 157 158 157 157 157 156 156 156 154 155 155 154 154 153 153 153 153 153 154 154 154 155 155 155 155 157 158 158 158 159 161 161 161 162 163 164 166 168 169 170 172 172 174 175 176 175 175 175 172 170 173 174 175
152 153 153 153 153 155 156 155 156 157 157 158 158 159 159 160 160 160 161 162 162 162 162 162 161 161 161 161 160 161 161 160 160 160 160 159 158 159 158 157 158 157 157 157 155 156 155 155 154 155 154 153 153 153 153 153 153 152 153 153 154 154 155 155 156 156 156 157 158 158 159 160 161 161 162 163 164 164 166 166 169 168 170 172 174 173 173 173 173 172 170 172 173 173
152 153 153 153 154 154 155 155 155 156 157 158 158 158 160 160 160 160 160 161 161 162 161 161 161 161 160 161 160 161 160 160 159 159 158 158 158 158 157 157 156 156 156 155 155 155 154 154 153 153 153 152 152 151 152 151 151 152 152 153 153 153 154 154 155 155 156 156 157 157 158 159 159 161 161 162 163 164 164 165 165 165 166 171 169 170 171 171 171 167 168 171 172 172
151 152 152 153 153 154 155 155 156 155 156 157 158 157 158 160 160 160 160 161 161 161 160 160 160 160 160 160 160 160 159 159 158 158 157 157 157 156 157 156 156 156 155 155 155 154 153 153 152 152 152 151 152 152 151 150 151 151 152 152 152 153 152 153 153 155 154 155 156 157 157 157 158 160 160 162 162 164 164 164 164 163 165 168 164 166 167 167 168 167 168 171 171 171
151 151 151 152 153 153 153 155 155 155 156 157 158 158 158 159 159 160 160 160 161 160 160 160 160 160 160 160 158 158 157 157 157 157 157 156 156 156 156 155 155 155 155 153 154 153 153 152 152 152 152 151 152 151 150 150 150 151 151 151 151 152 152 152 153 153 154 154 156 155 157 157 158 159 159 161 162 162 162 162 162 161 161 164 163 163 166 163 164 166 167 170 170 170
151 151 151 152 152 153 154 154 155 155 156 156 157 157 157 158 159 159 160 161 160 160 160 159 160 159 159 158 158 157 157 158 157 157 156 156 156 156 154 154 154 154 153 152 153 152 153 152 152 151 151 151 150 149 150 150 150 150 150 151 150 151 152 152 152 153 153 154 155 155 156 157 157 158 157 159 160 160 160 161 160 160 159 162 160 161 163 162 162 166 167 168 169 169
151 151 151 151 152 152 153 153 154 154 156 156 156 157 157 158 159 159 160 159 159 160 159 159 158 158 158 157 157 157 156 157 155 155 156 155 154 154 153 153 153 153 153 152 151 151 151 151 150 150 149 150 149 149 149 149 149 148 149 149 149 150 151 151 151 152 153 153 154 154 156 157 156 157 157 158 159 159 159 159 159 158 158 160 159 159 161 161 162 164 166 167 169 169
149 150 151 152 152 151 152 153 153 153 155 155 155 156 157 157 158 158 159 159 159 158 158 157 157 157 157 156 156 156 155 155 155 155 154 154 154 153 153 153 152 152 151 151 150 150 150 150 150 148 148 148 148 148 148 148 148 148 148 148 149 150 149 150 151 151 152 153 153 154 154 154 156 157 157 158 158 159 158 158 157 156 156 157 157 156 159 159 161 161 165 167 167 168
149 149 149 150 151 151 152 152 153 153 154 154 154 155 155 156 156 157 158 158 157 157 157 156 157 156 156 156 155 155 155 155 155 154 154 153 153 153 153 152 152 151 151 150 150 150 150 149 149 148 148 148 147 147 148 148 147 148 147 147 149 148 148 149 150 150 151 152 152 153 153 154 154 156 155 156 157 157 157 156 155 154 154 156 156 156 157 157 158 158 162 164 165 166
150 149 149 149 150 151 151 151 151 152 153 153 154 154 155 155 156 155 156 156 156 157 156 156 155 155 155 155 154 154 154 153 152 153 152 152 151 151 151 151 151 151 150 150 149 149 148 148 148 147 148 147 147 147 147 147 147 147 147 147 147 147 147 148 148 149 150 151 151 151 152 153 154 155 155 155 155 154 154 154 154 155 155 154 155 156 157 157 156 157 160 162 163 165
149 149 149 149 150 150 150 151 151 152 152 152 153 154 154 154 155 154 154 155 155 155 155 155 154 154 154 154 153 153 152 152 152 152 152 151 150 150 150 150 150 149 150 150 149 148 148 148 148 148 147 147 146 147 147 147 147 147 146 147 146 147 147 147 148 148 149 150 150 150 151 152 153 153 153 153 154 154 154 153 154 155 154 154 154 155 156 157 156 157 159 159 160 162
148 149 149 149 149 149 149 150 150 151 151 152 152 152 153 153 153 154 154 154 154 154 154 153 153 153 153 152 152 152 152 151 151 150 151 150 151 150 150 149 149 149 149 149 147 147 147 148 147 146 147 147 147 147 146 146 146 147 146 146 147 147 147 146 147 148 148 148 149 149 150 150 151 153 151 151 152 152 153 152 154 153 153 153 154 154 155 156 156 157 157 158 159 163
148 147 148 148 148 148 149 149 149 150 150 151 152 151 152 152 153 153 152 152 153 153 153 152 152 152 152 152 151 151 151 150 150 149 151 150 150 150 150 149 149 149 148 148 147 148 147 147 146 147 147 146 146 145 146 146 146 146 146 146 145 146 146 146 145 146 146 147 148 149 150 149 150 151 151 150 151 153 152 152 152 152 152 152 153 154 154 155 156 156 157 158 160 164
146 147 147 148 148 148 149 148 149 149 149 150 150 150 151 151 151 151 151 151 152 152 152 152 152 151 152 151 151 150 149 149 149 150 149 149 149 149 148 148 148 148 148 148 148 147 146 146 147 146 146 146 146 146 146 146 145 146 145 145 146 145 146 146 146 146 146 146 147 148 148 149 149 150 150 150 151 152 150 151 150 151 151 151 152 152 153 154 155 156 157 158 160 164
147 147 147 147 147 147 147 148 149 149 149 149 149 149 150 150 150 150 150 151 151 150 150 151 150 150 150 150 150 150 149 148 148 150 149 150 149 148 148 148 148 147 148 147 147 147 146 145 145 145 146 145 145 145 145 145 144 145 145 145 145 145 146 146 146 146 146 146 146 147 148 148 148 148 149 150 151 151 151 149 150 150 150 151 151 152 152 152 155 154 156 158 161 162
145 147 147 147 147 147 147 147 147 147 148 148 149 149 149 149 149 150 150 150 149 149 149 149 149 149 149 148 149 149 148 148 149 148 148 148 149 148 147 148 147 147 147 146 146 146 146 145 145 145 145 145 146 145 145 145 144 144 145 144 145 145 146 146 146 145 146 146 146 146 146 147 147 148 149 149 150 150 150 150 149 150 149 151 151 152 152 152 153 154 155 157 161 163
