data/bioclim/bclim17.asc
NCOLS 210 
NROWS 174 
XLLCORNER 27.125 
YLLCORNER -2.20833333333333 
CELLSIZE 0.0416666666666667 
NODATA_value -32768 
[rows 126 to 167 of 174, columns 0 to 95 of 210]
347 349 351 346 345 342 338 334 331 326 326 321 315 314 312 309 308 308 299 295 293 292 288 283 280 280 279 281 279 276 273 272 269 265 266 263 263 257 253 250 249 248 252 264 261 284 281 272 258 251 249 257 257 256 252 242 176 170 167 163 160 156 152 148 146 145 150 150 149 147 148 165 172 182 186 185 182 177 173 172 164 157 151 144 138 133 128 123 119 116 112 109 106 103 100 99
348 349 350 349 348 345 342 338 335 330 331 325 318 318 317 314 311 313 304 299 296 292 289 286 285 283 280 282 279 276 275 274 274 273 273 271 268 263 256 254 250 251 252 291 273 282 273 261 252 247 246 249 251 250 245 219 174 171 168 164 161 158 156 152 150 148 151 150 149 148 166 182 180 182 184 182 179 174 168 163 160 154 146 140 133 128 123 119 115 111 108 105 102 100 98 96
352 353 353 353 353 352 347 344 340 337 336 330 324 324 323 317 318 313 309 304 298 295 291 288 285 285 285 282 278 279 279 277 274 273 273 271 269 266 259 255 255 268 285 287 279 276 270 262 251 245 245 248 246 245 241 199 175 172 169 165 164 161 158 156 151 148 154 151 149 150 178 190 183 178 181 178 175 169 163 160 155 148 142 134 129 123 120 115 112 107 104 102 99 97 94 93
357 357 355 355 355 355 354 348 345 344 339 334 328 330 327 323 321 317 313 307 303 299 296 291 291 293 291 287 282 281 280 277 275 272 273 270 267 271 291 270 291 282 288 283 275 275 272 262 250 245 245 245 246 243 205 177 175 173 170 169 166 164 160 155 152 149 156 153 149 158 181 191 183 180 180 176 170 166 162 158 152 145 137 130 124 119 115 112 107 104 100 99 96 92 92 91
360 360 357 359 359 357 357 357 354 351 343 336 333 336 332 327 325 322 315 312 307 302 300 297 299 297 296 288 284 282 280 278 277 273 272 287 271 278 273 269 276 283 290 283 277 274 270 259 250 246 249 244 246 242 183 178 176 173 173 170 167 164 159 156 153 151 154 153 153 171 190 192 184 177 175 172 168 164 159 155 150 142 133 125 119 114 111 108 103 100 98 96 93 91 88 87
365 365 361 359 359 360 358 357 357 357 353 344 340 336 336 333 329 326 320 319 312 309 302 302 304 305 299 292 287 285 283 280 275 271 271 312 308 296 281 291 290 292 288 282 278 274 269 259 253 246 251 248 243 210 180 179 176 175 174 172 169 164 160 156 154 152 154 156 154 176 187 184 181 176 169 168 164 162 157 152 146 139 131 122 116 110 108 105 102 98 96 93 91 87 86 85
363 362 361 360 360 359 359 358 357 357 356 352 351 345 342 341 336 331 326 321 313 315 309 306 306 308 303 302 306 302 291 283 277 274 273 296 299 305 298 299 294 291 286 282 278 273 269 258 257 248 244 247 215 183 180 180 178 177 175 174 169 165 160 157 156 155 157 157 158 174 180 177 175 171 167 163 160 158 156 151 145 138 131 122 114 109 105 102 100 97 93 92 88 86 83 82
359 357 357 357 355 355 355 353 353 353 353 353 350 348 348 346 343 338 331 324 321 314 314 313 310 308 305 307 314 300 294 288 283 284 283 285 292 302 301 298 295 291 286 282 278 273 270 258 259 258 253 242 190 182 181 180 179 177 178 173 170 165 161 159 158 156 154 157 168 179 175 173 169 166 162 159 158 156 155 150 146 139 131 122 115 110 104 102 99 96 93 89 87 84 81 80
354 355 354 354 353 351 349 349 349 349 347 347 347 346 346 344 341 339 336 328 326 326 321 319 314 319 313 309 305 301 297 293 291 297 303 303 301 300 300 298 294 291 286 282 277 271 270 266 263 259 255 248 189 183 182 181 181 180 177 173 170 165 161 162 160 159 157 163 173 172 171 167 164 160 156 154 153 155 154 152 148 139 131 122 115 109 105 99 94 90 88 87 84 81 79 78
351 351 351 351 349 349 347 347 347 346 344 344 342 342 341 340 339 335 331 330 332 328 325 323 323 319 315 314 306 303 300 298 297 306 305 303 297 302 299 293 293 290 287 280 276 269 265 266 262 259 254 239 184 184 181 182 182 181 176 175 169 167 162 159 161 158 156 168 171 167 166 162 157 154 151 150 151 152 153 152 149 141 133 123 116 110 106 102 98 91 84 87 82 80 76 75
348 348 349 349 347 347 345 345 343 344 346 344 343 340 339 335 332 329 330 328 325 321 319 316 314 313 311 311 309 306 303 299 307 304 298 299 302 301 297 294 291 288 286 280 276 270 267 265 262 260 253 229 186 184 182 183 183 181 177 177 171 169 164 160 159 159 160 169 166 163 160 156 151 148 146 145 145 149 150 151 153 155 137 128 118 112 108 101 95 95 86 86 82 77 75 73
346 346 345 344 344 345 344 343 343 342 341 341 339 338 338 336 329 326 328 327 325 321 318 316 313 312 308 303 302 302 301 302 305 301 301 299 295 294 294 289 290 287 285 280 275 272 270 267 263 259 248 196 186 185 184 185 184 183 178 179 173 171 170 165 158 158 160 165 162 158 153 150 146 142 142 140 141 144 152 160 165 168 152 135 122 113 109 106 97 96 92 86 81 75 73 70
343 343 343 342 342 340 340 337 335 334 331 330 328 325 330 329 321 323 322 323 322 319 314 308 305 313 313 309 308 309 305 307 303 292 288 287 293 294 292 284 287 286 284 281 277 275 271 267 265 259 234 189 187 186 185 187 185 181 181 178 174 174 173 167 162 163 166 162 157 151 146 143 139 141 141 139 141 141 145 152 155 158 139 132 122 113 113 110 95 91 92 84 79 74 70 67
339 340 338 338 340 336 335 331 331 329 326 327 323 324 328 325 319 316 318 324 322 318 314 309 303 305 304 307 309 308 302 295 283 284 286 290 291 292 290 286 287 285 283 280 277 274 269 266 264 260 226 191 189 189 189 187 185 182 183 179 175 177 174 170 165 166 165 158 152 146 140 135 132 133 134 132 133 138 140 142 142 144 136 120 115 111 106 97 94 96 92 83 75 69 64 64
336 338 332 333 335 334 334 330 329 326 328 325 322 318 322 322 315 316 320 315 312 311 306 303 302 300 299 301 298 297 293 284 283 288 290 290 290 289 288 287 284 283 278 278 275 273 266 267 265 258 221 198 195 193 189 187 184 183 185 182 175 175 173 171 167 164 163 156 147 140 133 130 128 126 128 130 132 137 133 134 134 120 123 118 107 104 92 88 108 100 92 81 70 61 59 61
330 333 329 329 328 329 325 323 322 320 320 320 318 316 314 315 313 313 314 309 303 307 299 296 294 293 291 291 286 286 288 289 294 296 292 291 292 289 286 284 283 278 276 274 271 269 268 268 265 254 217 210 207 198 189 186 184 186 188 183 173 180 177 171 168 159 156 149 141 133 124 121 121 122 122 118 123 126 127 127 120 111 116 111 103 96 91 108 92 97 80 71 63 60 59 58
325 325 323 326 324 323 321 317 317 315 313 312 311 309 310 307 306 308 303 308 310 307 304 295 295 295 289 287 287 291 294 293 290 285 275 268 271 270 267 279 280 279 272 273 273 272 270 268 265 246 222 220 221 199 189 185 183 186 194 193 175 178 175 170 163 157 145 138 132 122 117 112 110 111 110 106 107 111 112 111 106 97 108 102 101 94 89 108 80 75 78 66 63 62 59 57
321 321 320 318 318 316 316 315 315 313 310 308 308 312 307 304 302 303 305 302 296 293 289 288 291 295 297 293 287 292 284 284 285 281 275 267 263 274 281 281 275 272 272 275 272 272 270 267 262 240 223 239 239 192 187 185 184 184 191 196 181 180 175 168 162 154 146 136 128 120 114 108 102 100 101 100 109 111 96 96 91 93 101 96 95 89 92 92 77 74 76 66 64 60 57 55
317 317 316 315 314 313 313 311 311 310 308 307 306 303 303 304 300 298 303 302 296 294 287 290 288 281 280 278 275 272 271 269 268 269 269 263 260 256 263 268 271 268 269 275 273 270 270 267 260 237 231 254 242 190 187 185 184 184 190 199 192 182 174 166 159 151 142 134 124 119 111 105 103 93 90 92 100 102 93 86 84 84 89 89 88 85 86 88 78 77 70 64 61 56 52 53
316 318 315 311 312 311 310 309 307 307 307 306 302 301 300 298 295 296 293 294 292 287 285 288 286 284 272 274 273 272 269 262 264 272 274 267 276 253 270 270 270 272 269 265 270 270 266 268 259 241 239 252 234 189 185 182 182 184 188 195 189 180 170 162 153 147 138 128 123 117 108 98 96 85 84 82 85 84 84 79 78 78 80 81 81 82 81 76 75 70 63 60 59 55 50 51
313 312 313 309 309 308 307 306 305 304 305 302 301 299 298 298 293 293 291 290 289 284 281 287 291 284 277 271 268 270 267 264 266 270 274 274 262 252 258 266 271 273 269 267 267 267 268 267 267 249 250 256 225 187 184 182 184 184 191 196 186 171 164 159 154 141 134 125 117 113 108 96 88 81 79 76 75 75 73 73 73 74 74 75 75 76 74 72 70 67 61 54 54 55 49 50
310 309 309 307 305 304 305 303 303 301 300 300 298 295 294 292 292 291 289 283 284 283 277 279 279 276 270 267 264 263 265 259 261 262 268 258 252 254 265 267 268 269 262 261 267 265 265 262 263 254 258 256 217 187 184 183 188 193 198 193 182 170 160 154 146 137 126 122 117 107 102 94 88 77 74 74 71 70 70 71 70 69 69 69 70 71 68 68 68 63 63 58 50 51 48 49
306 305 305 305 302 302 301 299 299 298 298 296 294 291 291 289 286 284 285 281 280 277 281 278 273 275 271 269 267 274 268 261 255 256 265 262 257 268 264 269 267 264 261 258 265 264 265 262 264 261 262 250 213 189 185 188 196 207 202 191 180 169 155 145 137 129 123 113 108 102 94 92 85 80 72 70 68 67 68 67 67 66 65 64 65 71 65 63 65 62 58 59 53 48 48 48
303 302 301 301 299 299 297 295 295 294 292 292 290 290 287 284 282 279 283 282 276 274 272 275 278 270 267 269 265 262 271 259 256 255 261 267 261 256 250 260 262 261 258 255 263 263 263 261 260 258 249 240 203 192 186 187 199 209 200 187 175 162 148 140 129 122 119 106 102 100 91 88 84 76 70 66 65 65 66 63 63 63 61 61 64 72 67 59 58 57 54 54 56 50 47 48
301 300 300 298 300 297 295 293 293 291 289 290 288 287 284 283 278 275 276 279 273 270 268 267 266 262 262 274 270 262 258 253 256 261 264 262 263 262 255 252 256 258 256 250 253 260 261 258 246 234 237 236 211 196 189 188 202 210 195 180 168 157 144 135 129 114 108 101 94 91 88 85 82 73 66 63 63 62 62 61 60 64 64 66 65 65 67 56 57 56 56 57 53 56 47 49
301 298 299 296 296 295 293 291 289 288 286 286 283 281 280 278 274 271 270 273 270 266 264 266 265 261 262 268 268 263 260 259 259 258 258 258 260 257 249 252 250 249 253 247 248 255 255 248 232 233 257 244 220 204 199 207 216 206 188 173 160 149 138 126 130 113 100 96 90 87 83 81 78 69 64 63 61 61 61 60 61 65 60 61 56 57 64 54 57 62 59 58 53 56 53 48
299 298 297 295 293 291 292 289 287 285 284 282 281 279 276 274 271 269 267 266 267 264 261 258 257 258 254 254 256 257 255 255 254 256 256 255 256 253 244 249 251 249 248 249 249 242 245 235 222 239 251 254 232 218 224 227 196 183 171 159 149 139 129 118 118 114 98 90 87 81 80 76 72 66 64 62 60 59 59 59 59 60 57 55 54 54 61 53 60 61 58 57 51 53 55 52
295 297 293 292 291 290 289 287 284 283 282 280 277 276 273 271 269 267 264 265 263 260 259 255 255 252 253 256 250 249 248 251 255 253 254 252 251 251 248 243 245 245 241 244 240 232 232 222 217 210 218 248 251 246 230 205 172 164 159 155 152 145 121 111 106 110 92 88 85 78 77 77 70 65 62 60 60 60 58 58 59 57 55 54 53 53 59 59 54 55 59 55 52 54 54 55
294 293 291 290 289 289 285 283 282 281 280 277 275 273 270 268 267 263 260 258 263 259 252 250 247 251 251 252 251 238 234 239 250 251 247 244 247 245 244 241 238 237 236 230 233 222 219 218 207 200 198 212 227 234 188 172 167 164 170 168 167 167 116 107 102 95 88 84 79 77 75 73 67 63 61 60 59 58 57 58 58 56 55 55 53 53 51 58 56 52 49 53 49 51 51 52
292 292 291 289 289 287 283 281 281 278 278 274 273 270 268 267 263 261 258 257 258 257 250 246 245 245 248 251 250 242 229 229 235 241 238 239 241 240 236 236 235 231 231 224 214 211 215 212 205 195 191 193 201 191 179 177 176 165 149 138 128 118 107 102 95 86 88 81 78 76 75 71 66 63 61 59 58 56 56 56 55 54 55 58 52 52 50 50 50 52 49 49 49 49 52 51
289 288 289 288 287 284 282 279 277 276 277 272 272 268 266 263 260 258 255 252 252 250 249 241 243 247 241 242 248 241 226 230 233 231 227 231 232 236 232 230 224 225 224 218 208 208 216 212 203 192 185 184 184 176 180 193 186 162 138 126 117 111 108 98 89 84 82 83 80 73 71 69 67 63 60 59 57 56 57 56 56 54 55 60 51 53 52 53 57 51 52 50 49 48 49 49
286 285 285 285 284 283 281 277 275 275 275 272 269 269 264 259 257 256 252 250 250 245 244 238 236 237 239 231 241 242 232 226 232 227 223 233 230 230 226 221 219 217 216 212 204 204 210 208 202 189 185 181 172 166 170 196 195 159 132 123 121 110 105 96 85 81 78 80 80 73 70 68 66 63 60 59 57 56 55 55 56 54 53 61 56 52 50 53 61 49 51 51 48 48 49 47
282 283 282 280 280 281 280 277 275 271 270 269 267 267 263 257 256 252 249 247 244 242 238 237 235 232 231 233 228 232 229 226 224 231 225 229 227 225 224 217 213 209 206 202 198 203 198 196 194 189 179 172 169 159 160 166 167 143 127 124 122 108 98 93 87 80 80 76 75 71 72 67 65 62 60 58 56 54 55 54 53 52 53 58 61 63 50 48 50 54 51 47 47 46 47 46
280 279 278 278 278 278 277 276 273 270 267 267 266 264 261 257 253 249 247 244 241 237 235 234 231 234 227 223 221 222 225 225 222 222 225 224 222 220 217 210 205 200 198 195 194 195 186 183 180 177 176 170 162 153 151 150 145 134 128 115 119 106 97 90 92 82 77 76 76 72 71 67 64 62 60 57 55 54 55 54 52 52 52 53 59 54 47 46 46 48 48 46 45 43 43 43
277 278 278 277 275 276 276 274 272 268 267 266 265 261 260 258 255 249 244 242 241 237 230 228 235 228 228 224 219 218 225 224 223 214 217 215 214 211 211 208 200 196 194 191 190 186 180 175 169 163 160 159 156 147 149 150 140 131 124 110 114 101 94 91 93 84 80 76 73 70 67 67 64 61 58 57 55 53 54 51 50 51 52 50 53 48 45 45 45 44 44 45 43 42 41 40
276 275 276 275 274 274 272 271 270 267 266 263 262 260 258 256 254 249 245 241 240 238 233 224 221 225 224 225 223 211 210 214 217 211 208 206 205 202 201 202 197 192 190 187 185 179 174 167 162 157 151 150 149 142 151 153 143 127 113 108 112 99 90 90 91 84 77 75 73 70 68 64 63 61 59 56 55 53 51 50 49 50 51 47 49 46 45 43 43 44 42 42 41 40 38 38
274 275 275 274 274 272 270 269 268 266 264 262 260 257 255 254 251 249 246 242 238 236 232 228 222 223 223 222 220 211 204 206 204 208 207 201 198 197 200 194 189 188 187 182 179 174 168 161 156 152 147 143 143 135 138 146 137 121 113 107 108 101 93 93 84 83 78 74 71 69 66 63 61 61 56 55 54 52 49 50 49 47 49 46 47 46 44 42 41 42 40 40 39 37 36 33
272 273 273 271 270 269 267 266 265 264 261 260 257 255 253 250 248 246 243 240 236 233 231 224 221 223 220 219 218 206 197 197 195 201 205 201 196 193 194 190 185 182 180 177 174 168 161 156 150 146 142 139 136 132 134 139 133 119 111 102 102 96 92 91 84 81 78 73 71 69 65 63 60 58 56 54 52 50 49 49 49 47 46 46 44 45 44 39 39 38 39 38 37 36 34 32
271 270 269 269 269 267 265 263 262 260 258 257 255 252 250 247 244 243 239 237 233 232 227 223 215 210 212 214 214 209 200 190 191 200 200 198 195 192 189 187 181 179 176 172 168 163 157 152 146 141 138 134 130 127 129 133 126 108 102 99 100 93 87 89 85 79 78 72 70 66 64 60 58 56 55 51 51 49 48 46 47 44 46 44 41 41 40 37 37 37 37 34 33 34 32 31
268 269 268 267 265 264 262 261 258 257 255 254 252 250 247 244 242 239 236 234 231 227 224 217 213 211 204 210 208 205 203 189 196 194 196 193 190 187 185 179 176 172 175 167 163 159 152 148 142 138 134 130 127 122 123 130 122 106 101 97 96 92 86 86 81 79 74 72 68 66 62 60 58 55 53 51 49 48 46 45 44 44 43 41 39 38 38 36 35 35 34 33 33 32 32 29
267 265 266 264 262 261 258 258 256 253 252 250 248 247 244 241 238 236 233 230 227 224 220 213 211 211 204 202 204 200 198 186 185 186 188 188 185 182 177 176 173 169 169 162 158 155 150 145 140 135 132 128 123 117 115 126 121 108 98 93 92 89 85 84 80 77 73 69 67 63 61 57 56 54 53 49 48 47 45 43 43 41 41 39 38 36 36 35 34 33 32 32 30 30 29 28
264 265 264 263 261 258 256 254 251 251 250 249 245 243 241 238 236 232 230 227 223 220 216 212 207 207 203 202 199 196 193 180 179 181 185 182 179 177 172 174 169 168 163 159 149 151 146 142 136 131 128 124 120 116 113 118 111 100 93 90 91 87 83 81 77 75 72 68 64 62 58 56 55 52 49 47 48 46 45 42 40 41 39 36 37 36 34 34 32 31 31 30 30 29 28 28
