data/bioclim/bclim9.asc
NCOLS 210 
NROWS 174 
XLLCORNER 27.125 
YLLCORNER -2.20833333333333 
CELLSIZE 0.0416666666666667 
NODATA_value -32768 
[rows 42 to 83 of 174, columns 0 to 93 of 210]
245 246 246 246 246 246 246 246 246 246 245 246 246 247 248 249 249 248 248 249 249 249 250 250 252 252 252 252 253 254 255 255 256 257 257 257 256 256 256 256 256 255 256 255 254 250 250 251 251 249 249 250 252 254 251 253 254 253 251 251 251 251 250 249 249 250 250 249 248 247 247 247 247 247 247 247 247 247 245 243 242 242 241 242 242 241 240 241 240 241 241 243 246 249
246 246 247 246 245 245 245 245 245 245 245 246 245 246 247 248 249 249 249 249 249 250 250 250 251 251 251 252 253 254 255 255 255 256 257 256 256 256 255 255 254 254 255 255 254 251 252 252 251 250 250 251 251 251 249 251 254 254 251 249 250 250 249 249 247 247 249 249 247 246 248 248 247 247 247 246 245 245 244 243 242 241 241 241 241 240 240 240 239 240 241 243 245 247
245 245 246 246 245 245 245 245 244 245 244 245 245 246 246 246 248 249 250 250 250 250 250 250 250 251 251 252 253 254 254 255 255 255 256 255 256 255 255 255 254 254 255 253 253 252 252 251 250 251 248 247 249 248 246 248 253 252 250 249 249 249 248 248 246 245 247 248 248 248 248 248 248 247 247 246 245 242 243 243 242 241 240 240 240 239 239 239 239 240 241 244 247 251
244 244 245 245 246 245 245 245 245 244 244 244 244 245 246 246 247 249 249 250 251 250 250 251 251 250 250 250 252 252 253 254 255 255 255 255 254 254 254 254 254 254 253 252 252 252 249 249 250 249 250 250 248 246 246 250 252 253 251 249 248 248 246 247 247 245 246 247 248 248 248 247 247 246 246 246 244 243 242 242 242 241 240 239 240 239 239 239 239 241 242 244 245 247
244 244 243 243 244 245 245 245 244 244 244 244 244 245 246 246 247 248 249 249 250 250 249 250 250 249 249 250 251 251 251 253 254 254 253 254 253 253 252 253 253 253 252 252 251 252 251 250 249 249 250 250 248 249 250 251 250 253 252 251 250 248 242 247 248 245 246 247 246 244 247 247 247 247 246 245 244 242 242 241 241 241 240 240 240 238 238 238 239 240 241 242 242 246
244 244 243 241 243 245 245 244 244 244 244 244 243 244 245 245 246 247 249 249 249 250 250 250 250 249 249 250 250 251 251 253 252 251 252 252 252 252 252 253 253 252 251 252 252 252 251 250 250 249 249 248 247 248 246 250 251 249 249 251 251 250 250 250 247 246 244 243 244 242 247 246 246 244 245 246 245 245 242 241 240 240 240 240 239 239 237 237 239 240 241 241 244 247
244 244 244 243 242 244 245 245 245 245 245 244 244 244 244 245 246 247 248 248 248 249 250 250 248 248 249 250 250 250 250 251 251 251 252 252 248 251 253 252 252 252 252 252 251 251 251 250 250 248 246 246 247 247 246 249 250 244 245 246 245 245 247 247 248 247 243 241 237 239 246 245 246 243 244 245 244 244 242 241 240 240 239 239 239 238 238 237 238 239 240 241 243 248
244 245 244 244 241 241 244 244 244 244 245 244 244 244 244 244 245 246 247 247 247 247 248 247 248 249 250 250 250 250 250 251 251 251 252 251 247 240 251 252 252 251 252 252 251 250 250 250 250 249 247 245 246 247 246 246 249 245 244 245 244 244 246 246 246 247 246 246 243 234 245 244 245 242 241 244 245 244 243 242 241 239 238 237 237 237 237 237 237 238 239 241 244 248
244 244 244 244 243 242 243 243 243 243 243 244 243 243 243 243 245 247 248 247 246 247 247 246 248 248 249 250 250 251 251 251 251 252 250 250 250 250 251 251 251 251 251 250 250 251 250 249 249 248 246 242 241 246 247 247 247 245 244 242 244 242 245 243 242 242 244 245 245 244 244 243 243 241 241 242 243 243 242 242 241 239 236 236 237 236 236 235 236 236 238 242 242 246
244 244 244 244 243 243 242 243 243 243 243 244 244 244 243 243 244 246 247 247 245 246 246 247 248 248 248 248 249 251 251 251 251 251 250 251 251 251 251 251 251 251 251 250 250 250 249 249 249 248 247 246 241 241 246 246 244 240 243 241 242 241 242 242 241 238 240 240 244 244 245 243 243 242 243 242 242 242 241 240 239 239 236 236 236 235 235 235 235 234 236 241 245 248
243 244 244 244 244 244 243 242 242 242 242 244 244 243 244 244 245 246 247 246 245 245 247 247 247 248 248 248 249 249 249 250 251 250 251 251 251 252 251 252 251 251 251 251 251 250 249 249 248 248 246 246 244 242 243 245 244 242 243 242 240 240 240 241 241 238 237 239 240 242 244 243 242 242 242 242 241 242 242 241 239 238 235 236 235 235 234 234 233 232 232 239 244 246
242 243 243 243 243 244 242 242 241 242 242 242 242 242 243 243 244 245 246 245 245 246 246 246 247 247 248 248 248 249 249 249 250 250 250 250 251 251 251 251 251 251 251 251 251 251 250 249 249 248 246 246 245 244 240 242 242 241 242 242 241 240 239 241 241 240 237 237 239 242 242 240 242 241 242 241 240 240 241 239 236 234 234 235 233 233 233 231 231 230 230 238 243 243
242 242 243 243 243 243 243 242 243 242 242 242 242 243 243 243 244 245 245 244 245 246 246 246 246 247 248 248 249 249 249 249 249 249 250 249 250 249 249 250 250 250 250 250 251 251 251 250 249 248 247 247 246 246 242 241 240 239 240 239 240 238 237 237 236 234 235 234 237 240 241 239 240 240 240 241 239 239 239 237 235 231 232 234 234 233 232 228 226 224 229 237 241 242
242 242 242 242 242 243 243 243 243 243 242 242 242 243 244 244 245 245 244 245 245 246 246 246 247 248 248 248 248 249 248 248 249 249 249 249 249 249 249 249 249 249 250 249 250 250 250 250 248 246 245 245 244 244 241 241 240 238 235 238 237 237 236 235 233 231 231 232 235 237 238 238 236 237 236 239 237 236 236 236 234 231 232 233 231 231 227 227 222 224 230 235 237 245
242 242 241 242 242 242 242 242 243 242 242 241 242 244 244 244 245 245 244 244 245 246 247 247 248 248 247 247 247 248 247 247 249 248 247 248 248 248 248 248 248 248 249 249 249 250 250 249 247 244 244 244 244 243 241 239 237 237 234 236 235 234 234 232 231 229 229 232 235 234 232 234 232 234 230 237 235 232 232 235 232 232 231 230 230 226 221 222 220 224 228 233 240 244
241 241 241 241 241 241 241 242 242 242 243 243 243 242 242 243 244 244 244 244 245 246 247 247 247 247 248 247 247 247 247 248 248 248 247 248 247 247 247 248 248 248 248 248 249 249 249 247 246 245 245 244 244 243 242 240 238 237 236 235 234 233 232 232 230 230 229 230 232 231 229 227 228 228 229 232 232 228 231 235 231 230 230 228 227 222 218 218 218 221 225 229 239 243
240 240 241 241 241 241 242 242 243 243 243 243 243 242 242 242 244 244 244 244 245 246 246 246 246 246 247 247 247 247 247 248 248 247 247 247 247 247 247 248 248 248 248 248 248 248 247 247 246 245 244 244 244 242 241 239 237 236 235 234 233 232 231 232 230 229 230 229 230 230 227 225 226 227 227 230 226 226 229 232 230 227 225 224 223 215 214 213 216 219 223 226 236 243
240 240 241 241 242 242 242 243 243 243 243 243 244 243 244 244 244 244 244 245 245 246 246 247 247 247 247 247 247 247 248 247 247 247 247 247 247 248 248 248 248 248 248 248 248 248 247 245 244 244 244 243 243 242 240 239 237 235 234 233 231 231 232 231 229 230 229 229 229 230 228 225 228 228 228 226 223 224 228 231 227 224 222 219 218 213 209 210 215 218 219 221 233 241
240 241 241 242 242 242 242 243 243 243 243 243 243 244 243 244 244 244 245 244 246 247 246 247 246 246 246 247 247 248 247 247 247 248 248 247 247 247 248 248 248 248 248 248 248 248 246 243 243 243 243 243 242 240 239 238 237 235 234 232 231 231 231 229 229 229 230 229 229 229 229 227 229 229 227 224 220 222 226 228 224 224 222 215 213 210 208 208 210 211 212 217 228 237
241 241 242 242 242 243 243 242 243 242 242 242 243 243 243 244 244 244 245 245 246 246 246 246 246 246 246 247 247 247 247 247 248 248 248 248 248 248 248 248 249 249 249 248 247 247 243 241 242 243 241 242 242 239 238 237 236 235 234 233 231 231 231 230 230 228 226 229 230 230 229 229 228 228 223 220 219 221 227 222 220 219 211 209 208 208 206 206 205 208 209 213 221 227
241 241 242 242 242 242 242 242 242 242 242 242 242 243 244 245 245 244 245 245 246 246 246 247 246 246 247 247 247 247 247 247 248 248 249 248 248 248 248 248 248 247 247 247 246 244 243 240 240 241 240 240 240 240 239 237 235 235 233 231 230 230 230 229 230 229 228 230 230 230 228 227 227 226 223 220 218 221 225 219 216 214 204 204 206 206 203 205 206 209 209 210 216 222
242 242 242 242 242 242 241 241 241 242 242 242 243 243 244 245 244 244 245 246 245 246 246 247 246 247 247 248 247 247 247 248 248 247 247 247 247 247 246 247 248 246 245 245 245 244 243 242 240 239 239 239 239 238 238 236 234 233 233 230 229 229 231 230 230 231 231 230 230 229 228 227 226 223 220 219 217 221 220 215 214 207 203 203 204 204 202 203 206 205 205 207 212 218
241 241 241 242 242 242 241 241 241 242 242 242 243 244 244 245 244 244 245 245 245 245 246 247 246 246 246 247 247 247 247 247 247 247 247 246 246 246 246 245 246 246 245 243 243 243 242 241 239 237 237 238 237 237 237 235 236 235 233 232 230 230 232 230 231 232 232 231 231 230 229 228 226 223 218 218 218 220 215 214 210 203 202 201 202 201 199 201 204 203 201 199 208 213
241 242 242 242 242 242 241 241 242 242 242 243 243 244 245 244 244 245 245 245 245 245 246 246 246 246 246 246 246 246 247 247 247 246 245 246 245 245 246 245 244 244 242 242 241 240 240 239 238 237 236 236 236 236 236 235 236 237 235 233 231 230 232 232 231 233 232 231 230 230 229 226 225 224 217 216 217 215 215 212 205 202 201 201 202 200 198 200 200 200 197 195 204 207
242 242 241 242 242 242 241 242 243 243 243 242 243 244 244 244 244 245 245 245 245 246 246 245 245 246 246 246 246 245 245 246 246 245 245 246 245 244 244 244 242 243 241 240 240 239 240 239 238 237 238 237 236 236 236 235 236 235 234 233 230 230 231 233 233 233 232 233 231 230 228 227 226 223 222 216 215 212 214 210 204 202 201 201 200 200 198 196 196 193 192 194 200 206
242 242 242 241 241 241 242 242 243 243 243 243 243 244 244 244 245 246 245 245 245 245 245 245 245 245 245 245 245 244 243 243 245 245 244 246 245 242 242 243 243 241 241 239 239 241 240 240 239 239 239 237 236 237 237 236 237 236 234 232 229 230 231 232 233 233 233 233 231 227 227 225 224 221 214 215 212 210 207 208 202 202 199 200 198 197 197 195 194 190 190 194 197 203
242 241 242 242 241 241 241 242 243 242 242 243 244 244 244 244 245 245 246 245 245 245 245 245 244 244 245 244 244 244 243 242 242 241 244 245 245 243 241 241 241 240 239 239 239 240 242 242 241 241 239 238 236 236 237 237 237 236 235 231 229 230 232 232 231 231 233 232 228 221 227 223 219 214 212 213 209 207 202 201 201 201 197 197 196 195 193 193 191 185 189 193 197 207
242 241 241 242 242 241 242 242 240 240 242 243 244 244 244 244 245 245 246 246 246 246 245 245 243 243 244 244 243 244 243 241 241 238 240 244 243 244 240 238 240 239 240 238 240 238 241 242 241 241 240 239 236 236 237 235 235 235 234 231 228 229 232 232 230 232 232 231 228 224 227 219 216 211 211 209 207 203 201 202 202 200 196 194 194 193 192 189 186 182 183 188 196 206
242 241 240 242 243 242 242 242 242 235 241 243 244 245 245 245 245 245 245 246 245 246 245 244 243 242 243 242 241 242 244 241 238 240 237 240 241 242 242 241 238 238 240 238 237 240 240 242 243 241 240 239 236 236 237 236 234 233 231 230 225 224 230 232 232 231 233 230 228 229 225 212 212 210 208 208 205 204 201 201 198 197 194 193 194 192 191 186 183 181 179 185 198 219
243 241 241 242 241 242 242 242 242 241 243 243 243 244 245 245 244 245 245 245 245 244 244 243 243 242 241 241 240 240 240 241 239 239 239 236 239 241 239 235 237 237 239 238 237 241 243 243 243 239 239 236 236 236 237 234 234 231 231 229 226 224 226 230 231 232 232 231 231 226 216 213 214 210 204 205 205 205 202 200 196 194 194 194 191 191 188 183 179 178 179 184 209 232
245 243 244 242 241 241 241 242 242 243 239 239 241 242 244 244 244 244 245 245 244 244 244 244 243 242 242 240 239 239 239 241 240 239 238 237 236 239 237 234 238 239 238 240 239 241 243 243 241 240 238 236 235 236 235 234 235 232 233 232 227 224 226 229 230 229 229 231 223 214 217 219 218 210 201 204 205 205 201 197 194 194 196 195 192 190 185 182 178 176 179 195 228 241
249 245 246 243 241 239 240 241 241 243 241 236 237 240 242 243 243 244 245 245 246 245 244 244 243 242 242 241 242 241 241 241 240 238 237 237 237 238 236 234 238 238 240 240 241 240 243 243 240 237 234 234 235 236 234 236 236 236 234 235 228 226 224 227 226 226 227 229 227 220 223 221 220 216 208 206 208 205 200 195 194 195 194 193 191 190 186 181 179 182 191 233 244 250
250 247 248 243 241 240 239 239 243 246 245 245 244 241 240 243 244 245 246 246 246 246 245 245 245 243 242 240 241 243 242 240 239 238 237 238 238 238 236 235 238 238 240 241 243 240 243 242 239 235 233 235 235 237 235 236 237 230 235 234 229 227 224 220 222 224 223 226 228 216 224 223 218 210 210 210 210 201 198 194 195 195 193 190 188 186 183 178 178 188 220 242 257 259
251 250 249 245 244 242 241 243 243 244 246 247 248 247 245 242 245 246 246 246 247 246 246 245 244 244 242 241 240 243 242 241 239 238 237 239 239 237 237 240 239 239 240 243 243 241 244 240 237 235 233 233 236 238 236 238 237 237 235 233 231 227 225 223 223 223 226 226 226 212 225 222 214 213 214 212 208 201 202 202 198 196 193 189 188 186 182 179 179 205 244 259 260 260
251 250 249 248 246 243 244 246 245 246 245 246 248 248 248 244 244 246 247 245 247 246 246 246 245 245 244 243 243 245 242 239 239 239 238 239 239 238 238 238 240 242 241 244 244 245 242 239 236 234 232 235 237 239 239 238 236 235 232 233 230 230 226 225 223 224 227 228 229 225 228 222 218 214 210 212 204 201 205 205 199 194 189 189 187 185 181 180 201 239 259 260 260 260
252 251 250 246 247 251 250 251 247 249 246 245 246 247 250 249 245 244 248 249 248 246 246 245 244 245 245 244 244 245 241 239 241 240 239 239 240 239 241 240 241 242 243 244 244 243 241 235 236 238 238 238 238 240 240 238 236 234 234 232 231 232 229 226 224 226 225 227 231 229 227 223 221 213 212 210 204 207 208 201 196 191 189 187 186 184 182 197 228 258 260 260 260 260
251 251 251 251 251 252 252 252 250 252 250 249 247 248 250 249 249 247 247 249 248 247 246 245 244 245 245 245 245 244 244 243 242 240 238 241 241 241 241 243 244 244 244 244 243 241 239 238 239 240 238 238 240 240 239 238 236 235 233 231 233 232 229 227 225 226 226 228 232 230 227 223 217 214 209 211 209 207 208 205 201 189 187 184 185 178 210 248 257 259 260 260 260 260
250 250 251 251 252 251 252 252 251 251 252 252 250 250 250 249 251 250 250 248 248 247 245 244 245 245 245 246 246 245 244 243 242 240 239 240 244 242 241 244 244 245 244 243 243 241 240 239 239 240 239 240 240 239 238 238 236 233 232 234 234 232 226 226 226 224 225 228 233 230 223 212 212 208 205 211 208 202 206 199 194 191 186 184 183 198 237 259 259 259 260 260 261 261
251 250 250 251 252 251 250 250 250 248 249 250 251 250 249 249 250 251 251 249 248 245 243 244 244 245 246 246 245 244 243 243 242 239 241 242 244 244 243 245 244 244 242 241 241 240 239 239 239 240 240 240 240 239 236 235 235 234 233 236 235 232 228 227 227 225 229 232 233 227 223 216 212 203 203 214 212 208 198 193 192 191 186 184 207 244 258 259 259 259 260 260 261 261
251 251 249 251 252 251 252 251 251 251 249 246 248 248 250 249 247 249 249 249 248 246 245 244 244 245 245 245 245 244 243 242 241 240 242 241 243 245 245 245 242 242 242 240 240 239 239 239 239 240 240 240 239 239 238 237 236 234 233 236 236 234 232 227 227 229 234 233 226 227 224 221 215 214 214 216 214 209 196 190 195 196 190 202 250 258 258 259 259 259 260 260 261 262
251 251 251 251 251 252 252 251 251 251 251 248 244 244 248 250 248 248 248 247 247 247 246 246 245 245 243 243 242 243 243 243 243 243 243 241 243 245 242 243 242 241 240 237 239 240 239 239 239 240 240 239 238 239 238 238 236 235 235 236 237 236 233 235 234 233 237 226 220 229 226 221 217 217 217 215 212 209 196 190 218 220 219 244 257 258 258 259 259 259 260 260 261 262
251 251 252 251 251 252 251 252 252 251 251 252 249 246 246 247 249 249 249 248 247 246 245 245 245 244 243 241 241 240 241 243 244 244 243 242 243 245 242 243 242 241 239 238 239 241 240 240 239 240 241 239 239 239 238 238 237 235 236 236 237 236 236 238 235 235 235 229 225 230 226 223 223 219 217 214 207 203 205 200 238 248 253 256 257 258 258 259 260 260 260 261 261 262
