data/bioclim/bclim13.asc
NCOLS 210 
NROWS 174 
XLLCORNER 27.125 
YLLCORNER -2.20833333333333 
CELLSIZE 0.0416666666666667 
NODATA_value -32768 
[rows 42 to 83 of 174, columns 0 to 93 of 210]
267 265 265 266 265 265 266 266 265 265 265 264 263 261 260 257 256 255 254 252 250 247 244 242 238 236 233 231 228 225 221 219 216 213 211 209 208 207 208 208 209 210 210 211 212 217 217 217 217 221 221 220 218 217 221 219 219 220 223 222 222 222 222 223 222 220 219 219 219 218 217 216 215 214 212 211 210 208 209 210 210 208 208 205 204 204 203 203 206 208 208 205 199 193
266 266 266 266 267 267 267 267 267 266 266 265 264 263 261 259 256 255 254 252 249 247 245 243 239 237 234 231 228 225 222 219 217 214 212 210 208 207 208 209 210 211 210 211 212 215 215 215 217 219 220 219 220 220 223 222 219 219 223 224 223 223 223 223 225 222 219 218 219 219 215 214 213 213 211 211 210 209 209 208 208 208 208 205 204 203 205 208 212 215 214 208 202 197
267 267 267 267 268 268 268 268 268 267 268 266 265 264 262 261 258 255 253 251 249 247 244 243 240 237 235 232 228 226 223 220 218 215 212 210 208 207 208 209 210 211 210 213 213 214 215 216 218 218 222 223 222 224 228 226 219 220 224 226 225 224 225 223 224 224 219 218 216 215 213 212 211 210 209 208 209 212 208 207 208 207 207 206 204 205 207 211 214 219 217 208 199 191
268 268 268 268 268 268 268 268 269 268 268 268 266 265 263 262 259 256 254 251 249 247 245 242 240 238 235 233 229 227 224 221 218 216 213 211 210 209 210 210 211 211 212 213 214 215 217 218 218 219 219 221 222 226 228 223 220 219 222 224 226 225 226 223 222 223 220 217 214 213 211 211 210 210 209 208 209 209 209 207 206 205 207 206 204 204 207 210 214 218 217 209 205 198
269 268 270 270 269 269 269 269 269 269 269 268 268 266 264 262 260 257 255 252 249 247 246 243 241 239 236 234 230 228 225 222 218 216 215 212 211 210 211 211 211 212 212 213 214 214 216 217 219 219 219 220 223 223 221 221 222 219 220 221 222 223 229 221 218 221 219 217 215 217 211 210 208 207 207 207 207 208 207 208 207 205 206 204 203 204 206 208 211 215 215 211 208 199
269 269 270 272 270 269 269 269 269 270 269 269 268 267 265 263 261 258 255 253 251 247 245 243 241 239 236 233 231 229 226 222 220 219 216 214 212 211 210 211 211 212 213 213 214 214 215 216 217 219 220 221 224 225 228 222 221 224 224 220 219 218 217 216 219 218 220 219 217 218 210 209 208 208 206 204 204 203 205 206 207 205 204 203 203 204 205 205 209 212 212 210 204 196
269 269 269 271 272 270 270 270 270 269 269 269 269 268 267 264 262 259 256 254 252 249 245 243 242 239 236 233 231 228 226 223 221 219 216 214 216 212 211 212 211 212 213 213 214 214 215 216 217 219 223 223 224 225 227 222 221 230 229 226 225 223 220 219 215 216 219 220 223 219 209 209 207 209 206 203 204 203 204 205 204 204 204 204 205 205 205 205 205 207 209 207 203 189
268 268 269 270 272 272 271 270 270 271 270 270 270 269 268 266 263 260 256 254 252 250 247 245 242 239 236 233 231 228 226 223 221 218 216 215 217 221 212 211 212 212 212 212 213 214 215 216 217 218 221 224 223 223 224 225 220 227 227 225 225 224 219 218 216 214 214 212 214 222 209 208 206 208 208 202 200 200 200 200 201 205 207 207 207 206 206 205 204 204 206 205 198 187
268 268 269 269 270 272 271 271 271 271 271 270 270 270 269 267 264 260 257 255 253 250 248 246 242 239 237 233 230 228 225 223 220 218 217 215 213 213 211 211 212 212 213 213 213 213 215 216 216 218 221 226 227 223 222 222 222 224 225 226 223 224 219 219 219 217 213 211 209 209 207 207 206 207 205 203 201 200 200 199 199 203 207 207 207 207 208 209 206 204 202 201 198 189
268 268 269 269 270 271 272 271 271 272 272 271 270 270 269 267 264 260 257 255 254 251 248 245 241 239 236 234 231 227 225 223 220 218 217 214 211 211 211 211 212 212 212 213 213 214 215 215 216 217 219 220 226 226 221 221 223 227 223 225 223 222 219 218 217 219 216 213 208 207 205 205 203 203 201 201 199 198 199 200 200 202 206 206 207 209 209 208 208 206 201 196 187 180
268 268 268 269 269 270 271 272 272 272 272 271 271 271 269 267 264 260 257 255 254 251 247 244 242 239 236 234 230 228 225 223 220 218 216 213 212 211 211 211 211 212 211 212 212 213 214 214 215 216 219 219 221 224 222 220 221 222 221 221 222 221 219 217 216 217 217 214 210 206 203 203 202 201 200 199 198 196 195 196 199 201 206 205 207 208 211 211 211 208 205 192 184 179
269 268 269 269 269 269 271 271 272 272 272 272 272 272 270 268 264 261 257 255 253 250 247 244 241 239 236 233 230 228 225 223 220 218 216 214 212 212 211 211 211 211 211 211 211 212 212 213 214 214 217 217 218 219 223 221 221 221 219 219 219 219 218 215 213 213 215 213 209 204 203 203 201 200 198 198 198 196 194 196 202 204 205 204 209 209 212 216 211 209 205 188 182 181
269 269 269 269 269 269 270 271 271 272 272 272 272 271 269 266 263 260 258 256 252 249 246 244 241 238 235 232 229 227 225 223 220 218 215 214 212 212 212 211 212 212 211 211 210 210 211 212 212 213 215 215 215 215 219 220 220 221 219 218 218 218 217 216 216 216 214 213 209 204 201 202 201 199 198 195 196 196 195 198 201 206 205 203 204 206 209 214 213 211 202 184 180 178
268 268 269 269 269 269 269 270 270 270 271 271 271 269 267 264 261 259 257 254 251 249 245 243 239 236 234 231 229 226 225 222 219 217 215 213 212 212 212 212 212 212 211 211 211 210 210 210 212 214 215 214 215 215 218 217 218 219 220 218 217 216 215 216 215 216 214 212 208 205 202 201 202 200 200 195 196 197 197 195 199 203 201 202 206 206 211 211 212 208 197 184 179 170
267 268 268 268 269 269 269 269 268 269 269 270 268 266 264 262 260 258 255 253 250 247 244 241 238 236 234 231 229 226 224 222 219 217 216 213 213 213 213 212 212 211 211 211 210 210 210 210 212 214 214 214 214 215 216 217 218 218 219 216 216 215 214 215 214 215 213 209 206 205 206 203 204 201 204 195 196 199 198 194 198 198 199 203 203 208 213 211 211 205 194 182 172 166
268 268 268 268 268 268 268 267 267 267 267 267 266 265 264 261 259 257 254 252 249 245 242 240 238 235 232 230 228 226 223 221 218 217 215 213 214 214 213 212 212 211 211 211 210 209 210 210 211 212 212 212 212 213 213 214 215 215 215 215 214 214 213 212 213 211 210 209 206 205 206 206 204 203 202 198 196 200 196 192 195 196 196 199 202 207 210 211 209 203 195 183 169 164
268 268 267 267 267 267 267 266 265 265 265 264 263 263 263 260 257 255 253 250 247 244 242 239 237 234 232 230 227 225 222 220 218 216 214 213 213 213 212 212 211 211 211 210 210 209 210 210 211 210 211 211 210 211 212 213 213 213 213 213 213 212 211 210 210 209 207 207 205 204 204 205 203 202 201 197 200 199 195 191 193 197 199 200 202 208 208 208 207 201 192 183 167 161
266 267 266 266 266 266 265 264 264 264 263 263 261 260 259 257 255 253 251 248 246 242 240 238 235 233 231 228 226 223 221 219 217 215 213 213 212 212 211 211 210 210 210 209 209 208 209 210 211 210 209 209 209 209 210 210 211 211 211 211 211 210 208 207 208 206 205 204 202 200 201 202 199 197 197 198 199 197 193 189 193 196 198 200 202 204 205 205 204 198 193 186 166 159
265 265 265 264 264 264 263 263 263 262 262 261 260 258 257 255 253 251 249 247 244 241 239 236 234 232 229 227 225 222 220 218 216 213 212 212 212 211 210 210 210 209 209 208 208 208 208 211 210 209 209 208 208 209 209 209 209 209 209 209 208 207 206 206 205 204 202 201 199 198 197 198 194 193 194 196 198 196 191 189 192 192 193 199 200 201 200 200 200 199 197 185 166 160
263 263 263 262 262 262 261 261 261 261 260 259 258 257 255 253 251 249 247 245 241 240 238 235 233 231 228 226 223 221 219 217 214 212 212 212 211 210 209 209 208 208 208 207 207 207 210 210 209 208 208 207 207 207 208 208 207 206 206 206 206 205 204 203 202 202 202 198 196 195 194 192 192 191 195 196 196 193 187 190 192 192 197 197 197 196 196 195 194 193 191 184 170 163
262 262 261 261 260 260 260 260 259 259 258 258 256 255 253 250 249 248 245 243 240 238 235 233 231 229 226 224 221 220 217 215 213 212 211 211 210 210 210 209 208 208 208 207 207 208 208 210 209 208 207 207 206 205 205 205 206 205 205 205 205 203 201 201 199 198 197 195 193 192 192 191 190 190 191 193 193 190 185 189 191 192 196 195 193 192 191 190 189 187 184 181 173 163
260 260 260 259 259 259 259 259 258 257 256 255 254 253 250 248 247 246 243 241 239 236 234 231 229 227 225 222 220 218 216 215 213 212 211 211 210 210 210 209 207 208 208 208 207 207 207 207 207 208 207 206 205 205 204 204 204 204 203 203 202 201 198 198 196 194 192 191 190 189 188 188 187 188 190 190 190 186 186 189 189 192 193 192 190 189 187 186 184 183 182 181 175 165
260 260 259 258 258 258 258 257 257 256 254 253 252 250 248 246 245 244 241 239 237 235 232 230 228 226 224 221 220 218 216 215 214 212 211 211 210 210 209 209 208 208 207 208 208 207 207 206 207 208 207 205 204 204 203 203 201 200 200 199 199 198 195 195 193 190 189 188 186 186 185 185 184 186 188 187 186 183 186 186 188 190 189 189 187 186 186 184 182 181 183 185 178 171
258 258 258 257 257 257 257 256 255 253 252 251 250 248 246 245 243 241 239 237 235 233 231 229 227 224 222 221 219 218 217 215 213 212 211 210 210 210 208 209 209 208 208 208 208 207 207 206 207 207 206 204 204 202 201 201 199 197 197 196 197 196 193 191 190 187 186 185 184 183 182 183 182 181 186 186 183 183 183 183 187 188 187 185 184 185 186 184 183 182 185 187 181 177
256 255 256 256 255 255 255 254 252 251 251 250 248 246 244 243 241 239 237 235 233 231 229 228 226 224 222 221 219 218 216 215 214 212 211 210 210 210 209 208 209 207 208 208 208 207 206 205 205 205 203 202 202 200 199 199 196 196 195 195 194 193 191 188 186 184 183 181 180 179 180 179 179 179 179 182 181 182 179 181 185 184 185 184 184 184 185 186 185 187 188 187 183 177
255 255 254 254 254 254 253 252 250 250 249 248 246 244 243 241 239 237 235 233 231 230 227 226 225 223 222 221 219 218 217 216 214 212 212 210 210 210 210 208 207 208 207 208 207 205 204 203 203 202 201 201 200 199 198 197 194 193 193 193 193 191 189 186 183 181 180 178 178 179 178 177 177 178 182 179 180 180 181 179 182 183 185 184 185 186 185 187 186 189 190 186 185 179
254 254 254 252 253 252 251 250 249 248 247 245 244 242 241 239 237 235 233 232 230 228 227 226 225 223 222 221 219 218 216 215 214 213 211 210 209 209 210 209 208 208 208 207 206 205 202 201 200 199 199 199 199 197 195 194 193 191 191 191 191 188 185 184 183 180 177 176 177 181 175 176 178 180 180 178 179 180 182 181 181 182 186 186 186 187 187 187 188 193 190 188 185 175
253 253 253 251 251 251 249 248 249 248 246 244 242 240 239 237 235 233 231 229 228 227 226 225 224 223 221 220 219 217 216 215 214 215 213 210 209 208 210 210 208 208 206 206 205 204 201 200 199 198 197 197 197 196 194 193 192 190 189 189 189 187 183 181 181 177 175 174 174 176 171 176 177 179 178 178 178 179 180 179 179 181 186 188 188 187 187 189 191 195 195 192 186 177
251 251 252 250 248 248 248 247 246 250 244 242 240 238 237 235 233 232 230 228 228 227 226 225 223 222 221 220 218 217 215 214 214 213 214 212 210 209 208 207 208 208 205 206 205 202 201 199 197 196 196 195 196 194 192 191 190 190 189 188 189 188 182 179 177 175 172 172 172 170 171 179 177 177 177 176 176 176 178 178 182 183 187 188 187 187 187 191 194 197 198 194 183 164
248 250 249 248 248 246 246 245 244 244 241 240 239 237 235 233 232 230 228 227 227 226 225 224 223 222 221 219 218 217 215 214 213 213 212 213 210 208 209 210 208 207 205 204 204 201 198 197 196 196 196 196 194 192 190 190 189 189 187 186 187 186 182 178 175 173 170 169 167 169 174 175 172 174 178 176 176 175 177 179 182 184 185 185 187 187 189 194 198 199 198 195 174 151
245 246 245 246 247 246 245 244 243 241 243 242 238 237 234 232 231 229 226 226 225 225 223 222 221 221 219 219 218 216 215 213 212 212 212 212 212 209 210 210 207 206 204 202 202 199 197 195 196 195 195 195 193 191 190 189 186 186 184 183 184 184 181 176 174 172 171 167 170 175 171 168 166 171 181 176 175 174 178 181 183 182 181 182 185 187 192 195 198 200 199 186 154 139
241 244 242 244 245 246 244 243 242 239 240 243 240 237 234 231 229 227 225 223 223 222 222 221 220 219 218 217 216 215 213 212 212 212 212 211 210 209 209 210 206 205 203 201 199 199 196 195 195 196 196 194 192 189 189 187 184 182 182 179 181 181 180 176 174 172 169 166 165 168 164 164 162 164 173 174 172 174 178 183 184 182 183 184 186 189 192 196 198 196 189 149 135 126
238 240 239 242 243 244 243 243 239 235 235 233 233 234 233 230 227 225 223 222 221 220 220 219 218 218 217 216 215 213 212 211 212 212 211 210 209 208 208 208 205 205 202 200 197 198 195 194 195 196 196 193 191 188 187 185 182 184 179 178 179 178 178 178 175 171 169 165 162 168 161 159 161 169 169 170 169 178 181 185 183 183 185 187 190 193 195 199 199 192 162 136 118 117
236 236 237 240 240 241 241 238 237 235 232 230 228 227 228 229 225 223 221 220 219 219 218 217 217 216 215 215 214 212 211 211 211 211 210 209 207 208 207 204 204 203 201 198 197 196 193 194 195 195 194 192 189 186 186 182 181 179 178 176 176 176 175 174 172 169 165 163 161 169 158 157 164 165 163 166 171 178 177 177 181 183 186 189 191 193 197 199 199 178 132 120 119 118
235 235 235 235 237 238 236 234 234 232 232 230 227 225 224 225 224 221 219 218 217 217 216 216 215 214 214 213 212 210 211 211 211 210 209 208 207 207 206 205 203 200 199 197 195 193 194 195 195 194 194 190 187 184 182 181 180 179 178 175 175 173 172 171 169 166 163 159 157 157 153 155 157 163 168 166 175 178 174 175 182 186 190 190 192 195 198 199 182 138 122 122 121 120
233 233 233 236 234 230 230 229 231 228 230 229 227 224 221 220 222 221 216 215 215 216 215 214 214 213 212 211 210 209 210 210 209 209 208 207 206 205 203 203 201 200 197 196 194 194 194 196 194 191 189 188 185 183 181 180 179 178 175 174 173 170 169 168 167 164 162 158 154 153 152 152 152 163 165 167 175 172 171 179 185 189 191 193 193 196 197 186 152 125 124 124 123 122
233 232 231 231 230 228 227 226 227 225 225 224 225 223 219 218 217 217 216 213 213 213 213 213 213 211 211 210 209 209 208 208 208 208 208 206 204 204 202 200 199 197 196 195 194 194 195 194 191 189 188 186 184 182 180 179 178 176 175 174 171 168 168 166 165 162 160 155 151 150 150 150 157 162 169 166 169 172 171 175 180 192 194 196 196 200 172 131 128 127 126 126 125 125
232 231 230 229 228 227 226 225 225 223 222 220 221 220 218 217 214 213 212 213 211 212 212 212 211 210 210 209 208 208 207 207 207 207 207 205 202 202 202 199 198 196 195 195 194 194 193 192 191 188 187 185 183 181 180 178 177 176 175 171 169 167 168 165 163 162 158 154 149 148 150 164 164 169 174 166 171 178 174 183 188 191 195 197 198 185 138 129 129 129 129 128 128 127
230 230 229 227 226 226 226 225 224 224 223 221 219 218 217 215 213 212 211 212 212 213 213 212 211 209 209 208 207 207 207 207 207 207 205 203 201 200 200 197 197 196 196 195 194 194 193 191 189 188 185 184 182 181 180 179 177 175 173 169 167 166 165 164 161 159 154 152 150 148 148 157 164 176 176 162 165 172 183 189 190 192 196 197 175 133 131 130 131 131 131 131 131 131
229 229 229 226 225 224 223 222 222 221 221 222 219 218 215 214 215 212 211 211 211 212 212 211 210 209 209 208 207 207 206 206 206 206 204 203 201 199 198 197 198 197 196 195 194 193 192 191 189 187 185 183 182 180 179 177 175 174 172 168 166 164 162 163 160 156 156 152 149 146 145 147 159 162 161 159 163 171 187 193 188 188 194 179 133 131 132 132 132 133 133 134 134 134
228 227 227 225 225 223 222 221 220 219 218 219 221 220 216 213 213 212 211 212 211 210 210 210 209 209 209 208 208 207 206 205 204 203 203 203 201 198 199 198 197 196 196 197 194 192 191 190 188 186 184 183 182 180 178 176 175 173 171 168 165 164 162 162 160 157 160 151 152 144 143 147 155 157 156 162 166 172 187 193 160 158 162 134 132 133 133 134 134 135 136 136 137 138
227 226 225 224 223 222 221 220 219 218 216 215 216 217 215 213 212 211 211 211 211 211 210 209 209 208 208 209 208 207 206 204 203 202 202 202 200 198 198 197 196 195 196 195 193 191 190 189 188 186 183 182 181 179 177 175 174 172 170 167 165 163 162 163 160 160 158 149 148 143 143 143 144 151 157 163 173 180 177 182 132 133 133 133 133 134 134 135 136 137 138 139 140 141
