data/bioclim/bclim13.asc
NCOLS 210 
NROWS 174 
XLLCORNER 27.125 
YLLCORNER -2.20833333333333 
CELLSIZE 0.0416666666666667 
NODATA_value -32768 
[rows 0 to 41 of 174, columns 94 to 187 of 210]
163 161 160 158 156 155 154 153 152 150 149 148 147 146 145 143 143 143 142 141 141 141 140 140 139 138 138 138 138 138 138 139 139 139 138 138 137 137 136 136 135 134 133 131 130 129 128 126 125 123 122 120 118 116 115 113 111 110 107 105 104 102 101 98 96 94 92 90 89 87 86 84 82 81 79 77 77 77 78 78 78 79 79 80 80 81 82 83 84 84 85 85 86 86
163 161 160 158 156 155 154 153 152 150 148 147 146 145 144 143 143 143 143 142 141 141 140 140 139 139 138 138 139 139 139 139 139 139 139 138 138 137 137 136 135 134 133 132 130 129 127 126 124 123 121 119 117 116 114 112 111 109 107 104 103 101 99 97 95 93 91 89 87 86 85 83 81 79 77 77 77 77 78 78 79 79 80 80 81 81 83 84 83 84 84 85 85 86
165 162 161 158 157 156 154 153 151 150 148 147 146 145 144 143 143 143 143 142 142 141 140 140 140 139 139 139 139 140 140 140 139 139 139 139 138 138 141 138 136 135 133 132 131 129 127 126 124 122 121 119 117 115 113 111 110 108 106 103 102 100 98 96 93 92 89 88 86 85 85 82 79 77 77 77 77 78 78 78 79 80 80 80 81 81 82 82 83 83 84 85 85 86
167 163 161 159 158 156 154 152 151 149 148 147 146 144 144 143 143 143 142 142 142 141 140 140 140 139 139 140 140 141 140 140 140 140 140 139 139 141 160 145 137 135 134 133 131 130 128 126 124 122 120 118 116 114 112 110 109 107 105 103 101 98 97 94 92 90 88 87 86 85 84 81 77 77 77 77 78 78 78 79 79 80 80 80 81 81 82 82 83 83 84 85 85 86
167 164 161 160 159 157 155 153 151 152 149 148 148 145 144 144 143 143 143 143 142 142 141 140 140 140 140 140 141 141 142 141 140 141 141 140 139 140 157 154 139 136 134 133 131 130 128 126 124 122 120 118 115 114 111 109 108 106 104 102 100 97 95 93 91 89 87 86 85 84 82 79 77 77 77 78 78 78 78 79 79 80 80 80 81 82 82 83 83 83 84 85 85 86
171 165 162 162 159 157 155 153 152 152 151 150 148 145 145 145 146 147 144 144 144 143 142 141 140 140 141 141 142 142 143 142 141 141 141 141 140 141 165 173 144 138 135 134 132 130 128 127 125 122 120 118 115 113 111 109 107 105 103 101 99 97 94 92 89 87 86 84 83 82 79 76 77 77 77 77 78 78 79 79 79 80 80 81 81 82 83 83 83 84 84 85 85 86
173 164 164 165 160 157 155 154 153 153 151 149 147 145 146 147 146 147 146 145 146 144 143 142 141 141 142 142 143 143 143 143 142 142 142 142 141 141 158 176 164 141 136 134 132 131 129 127 125 123 120 118 115 113 111 108 106 104 102 100 98 95 93 91 88 86 84 82 81 79 77 76 76 77 77 78 78 78 79 79 79 80 80 81 82 82 84 83 83 84 84 85 85 86
173 166 167 164 160 157 155 155 154 153 152 150 148 146 147 147 147 147 147 146 147 146 145 143 142 143 143 143 144 144 144 143 144 144 143 143 142 141 147 166 161 153 137 135 133 131 129 127 125 123 120 117 116 123 112 108 105 103 101 99 97 94 92 90 87 84 82 80 79 77 76 76 76 77 77 78 78 79 79 79 79 80 80 81 81 82 83 83 83 84 84 85 85 86
172 171 169 164 160 158 156 157 156 153 152 150 147 146 146 147 148 148 148 148 150 148 146 146 147 144 145 145 145 145 145 145 145 145 144 144 144 142 142 145 147 149 140 137 134 132 130 128 126 123 120 118 115 119 121 108 105 103 100 98 96 94 91 89 86 83 81 79 77 75 76 76 76 77 77 78 78 79 79 79 80 80 80 81 81 82 82 83 83 84 84 84 85 85
174 172 170 165 161 158 157 158 157 154 151 149 147 148 147 147 147 147 148 149 155 152 148 152 153 146 146 146 146 147 147 147 147 146 145 145 145 143 142 142 146 163 164 147 140 133 130 128 126 124 121 118 115 115 119 108 105 103 100 98 95 93 90 88 85 82 80 78 76 76 76 76 77 77 78 78 79 79 79 79 80 80 81 81 81 82 82 83 83 83 84 84 85 85
174 170 168 165 161 160 158 157 156 154 151 149 149 149 148 147 148 149 148 150 159 153 151 149 149 148 148 148 148 149 148 149 148 147 147 148 146 144 143 142 142 155 156 166 155 135 132 129 127 124 121 118 115 113 115 109 105 103 101 104 96 93 90 87 84 82 80 78 75 76 76 76 77 77 78 78 79 79 79 79 80 80 80 81 81 82 82 82 83 83 84 84 85 85
173 172 168 166 163 167 159 158 156 153 150 150 150 150 149 147 149 149 150 150 155 153 155 152 151 151 149 149 150 151 151 151 150 149 148 149 148 147 144 143 141 142 143 150 169 139 134 130 127 125 122 118 116 113 110 108 105 103 101 101 101 94 90 86 85 81 79 80 75 76 76 77 77 78 78 78 78 79 79 80 80 80 80 81 81 81 82 82 83 83 84 84 84 85
175 172 170 167 165 163 160 159 156 154 152 150 152 153 150 148 149 150 151 152 158 166 160 163 158 175 160 151 152 157 154 153 152 151 149 150 151 149 147 145 143 141 141 141 151 141 142 131 127 125 122 119 116 113 110 115 113 103 103 102 100 93 89 86 84 82 80 77 75 76 77 77 77 78 78 78 78 79 80 85 88 82 80 81 81 82 82 82 83 83 83 84 84 85
178 174 171 168 167 165 162 159 157 155 152 150 153 155 151 149 149 150 151 154 155 162 163 167 161 163 177 153 153 172 161 156 155 152 151 151 152 151 150 147 144 142 140 139 138 137 140 134 128 126 123 120 117 114 111 112 116 104 111 107 99 93 89 86 88 86 81 77 75 76 77 77 77 77 78 78 79 79 81 87 100 86 81 81 81 82 82 82 83 83 83 84 84 84
180 177 174 171 168 166 163 159 156 154 151 151 153 154 151 150 150 151 153 157 156 157 163 165 160 157 161 155 157 159 161 159 157 155 154 152 153 154 153 149 146 144 142 140 138 137 135 134 129 126 123 120 117 115 112 110 114 108 120 122 105 97 89 87 108 90 81 76 76 77 77 77 77 78 78 79 79 79 81 92 98 83 81 81 81 82 82 82 82 83 83 83 84 84
181 179 177 175 171 165 163 160 157 155 153 151 154 154 151 151 150 151 153 157 160 161 165 166 161 158 156 159 164 158 163 163 167 160 157 155 154 155 155 151 147 145 144 141 139 137 134 133 132 127 124 121 117 115 113 111 128 148 125 154 138 129 98 91 113 89 80 75 76 78 78 77 77 78 78 79 80 80 81 92 89 82 81 81 81 82 82 82 82 82 83 83 83 84
183 181 179 176 171 167 162 160 158 155 152 152 153 154 152 152 151 151 153 155 159 164 167 164 164 165 161 161 170 165 161 172 170 161 162 158 156 156 156 152 149 147 145 143 140 138 135 133 130 128 125 122 118 115 114 114 109 111 122 167 185 173 118 98 105 88 82 77 76 78 77 77 78 78 79 79 79 80 84 93 87 81 81 81 81 82 82 82 82 82 83 83 83 83
184 182 179 177 174 171 164 160 158 155 154 151 153 154 153 154 153 151 152 154 158 161 162 161 160 164 166 166 171 166 162 174 180 165 175 162 159 161 158 162 152 149 146 145 142 139 136 133 132 136 127 122 118 115 117 130 124 109 119 137 161 178 139 106 103 90 83 78 77 77 77 77 77 78 79 79 80 80 85 94 96 81 81 81 82 82 82 82 82 82 82 82 83 83
183 182 180 178 174 171 166 161 157 156 155 151 152 154 155 154 154 153 152 153 156 156 158 158 159 162 166 170 168 166 169 174 171 170 181 164 162 168 166 165 167 152 148 146 144 141 139 135 136 156 144 127 119 116 115 115 125 117 124 159 180 190 175 140 117 93 82 77 75 76 76 77 78 78 79 79 80 81 83 95 93 81 81 81 82 82 81 81 82 82 82 82 82 83
183 181 179 177 173 168 163 161 159 158 156 152 152 154 156 156 156 156 154 153 153 154 155 156 158 160 163 169 171 172 182 183 175 175 183 169 166 178 168 172 176 161 154 148 145 142 142 140 141 158 147 130 119 116 115 113 111 114 108 132 154 160 182 164 125 92 80 73 73 74 76 77 77 78 79 80 80 81 82 84 89 81 81 81 81 81 81 81 81 81 81 82 82 82
185 182 179 176 174 169 163 161 159 160 158 153 151 153 158 157 157 160 157 155 155 157 157 157 159 162 164 167 171 177 183 184 180 182 186 177 171 185 176 178 186 192 177 152 147 144 141 140 148 195 197 139 121 117 114 111 109 108 104 103 129 118 120 141 116 98 94 81 74 75 79 83 78 78 80 80 80 81 81 81 81 81 81 81 81 81 81 81 81 81 81 81 82 82
186 184 181 181 178 170 165 164 162 162 163 157 151 152 155 155 154 157 159 157 158 160 162 160 159 161 163 166 170 173 177 180 182 185 188 192 189 180 183 186 199 206 190 175 153 147 144 141 143 180 185 134 126 117 114 111 108 104 101 99 99 100 99 96 113 134 167 131 99 77 110 118 81 79 80 80 81 81 82 83 84 81 81 81 80 80 80 80 80 81 81 81 81 81
188 187 184 183 179 171 165 165 163 164 170 168 154 151 153 153 155 156 159 159 161 165 166 163 163 166 167 169 174 177 176 180 183 186 190 198 200 198 189 183 190 195 201 199 173 153 147 144 142 148 172 134 125 118 114 111 107 104 100 96 94 91 92 88 88 117 174 112 95 92 105 97 79 80 80 80 81 81 82 87 93 84 81 80 80 80 80 80 80 80 80 80 81 81
191 189 186 184 180 174 170 169 165 164 176 175 164 152 152 154 155 154 162 157 162 171 171 166 168 169 168 170 175 181 180 182 185 189 193 199 204 210 202 199 193 198 196 208 204 171 152 146 143 141 139 134 125 119 114 110 107 104 100 96 93 89 87 85 82 83 89 84 88 98 84 84 83 80 80 81 81 81 82 88 93 90 89 81 80 80 80 80 80 80 80 80 80 80
191 188 186 185 181 178 176 172 167 166 176 179 176 161 151 152 153 153 155 157 163 174 173 172 172 169 167 167 173 177 183 185 187 190 193 197 204 216 223 208 204 199 196 209 230 208 187 152 143 140 137 132 125 119 115 111 107 103 100 96 93 89 86 83 80 78 78 78 79 84 93 86 80 80 80 81 81 82 82 85 91 94 97 88 80 80 80 80 80 79 79 79 79 79
190 188 186 184 181 182 180 173 166 168 177 180 177 172 167 150 151 154 157 159 164 172 174 175 173 173 172 166 170 173 177 184 186 188 193 195 199 200 198 206 207 207 212 218 236 243 237 181 147 142 137 130 125 120 116 112 108 105 101 97 94 90 87 83 80 78 77 78 80 83 88 98 86 82 80 81 82 82 83 83 86 93 99 89 80 80 80 80 79 79 79 79 79 79
191 191 189 186 184 184 179 172 167 168 178 181 177 177 179 168 150 152 154 157 165 168 169 168 168 173 170 165 168 170 173 178 184 184 188 191 195 199 197 198 201 200 190 197 242 247 240 214 166 142 139 131 125 121 117 113 109 106 102 99 95 92 88 85 82 80 79 80 81 83 87 95 118 85 81 81 82 83 84 83 85 92 94 87 81 80 80 79 79 79 78 78 78 78
193 192 190 189 187 187 176 171 169 168 177 180 176 177 179 178 163 150 153 157 162 164 164 165 166 164 163 164 165 168 172 176 181 181 183 185 187 192 197 194 189 188 179 182 226 241 226 236 175 147 154 133 126 122 118 114 111 108 105 101 97 94 91 88 86 84 83 83 84 85 87 89 94 84 81 82 83 84 85 83 82 83 82 82 80 80 79 79 78 78 78 78 78 78
196 194 191 190 185 180 177 175 175 169 174 174 175 176 179 179 170 156 152 163 158 160 160 164 164 162 161 164 166 168 170 173 177 178 179 183 186 188 190 191 189 183 178 179 226 223 174 173 158 143 145 150 127 123 119 115 112 117 129 114 101 98 95 92 92 92 99 91 88 89 91 103 95 93 88 88 87 86 84 82 82 82 81 80 80 79 79 78 78 77 77 77 77 78
197 193 189 186 182 182 183 179 180 174 173 175 178 180 184 181 179 159 165 153 154 156 158 159 160 160 162 166 169 169 171 172 174 176 179 182 186 189 190 189 186 182 180 202 220 208 162 152 150 144 144 175 131 125 121 117 114 115 138 148 119 106 100 97 100 104 110 128 135 131 141 168 141 112 86 84 83 84 83 82 82 81 81 80 80 79 78 78 77 77 77 77 77 77
195 192 189 187 187 185 187 182 180 176 177 179 180 180 185 181 171 164 166 187 152 153 156 156 157 159 163 165 168 171 173 175 176 178 181 183 187 189 188 187 186 180 192 196 191 194 161 150 148 144 142 139 131 126 122 119 116 114 132 161 138 113 106 103 104 108 118 123 123 127 142 141 138 118 94 86 88 83 82 82 81 81 80 79 79 78 79 78 77 77 76 76 77 77
193 191 193 192 191 187 188 186 183 179 178 179 178 178 184 183 172 175 183 192 169 150 152 154 157 161 162 164 165 168 172 176 177 179 183 184 186 186 184 182 180 176 172 170 165 172 160 150 147 145 142 137 132 128 124 122 118 116 125 169 157 127 115 109 109 112 115 116 116 116 123 147 140 138 119 115 114 89 83 84 82 81 80 79 78 78 79 78 77 76 76 76 76 77
196 194 195 195 192 189 190 185 183 180 178 175 175 174 178 184 185 190 199 197 188 157 154 157 157 158 159 161 165 168 171 175 178 181 183 184 183 181 180 178 176 174 170 166 165 160 157 151 147 151 144 139 134 130 127 124 122 119 118 133 137 132 121 118 114 116 116 117 116 116 124 140 134 130 125 123 121 119 86 91 85 82 80 79 78 78 79 79 77 76 75 75 76 79
197 197 197 195 191 193 191 185 179 177 176 172 171 167 174 181 186 186 195 207 181 165 154 161 164 162 161 161 163 166 170 174 176 178 181 180 180 180 179 177 176 175 170 165 169 157 155 151 148 147 145 145 137 133 130 127 125 123 121 123 122 137 131 123 120 119 119 118 116 116 116 119 122 119 119 122 125 129 119 118 87 84 79 78 78 78 79 78 76 76 75 75 76 83
198 200 197 195 193 192 185 179 176 175 174 171 167 167 173 182 184 172 169 177 161 162 155 156 160 162 162 161 165 166 169 170 173 174 176 179 180 180 179 177 175 179 170 166 161 158 154 151 149 148 148 147 140 136 134 131 129 128 127 124 125 147 157 129 125 123 121 120 119 118 118 119 120 122 124 124 124 124 122 124 102 84 80 78 78 77 78 77 76 75 75 74 75 79
204 204 198 195 191 188 182 177 174 172 171 169 166 166 172 177 179 156 151 153 152 152 153 155 156 160 164 164 164 169 169 171 171 173 176 177 178 178 177 176 176 174 170 166 163 159 156 154 151 149 148 148 143 140 137 135 135 136 131 131 129 141 149 138 129 126 123 121 122 130 125 125 130 128 125 124 126 127 125 125 101 84 80 79 79 77 77 76 76 75 74 74 74 78
203 199 195 193 191 189 186 181 176 172 168 167 166 167 165 156 153 151 151 151 152 153 155 156 158 162 166 165 167 170 175 174 174 175 176 176 178 179 178 177 176 175 171 167 164 162 159 156 154 152 151 150 147 145 142 140 140 139 137 136 135 134 138 144 136 129 125 125 126 131 129 129 131 128 124 124 125 128 124 122 95 83 80 79 78 77 77 76 75 75 74 74 75 77
199 196 194 193 193 191 188 183 176 172 167 164 164 161 157 155 154 156 156 156 155 156 159 158 161 162 169 168 169 173 176 177 179 178 179 180 179 180 181 181 179 177 173 168 166 165 163 160 158 156 154 152 151 150 147 145 143 143 142 141 142 143 140 139 152 137 128 132 133 131 127 126 128 127 122 122 124 128 122 125 85 82 80 79 78 80 79 76 75 74 74 75 75 79
197 195 195 194 192 189 184 179 173 169 165 164 164 160 158 158 160 165 162 163 159 159 162 161 165 167 169 172 169 171 175 180 183 182 182 182 185 183 183 183 181 179 175 172 168 168 166 163 161 159 158 155 154 153 152 150 150 148 146 146 153 162 149 141 146 143 130 135 136 131 125 124 126 123 122 122 125 124 121 121 98 82 80 79 78 81 84 78 76 75 74 76 75 80
195 195 194 192 189 186 184 178 173 168 165 164 163 161 159 163 167 171 168 166 162 163 164 164 170 172 170 175 176 172 175 178 184 186 187 188 186 188 186 184 182 179 177 176 173 171 169 167 165 163 161 158 158 158 156 153 152 151 150 150 170 191 155 147 139 142 132 132 132 128 124 123 126 122 121 123 127 121 118 120 91 81 80 80 79 79 81 77 76 75 74 75 79 81
193 190 191 190 187 184 178 173 170 168 166 165 164 162 163 169 170 173 170 168 165 165 168 168 171 175 172 175 184 177 175 178 182 186 190 192 191 190 187 186 184 181 181 179 177 174 171 170 168 166 163 163 163 163 159 157 158 156 154 156 167 162 156 147 141 137 134 131 129 126 123 122 124 121 119 120 121 116 114 116 101 82 80 80 79 78 79 77 76 75 75 76 79 82
189 187 187 187 184 180 174 170 169 169 167 166 164 163 165 170 171 172 172 170 168 170 174 171 173 177 177 177 184 191 177 176 181 188 190 190 191 191 188 188 187 184 184 183 180 177 175 171 170 168 166 166 165 163 161 161 161 161 159 159 159 155 151 148 143 139 135 131 128 125 123 124 123 121 120 120 118 114 112 112 113 82 81 80 79 78 78 77 76 76 76 78 85 84
