data/bioclim/bclim10.asc
NCOLS 210 
NROWS 174 
XLLCORNER 27.125 
YLLCORNER -2.20833333333333 
CELLSIZE 0.0416666666666667 
NODATA_value -32768 
[rows 42 to 83 of 174, columns 94 to 187 of 210]
257 258 260 261 264 267 271 273 275 277 277 279 280 281 278 275 273 272 273 274 274 274 273 274 275 272 272 273 271 265 267 271 273 268 267 265 262 261 259 260 259 259 260 261 259 258 256 256 257 256 256 254 255 255 254 252 252 250 252 252 251 251 250 250 248 247 246 246 244 240 238 238 237 236 235 233 233 234 233 229 231 250 260 263 265 267 270 272 273 266 260 240 237 241
256 258 260 263 266 270 273 274 275 276 276 278 279 278 275 272 270 269 270 268 270 271 271 272 273 272 269 271 269 264 260 265 270 271 270 268 265 261 260 261 261 261 259 258 258 257 255 255 257 257 256 256 255 254 253 251 249 248 249 251 251 250 250 249 249 247 247 247 245 241 239 238 238 238 237 234 235 235 235 230 229 247 257 261 264 267 270 273 270 268 260 246 236 237
256 257 262 266 269 271 272 273 274 275 276 277 277 272 269 266 266 265 265 262 265 267 268 269 269 270 268 267 266 262 257 258 262 264 269 268 266 264 263 264 263 261 259 257 256 256 255 254 254 256 256 255 254 235 243 248 239 246 247 250 251 250 250 249 249 248 247 246 245 242 240 239 239 238 238 236 237 235 236 234 233 244 256 258 261 266 269 271 267 263 259 250 247 239
257 260 263 265 267 269 271 272 273 274 275 276 271 265 264 262 262 261 260 257 260 262 265 264 265 266 264 263 264 261 257 255 256 260 264 268 267 266 266 263 262 260 258 258 257 257 255 252 248 255 256 254 252 251 244 240 243 244 246 249 250 250 249 248 248 248 247 246 244 243 241 240 240 240 239 237 238 237 238 237 235 237 246 252 257 263 267 268 264 261 253 246 233 232
255 258 261 264 267 268 269 271 271 271 274 270 264 261 261 260 260 258 257 255 254 260 260 259 261 261 260 260 261 260 256 254 254 256 260 260 261 259 261 261 262 260 258 256 255 256 255 252 249 255 256 254 252 251 246 237 243 243 246 247 249 249 248 248 247 247 246 246 244 243 242 242 241 241 240 239 240 238 239 239 238 236 236 243 252 259 265 267 260 248 249 242 235 224
256 258 261 264 266 268 268 269 270 271 272 263 259 258 257 258 258 257 256 255 255 258 251 256 258 257 257 256 258 258 254 252 253 254 257 259 255 254 256 259 259 260 258 255 254 254 254 252 251 255 255 253 253 251 249 237 248 247 246 246 247 247 248 248 247 246 245 245 244 242 242 242 242 241 241 241 241 239 240 240 239 238 237 237 245 259 264 264 254 236 238 231 232 240
256 259 261 263 264 266 268 269 269 270 270 260 257 257 256 256 255 254 253 252 256 256 247 251 255 255 253 255 257 255 251 250 252 254 255 257 257 253 256 257 257 259 257 256 255 253 253 252 251 254 255 253 251 251 252 250 250 249 247 245 246 247 248 247 247 246 244 243 243 243 242 243 242 243 242 242 241 241 241 241 241 241 239 235 243 258 258 263 258 241 239 236 233 247
255 257 259 262 264 265 267 267 269 269 264 257 256 256 255 254 254 253 251 252 253 252 249 249 252 254 253 254 255 254 251 250 252 253 253 254 257 256 253 255 256 257 257 256 255 253 251 251 252 254 254 253 252 252 252 252 251 249 247 246 243 247 249 248 247 245 243 241 243 244 243 244 244 244 243 242 241 242 242 242 242 242 239 232 243 254 254 260 261 256 248 237 226 240
254 257 259 262 264 265 266 267 267 265 259 257 256 256 254 255 254 251 251 252 251 250 249 249 248 251 252 252 253 252 252 250 250 250 252 253 255 257 253 252 254 256 256 256 255 254 252 251 251 253 253 253 253 253 253 253 251 249 249 248 236 245 249 248 246 245 244 242 243 245 244 245 245 245 244 243 242 244 243 243 243 241 240 235 231 250 252 257 258 257 244 229 225 256
253 255 260 263 264 265 266 267 266 259 258 257 256 255 254 255 252 251 252 251 250 249 248 249 248 248 249 251 252 250 250 249 248 249 251 253 254 256 255 252 252 254 254 254 253 253 252 252 252 252 253 254 253 252 252 253 251 250 250 248 239 247 250 248 245 242 243 243 244 246 245 246 245 245 243 241 242 243 244 244 244 242 241 235 235 243 248 254 255 252 249 251 256 263
250 254 259 261 262 264 265 266 264 259 258 257 257 256 256 253 253 252 251 250 249 248 249 249 248 247 247 248 250 249 249 247 247 249 251 252 253 254 255 253 252 252 252 253 254 253 253 254 253 254 254 254 254 253 253 253 252 251 250 248 244 245 250 249 247 242 243 244 245 247 246 246 246 245 242 232 240 243 245 246 245 243 242 239 237 237 246 248 249 248 247 259 260 259
252 255 258 261 262 264 263 265 263 261 260 258 257 258 256 254 253 251 250 248 248 248 249 249 249 247 245 245 248 249 247 246 246 248 249 251 251 251 253 254 253 253 253 253 253 253 253 252 253 253 253 253 254 254 253 252 252 252 250 249 248 250 249 247 246 242 242 244 246 247 247 247 246 246 245 240 241 244 245 247 245 244 243 242 240 238 242 243 237 248 256 263 263 267
250 254 258 260 262 261 263 264 265 264 261 260 260 257 254 252 251 250 249 250 251 250 250 250 249 247 245 245 246 245 244 245 246 248 249 250 249 251 251 253 252 253 253 252 253 252 252 251 252 252 251 251 252 253 253 253 253 250 248 246 249 250 248 242 242 242 242 244 246 247 248 247 247 247 246 245 245 245 245 247 247 245 244 242 241 240 238 236 235 248 258 262 265 268
250 252 255 258 260 261 261 262 263 264 262 264 260 255 253 252 251 251 251 251 251 252 250 248 248 247 247 246 245 245 245 245 245 247 248 248 249 250 250 251 252 252 251 251 251 252 252 251 251 252 251 251 252 252 252 253 253 251 249 248 250 249 245 238 241 244 241 244 245 247 248 248 248 248 248 247 247 246 246 247 247 245 244 242 241 239 238 236 233 245 256 261 262 265
252 252 256 258 260 261 262 262 263 264 264 262 259 256 254 255 253 253 252 252 253 251 250 248 249 248 248 246 245 246 245 246 245 245 247 248 249 248 249 250 252 252 253 252 251 251 251 251 250 251 250 250 250 251 251 252 253 252 250 250 238 236 240 232 245 242 240 242 245 247 248 249 248 249 249 248 248 247 247 248 247 246 245 243 240 239 236 234 233 249 256 258 260 263
252 254 255 256 258 258 259 261 262 265 264 262 259 257 256 256 255 254 254 253 252 251 250 248 250 248 246 245 245 246 246 246 246 246 246 247 247 248 249 250 250 251 253 253 252 252 252 251 250 249 250 251 251 250 250 251 252 252 251 251 246 242 243 241 247 244 234 231 245 246 249 249 249 249 249 249 249 248 247 248 247 246 245 243 241 239 237 234 232 239 253 256 254 261
251 252 253 255 255 254 259 261 264 265 264 264 260 258 256 255 252 252 253 252 253 252 250 251 250 247 246 244 245 245 246 247 247 246 245 247 247 248 249 249 249 250 251 253 253 253 252 252 251 250 251 252 252 251 251 250 252 252 252 252 251 249 248 246 245 242 234 235 243 246 248 249 249 250 250 249 249 248 248 249 247 247 245 243 242 239 237 233 221 221 245 248 249 256
248 249 251 252 251 253 258 262 263 264 264 260 258 257 256 254 252 252 251 251 250 250 250 251 250 248 247 244 244 245 245 247 248 247 247 248 247 247 248 248 249 249 251 252 251 253 253 253 252 251 252 252 251 250 250 250 251 252 252 251 246 250 250 250 250 249 245 237 236 245 247 250 250 249 249 249 249 249 249 249 248 247 245 244 242 239 235 220 190 185 219 241 249 251
242 247 249 249 248 253 258 262 262 261 264 262 261 258 257 255 254 254 252 251 251 250 251 252 250 250 249 246 245 246 246 246 248 248 247 248 248 248 247 247 247 249 250 251 250 251 252 253 253 252 251 252 252 251 251 251 251 250 251 251 247 245 248 250 251 251 250 248 235 243 248 249 250 250 249 249 249 249 249 248 247 246 244 242 240 238 233 213 176 162 196 235 250 253
241 245 246 246 248 253 258 259 260 261 265 266 262 261 258 257 256 255 253 254 254 251 252 252 251 251 249 248 245 245 246 247 248 248 247 248 248 247 248 247 247 248 250 250 250 249 251 252 252 253 252 252 252 252 251 251 251 250 250 250 250 247 250 250 252 252 251 250 248 248 249 250 250 249 248 249 249 248 248 248 247 247 245 242 239 236 233 222 194 190 210 223 243 246
235 242 241 242 248 252 256 259 261 263 266 265 264 263 262 258 255 253 254 256 254 251 252 253 253 250 249 247 245 245 246 246 247 248 248 249 248 248 248 248 248 248 247 250 250 248 249 251 252 251 252 253 252 251 251 251 251 252 252 251 251 252 251 252 252 252 251 250 250 250 250 250 250 248 249 248 248 247 246 245 245 245 243 240 238 236 233 228 216 209 216 222 231 234
231 234 234 243 248 251 254 260 263 264 265 264 265 264 262 258 255 255 257 258 255 253 253 253 252 251 250 248 246 245 247 247 248 248 248 249 249 248 247 248 249 249 248 248 248 247 247 249 250 251 252 252 252 252 251 251 252 253 252 252 252 252 252 252 253 252 251 251 251 250 250 250 249 248 249 248 247 247 246 244 243 242 241 239 236 233 231 229 226 222 221 221 223 220
223 221 230 245 248 250 253 262 264 265 265 264 262 262 261 260 256 258 259 258 256 254 252 251 251 249 249 248 246 245 247 247 248 249 248 248 247 248 248 249 249 249 249 249 247 246 246 247 249 250 251 251 252 253 252 252 253 253 253 253 253 253 253 253 252 252 251 251 251 250 250 249 249 248 248 247 247 246 245 244 242 240 238 236 234 232 230 229 227 225 224 223 219 215
217 217 234 244 246 249 257 264 265 265 262 263 264 263 262 259 259 260 257 253 253 252 253 251 250 250 248 248 246 246 246 247 248 249 248 247 248 249 249 250 250 250 249 249 248 247 246 247 249 249 249 250 251 252 252 253 253 252 252 253 253 253 252 252 252 251 251 251 250 250 249 250 249 248 247 246 246 244 243 242 242 240 237 235 233 230 229 228 227 226 225 222 218 213
216 222 235 242 245 249 261 265 264 264 264 266 265 266 266 262 260 259 256 254 251 250 250 251 251 250 250 249 247 246 246 247 248 248 247 247 249 249 249 250 249 249 248 248 248 248 247 246 247 247 248 247 249 251 250 252 252 253 252 252 252 253 253 252 252 251 251 251 251 250 250 249 248 247 246 246 244 243 241 240 239 238 236 235 233 229 226 226 226 224 223 221 220 215
218 223 236 242 245 253 264 265 265 265 265 263 261 261 262 259 258 257 255 253 253 250 249 249 250 250 250 249 248 246 247 248 247 247 247 248 249 249 249 249 249 249 248 247 247 248 247 248 248 248 247 246 247 249 250 251 252 253 253 253 252 252 252 253 251 250 251 252 251 250 249 249 248 247 246 244 242 241 238 236 236 237 237 235 232 228 224 223 223 224 223 223 221 218
222 229 241 243 248 261 265 264 265 264 263 261 260 259 259 259 259 257 255 251 250 249 248 248 248 248 248 248 246 246 247 247 247 247 248 248 249 249 248 249 249 248 248 247 246 247 247 249 249 250 249 247 246 247 249 250 251 251 252 253 253 252 252 252 251 251 252 252 251 251 250 249 248 246 245 243 242 240 236 228 235 236 236 235 232 229 225 221 223 225 224 224 222 220
219 222 239 245 256 265 266 265 265 264 262 262 260 261 261 260 259 258 254 251 247 245 244 246 246 246 246 246 246 245 247 247 247 248 248 249 249 249 248 248 248 248 248 247 246 247 248 250 251 250 249 248 247 247 246 248 250 251 251 251 252 252 251 252 251 251 251 252 251 251 250 249 248 246 245 241 239 235 236 233 235 236 236 235 233 230 227 222 222 225 225 225 224 222
221 232 234 256 263 265 266 265 265 264 263 262 262 261 260 261 260 259 252 250 247 244 242 242 241 242 243 244 245 246 247 247 247 248 248 249 249 249 249 248 248 249 249 247 248 249 250 250 251 250 250 249 247 248 249 248 248 250 249 250 252 252 251 250 250 250 250 252 252 250 248 248 247 247 245 235 236 232 221 218 233 237 236 236 233 231 228 225 222 224 227 226 224 224
245 237 243 263 263 264 265 265 264 264 263 263 263 262 262 261 260 255 251 248 247 245 242 241 240 242 243 243 244 245 246 248 247 248 248 248 248 248 248 248 249 249 249 248 247 249 250 251 251 251 251 249 249 249 251 251 250 249 249 250 250 251 251 250 249 249 250 252 252 251 248 249 247 247 245 243 239 206 194 225 233 237 237 236 234 231 229 227 221 224 226 228 226 226
249 259 263 264 263 263 264 264 264 264 264 264 263 263 261 256 252 251 249 247 245 242 241 242 240 241 241 242 243 245 245 246 247 247 247 248 248 248 248 249 250 250 249 248 247 249 250 251 252 251 250 250 249 249 251 253 253 252 252 250 250 251 251 250 251 251 251 252 252 250 249 249 248 247 246 244 242 227 224 235 239 238 238 236 235 233 231 228 223 224 226 228 228 227
263 263 264 263 263 263 264 265 264 264 264 263 263 261 256 250 247 249 247 247 244 241 241 241 240 241 241 242 242 244 246 246 246 247 247 248 248 249 249 249 249 249 248 249 249 250 251 252 252 252 251 250 249 250 251 253 254 254 254 251 251 253 253 252 252 252 252 253 253 251 249 249 248 248 246 245 244 243 241 241 241 239 239 237 236 234 231 227 224 225 226 228 229 229
263 264 263 263 264 264 264 264 264 264 264 263 261 254 250 247 246 247 244 244 241 241 242 241 241 242 242 241 241 243 245 247 246 246 247 247 247 247 248 248 248 248 249 249 249 250 251 252 252 252 252 251 251 251 251 253 255 256 255 254 253 254 255 253 254 254 253 253 253 250 249 249 248 247 246 246 245 244 243 243 242 241 239 238 237 236 232 226 224 224 226 227 228 229
264 263 264 264 263 264 264 263 263 263 262 260 253 247 247 245 245 246 245 242 239 241 242 242 241 243 242 242 243 243 244 246 246 246 247 247 246 247 248 248 248 249 249 250 251 251 252 252 251 252 251 252 252 251 251 253 255 257 256 255 254 254 255 255 254 255 254 254 253 250 249 250 248 248 247 247 246 245 244 243 242 240 239 239 238 236 234 229 222 221 222 225 227 229
264 264 264 263 264 263 263 263 263 262 257 249 247 246 244 241 243 243 241 240 239 240 242 243 243 243 242 242 243 244 245 245 245 245 246 245 246 247 248 248 248 250 250 250 250 251 252 252 252 252 251 250 250 252 253 254 256 257 257 257 256 254 255 256 256 255 255 254 252 250 249 250 249 248 248 247 246 245 244 243 241 241 241 239 238 236 231 229 219 201 190 219 226 228
264 264 264 264 264 263 263 263 260 250 247 245 245 244 241 241 242 240 240 240 240 241 241 242 243 242 242 242 243 244 245 245 244 245 245 245 245 247 248 249 248 249 249 250 251 251 252 252 251 251 251 251 252 253 255 254 256 257 257 258 257 256 255 257 257 256 255 254 252 251 249 249 249 248 247 247 246 245 244 243 243 242 241 240 239 232 216 206 200 172 178 214 226 228
265 264 264 264 264 264 264 260 249 246 243 243 242 242 241 241 240 240 241 240 240 240 241 242 243 243 243 244 243 242 242 243 244 245 245 246 246 246 246 248 248 249 249 249 250 250 251 251 251 252 251 253 253 254 254 254 257 258 258 257 257 256 255 256 257 256 255 254 253 251 249 250 249 248 247 247 246 245 244 244 243 242 241 239 238 235 223 184 175 198 210 221 226 228
265 265 265 265 265 264 260 248 245 243 241 242 240 241 240 239 238 239 240 241 240 240 241 241 242 243 243 242 240 240 238 239 244 245 245 246 246 246 247 247 248 248 249 249 249 249 251 252 252 252 252 254 254 255 255 256 257 258 258 258 258 256 256 257 256 256 255 254 252 251 250 250 249 248 248 247 246 245 244 244 243 242 240 240 238 235 222 195 182 208 220 224 227 228
265 265 265 265 265 258 245 243 242 241 241 240 240 241 240 239 239 239 241 240 240 241 241 241 242 242 243 243 242 242 240 241 244 245 245 245 245 246 247 247 247 247 248 248 248 249 250 251 251 252 252 254 254 255 256 257 257 257 258 258 258 256 256 256 257 256 255 254 253 251 250 250 249 248 248 247 246 245 245 244 243 242 241 239 237 235 227 221 215 222 224 226 226 227
265 266 266 265 256 244 241 241 241 239 241 241 240 240 239 238 236 237 240 240 241 241 241 242 242 242 243 243 243 243 244 244 245 244 245 245 245 245 246 246 246 247 247 248 248 248 249 250 251 252 253 254 255 255 256 256 257 257 258 258 257 255 256 256 256 255 254 253 253 252 251 250 249 248 247 247 246 245 244 243 242 241 240 238 236 234 233 231 229 228 227 226 225 225
265 265 264 251 243 241 241 241 241 240 239 240 239 239 237 238 241 241 241 241 241 241 242 242 242 242 242 242 243 243 243 243 244 244 244 244 245 245 245 244 245 246 247 248 248 248 249 250 251 252 253 254 255 253 255 255 256 257 257 257 256 255 256 256 256 255 253 252 252 252 250 249 248 247 247 246 245 244 243 243 242 240 240 239 237 236 235 233 231 228 225 223 222 222
266 260 246 243 242 241 241 239 232 236 236 238 240 240 239 239 240 241 241 242 241 241 242 242 242 242 242 241 242 242 243 243 243 243 243 244 244 244 245 244 245 246 246 247 248 249 250 250 251 252 253 253 254 252 255 255 255 255 255 255 255 256 256 256 255 254 252 250 250 250 249 247 246 247 247 246 245 244 243 243 241 240 239 238 237 236 235 233 232 229 225 222 218 218
