data/bioclim/bclim2.asc
NCOLS 210 
NROWS 174 
XLLCORNER 27.125 
YLLCORNER -2.20833333333333 
CELLSIZE 0.0416666666666667 
NODATA_value -32768 
[rows 0 to 41 of 174, columns 94 to 187 of 210]
131 132 131 132 132 132 132 132 132 132 132 132 132 132 132 132 132 133 133 133 133 134 134 134 134 134 134 134 135 135 135 135 135 135 135 135 134 134 134 134 133 133 133 132 132 132 132 131 130 130 130 129 129 128 128 127 127 126 126 126 125 125 124 124 124 124 124 124 123 123 122 122 122 122 122 122 122 122 122 122 122 122 122 121 121 121 121 121 120 120 120 120 120 120
132 132 132 132 132 132 132 132 132 132 132 132 132 132 132 133 133 133 133 133 134 134 134 134 134 134 135 135 135 135 135 135 135 135 135 135 135 135 134 134 134 134 133 133 132 132 132 131 131 130 130 130 129 128 128 127 127 126 126 126 125 125 124 124 124 123 123 123 123 122 122 122 122 122 122 122 122 122 122 122 121 121 121 121 121 121 120 120 120 120 120 120 120 120
132 132 132 132 132 132 132 132 132 132 132 132 132 132 133 133 133 133 133 133 134 134 135 135 135 135 135 135 135 136 136 136 136 136 136 136 135 135 134 135 134 134 134 133 133 132 132 131 131 130 130 129 129 128 128 127 127 126 126 125 125 125 124 124 124 123 123 123 122 121 120 121 121 122 121 122 122 121 122 122 121 121 121 121 121 120 120 120 120 120 120 119 119 119
131 132 132 132 132 132 132 133 132 132 132 132 132 133 133 133 133 133 134 134 134 134 135 135 135 135 136 136 136 136 136 136 136 137 136 136 136 135 128 133 135 135 134 134 133 133 132 132 131 130 130 130 129 129 128 127 127 126 126 125 125 124 124 124 123 123 123 122 121 120 119 120 121 121 121 121 121 122 121 121 121 121 121 121 120 120 120 120 120 120 119 119 119 119
132 132 132 132 132 132 133 132 132 132 132 133 133 133 133 133 134 134 134 134 134 135 135 135 136 136 136 137 137 137 137 137 137 137 137 137 137 136 130 130 135 135 135 134 133 133 133 132 131 131 130 130 129 129 128 128 127 126 126 125 124 124 124 124 123 122 122 122 121 119 119 119 120 121 121 121 121 121 121 121 121 121 121 121 120 120 120 120 120 120 119 119 119 119
131 132 132 132 133 133 133 133 133 133 133 133 133 133 133 134 133 133 134 134 135 135 136 136 136 136 136 137 137 137 137 137 138 138 138 138 137 137 127 122 134 135 135 134 134 133 132 132 132 131 130 130 129 129 128 127 127 126 126 125 124 124 123 123 123 123 122 122 120 119 120 120 121 121 121 121 121 121 121 121 121 121 121 120 120 120 120 120 120 119 119 119 119 119
131 132 132 132 133 133 133 133 133 133 133 133 133 134 133 134 134 134 134 134 135 135 136 136 136 137 137 137 137 138 138 138 138 138 138 138 138 137 131 121 126 135 135 135 134 134 133 132 131 131 130 130 129 129 128 128 127 126 125 125 124 124 123 123 122 123 122 121 120 120 120 120 121 121 121 121 121 121 121 121 121 120 121 120 120 119 119 120 119 119 119 119 118 118
131 132 132 132 133 133 133 133 133 133 133 134 134 134 134 134 134 134 135 135 135 135 136 136 137 137 137 138 138 138 139 139 139 139 139 139 139 138 136 127 128 131 135 135 134 134 133 132 132 131 131 130 129 124 127 127 127 126 125 125 124 123 123 122 122 122 122 121 121 120 120 120 121 121 121 121 121 121 121 121 121 120 120 120 120 120 120 119 119 119 119 119 118 118
132 132 132 133 133 133 133 133 133 133 134 134 134 135 135 134 134 134 135 135 135 135 136 136 136 137 138 138 138 139 139 139 140 140 140 139 139 139 139 137 136 134 135 135 135 134 133 132 132 131 131 130 129 125 122 127 127 126 125 124 124 123 122 122 122 122 121 121 120 120 120 120 120 120 121 120 120 120 120 121 121 120 120 120 120 120 119 119 119 119 119 119 118 118
132 132 132 133 133 133 134 133 133 134 134 135 135 135 135 135 135 135 135 135 134 135 136 135 135 138 138 138 139 139 139 140 140 140 140 140 140 140 139 139 136 128 125 132 133 134 133 133 132 131 130 130 129 127 123 127 126 125 125 124 123 123 122 121 121 121 121 120 120 119 119 120 120 120 120 120 120 120 120 120 120 120 120 120 120 120 119 119 119 119 119 118 118 118
132 133 133 133 134 134 134 134 134 134 135 135 135 135 135 135 135 135 135 135 133 135 136 136 137 138 138 139 139 139 140 140 140 141 141 141 141 140 140 139 138 132 130 122 126 134 133 132 132 131 130 130 129 128 125 126 126 125 124 119 122 122 122 121 121 121 120 119 119 118 120 120 120 120 120 120 120 120 120 120 120 120 120 120 120 119 119 119 119 119 118 118 118 118
132 133 133 133 134 132 134 134 134 135 135 135 135 135 135 136 136 135 135 136 135 135 135 136 137 137 138 139 139 139 140 141 141 141 142 141 141 141 141 140 139 138 136 132 119 133 133 132 132 131 130 130 129 128 127 126 125 124 123 120 118 120 121 121 120 120 119 117 118 118 119 119 119 120 120 120 120 120 120 120 120 120 120 120 120 119 119 119 119 119 118 118 118 118
132 133 133 133 134 134 134 134 135 135 135 135 135 135 135 136 136 136 136 136 134 132 134 134 136 130 136 139 139 139 140 141 141 142 143 142 142 141 141 140 139 139 138 136 130 132 129 132 132 131 130 129 129 128 127 122 121 124 121 119 118 120 120 120 119 119 118 117 118 119 118 119 119 120 120 120 120 120 120 118 116 119 120 119 119 119 119 119 119 118 118 118 117 117
132 133 133 133 133 134 134 134 135 135 135 136 135 135 135 136 136 136 136 135 135 134 134 133 135 135 131 139 139 133 138 141 141 142 143 143 143 142 141 140 140 139 138 137 135 134 131 131 132 131 130 129 128 128 126 123 119 123 117 117 118 119 120 119 116 116 116 117 117 117 118 119 120 120 120 120 120 120 120 117 110 117 119 120 119 119 119 119 119 118 118 118 118 117
131 132 133 133 133 134 134 135 135 135 136 136 135 135 136 136 136 136 136 135 135 135 134 134 136 137 136 139 139 139 139 140 141 142 143 144 143 142 141 140 140 139 138 137 136 134 133 132 132 131 130 129 128 127 126 124 120 120 114 111 116 117 119 119 109 113 115 117 117 116 118 119 120 120 120 120 120 120 119 114 112 118 119 119 119 119 119 119 119 118 118 118 117 117
132 132 132 132 133 134 134 135 135 136 136 136 136 136 136 136 136 137 136 135 135 135 134 134 136 137 138 138 137 139 139 139 138 141 143 144 143 142 141 140 140 139 138 137 136 135 134 133 131 131 130 129 128 127 125 123 113 106 112 103 106 107 114 116 108 113 115 116 116 115 117 119 119 119 120 120 120 120 119 115 116 119 120 119 119 119 119 119 118 118 118 118 117 117
131 132 132 132 133 134 135 135 135 136 136 136 136 136 136 136 137 136 136 136 135 134 133 135 135 136 137 138 136 138 140 136 137 141 141 142 142 141 140 140 139 138 138 136 135 135 134 133 131 130 129 129 128 127 125 121 122 118 112 100 96 97 108 112 109 113 114 115 115 115 117 118 119 120 120 120 120 120 118 114 117 119 119 119 119 119 119 119 118 118 118 118 117 117
132 132 132 132 133 133 135 135 136 136 136 136 136 136 136 136 136 137 137 136 135 135 135 136 137 136 136 136 135 137 139 135 132 139 135 141 141 140 139 137 138 138 137 136 135 134 133 132 131 127 129 129 127 127 123 114 115 119 113 107 101 96 103 110 110 112 114 114 114 115 117 119 119 119 120 120 120 120 118 114 113 120 119 119 119 119 119 118 118 118 118 117 117 117
132 132 132 133 133 134 135 135 136 136 136 136 137 136 136 136 136 137 137 137 136 137 136 137 137 136 136 135 136 137 137 136 137 138 133 140 140 137 136 135 133 137 136 135 134 134 133 132 130 116 119 126 127 126 124 121 114 115 111 102 97 95 96 102 107 111 114 114 116 117 118 119 119 119 120 120 120 119 119 114 115 119 119 119 119 119 118 119 119 118 118 117 117 117
133 133 133 133 134 134 135 135 136 136 136 137 137 136 136 136 136 136 137 137 137 137 137 137 137 137 137 136 135 136 131 131 135 136 132 137 138 132 136 133 129 134 135 135 134 133 131 130 127 115 118 125 128 126 124 122 120 116 117 108 102 100 95 98 105 111 114 116 118 118 119 119 119 120 120 119 120 119 119 118 116 119 119 119 119 119 119 119 119 118 118 117 117 117
133 133 133 133 134 134 135 135 136 135 136 136 137 136 136 136 136 135 136 137 137 136 137 137 137 137 136 136 135 134 131 131 133 132 130 134 136 130 133 130 125 116 125 134 133 133 132 131 125 104 103 119 127 126 125 123 121 119 118 117 108 109 108 103 107 110 110 114 117 117 115 114 119 119 119 119 120 119 119 119 120 119 119 119 119 119 119 118 118 118 118 118 117 117
133 132 133 132 133 134 135 135 135 135 135 136 137 137 136 136 136 136 136 136 136 136 135 136 137 137 137 136 135 135 134 133 132 131 129 127 128 132 130 128 115 108 114 125 132 132 131 130 128 109 106 123 125 127 126 124 123 121 120 119 117 115 113 113 108 103 97 103 109 114 105 103 116 119 119 119 120 119 119 119 118 119 119 119 119 119 119 119 118 118 118 118 117 117
132 132 132 132 133 134 135 135 135 135 133 134 137 137 137 137 136 136 136 136 136 135 135 136 136 136 135 135 134 133 134 132 132 131 129 124 122 123 129 131 128 121 110 110 125 131 131 130 128 121 109 123 125 127 126 125 123 122 121 121 119 118 116 115 114 107 97 107 109 110 107 108 117 118 119 119 119 119 119 117 114 118 119 120 119 119 119 118 118 118 118 118 117 117
132 131 132 132 133 134 134 134 135 135 132 132 135 137 137 137 136 137 135 136 135 133 134 135 135 135 135 135 134 132 133 132 131 130 129 125 116 112 120 126 128 126 114 106 107 121 130 129 128 127 124 123 126 127 126 125 124 123 122 122 121 119 118 117 116 115 112 113 112 109 112 112 114 117 119 119 119 119 119 116 113 115 116 119 119 119 118 118 118 118 118 118 117 117
132 132 132 132 132 133 133 134 135 134 132 131 132 135 137 137 137 137 137 136 135 133 133 134 134 135 136 136 134 133 132 131 131 130 129 128 119 110 107 114 125 121 115 106 101 106 112 127 128 127 126 125 126 126 126 125 125 124 123 123 121 121 119 118 118 117 116 115 114 112 110 111 116 118 118 119 119 119 119 117 115 113 111 116 119 119 119 118 118 118 118 118 117 117
132 132 132 133 133 132 132 134 135 134 132 131 131 133 134 137 137 137 136 136 135 133 133 133 134 134 135 136 135 134 134 132 132 131 129 129 125 118 117 112 111 109 107 104 100 98 98 113 127 126 126 126 127 127 126 126 125 124 123 122 122 121 120 119 119 118 117 116 115 114 112 109 112 116 118 118 118 119 118 118 117 113 109 115 119 119 119 118 118 118 118 118 117 117
131 131 131 132 132 131 132 134 134 134 132 131 132 132 131 133 137 137 137 136 135 134 134 135 135 134 135 137 136 136 135 134 132 132 131 130 129 125 119 116 112 111 114 110 99 97 98 103 115 126 124 127 127 127 126 126 125 124 123 123 122 122 121 120 120 119 118 117 116 115 113 111 106 113 117 118 118 118 118 118 118 113 112 116 119 119 119 119 118 119 118 118 117 117
131 131 131 131 131 131 133 134 134 134 132 131 132 131 131 131 135 137 137 136 135 135 135 135 135 136 137 137 137 136 136 134 133 133 132 132 131 129 127 123 120 116 118 115 103 99 101 99 111 122 116 125 127 127 126 126 125 123 123 122 122 121 121 120 119 119 118 117 117 115 114 113 111 114 117 117 117 117 117 118 119 119 119 119 119 119 119 119 119 118 118 118 118 117
130 130 131 130 132 133 132 133 133 134 133 132 132 132 131 131 133 135 136 135 136 136 136 136 136 136 137 137 136 136 136 135 134 134 134 132 131 130 129 128 125 121 119 116 103 103 114 113 118 125 121 118 127 127 127 127 126 120 115 118 121 121 121 120 118 117 115 117 117 115 114 111 112 112 113 113 114 115 117 119 119 119 119 119 119 119 119 119 119 118 118 118 118 117
129 130 131 131 132 132 131 132 132 133 133 132 132 131 131 131 132 135 134 136 136 136 136 136 137 137 137 136 136 136 136 136 135 134 134 133 131 130 127 127 127 124 119 110 104 107 120 123 122 124 122 109 125 126 127 127 126 122 113 109 116 119 120 120 118 116 113 109 107 107 105 100 104 109 114 116 117 117 117 119 119 119 119 119 119 120 119 119 119 119 118 118 118 117
130 130 131 131 131 131 130 131 132 132 132 131 131 131 131 131 133 134 134 130 136 137 137 137 137 137 136 136 136 136 135 135 135 134 133 132 131 129 128 126 122 124 114 112 112 110 121 125 124 125 124 124 126 127 127 127 126 125 115 107 111 118 119 120 118 116 113 111 110 109 105 105 105 109 113 115 114 118 119 119 119 119 120 120 120 120 119 119 119 119 119 118 118 118
130 130 130 129 130 130 130 130 131 132 132 132 132 132 131 131 133 132 131 129 134 137 137 137 137 137 137 137 137 136 136 135 134 134 133 132 131 130 130 129 128 128 126 123 124 118 122 126 126 126 126 126 127 127 127 127 126 126 119 106 108 115 118 119 119 117 115 113 113 112 110 105 106 106 109 109 109 114 118 117 118 119 120 120 120 120 119 119 119 119 119 119 118 117
128 129 129 129 129 130 130 130 131 131 132 132 132 132 132 131 131 130 128 129 130 136 137 136 137 137 137 137 137 136 136 135 134 134 133 132 132 132 131 131 130 129 128 127 124 126 125 127 128 124 126 127 127 128 128 127 127 126 125 116 114 114 117 118 119 117 116 115 114 114 111 107 108 108 109 109 108 108 116 113 117 119 120 120 120 120 119 119 119 119 119 118 118 117
128 128 128 128 129 129 129 130 131 132 132 133 133 133 132 131 131 131 129 126 132 134 137 136 136 137 137 137 137 137 136 136 135 135 134 134 133 132 132 131 130 128 129 128 123 129 128 129 129 128 127 126 127 128 128 128 127 127 126 122 120 115 115 117 118 118 117 116 116 115 114 113 112 112 111 110 108 107 109 108 115 118 120 120 120 120 119 119 119 119 119 119 118 116
127 126 127 128 128 129 130 131 132 132 132 133 133 133 132 131 131 133 133 132 134 135 136 137 136 136 137 137 137 137 136 136 136 136 135 134 133 133 132 132 131 126 130 130 130 131 131 130 130 129 128 127 128 129 128 128 127 126 125 125 122 114 110 116 118 118 117 117 116 116 115 114 113 112 111 110 109 109 109 108 112 118 120 120 120 120 120 120 120 120 119 119 118 117
125 125 127 128 128 129 130 131 132 133 133 133 134 133 132 132 132 135 135 135 136 136 137 137 137 137 136 137 137 137 137 137 137 136 136 135 135 134 133 133 132 130 131 131 131 132 132 132 131 130 129 128 129 129 129 128 127 124 125 124 124 117 113 116 118 119 118 118 117 114 115 114 112 112 112 111 110 109 109 109 113 117 120 120 120 120 120 120 120 120 120 120 119 118
124 126 127 128 128 129 129 130 132 132 133 133 133 133 133 135 135 136 136 136 136 137 136 137 137 136 136 137 137 137 136 136 136 136 136 136 135 134 133 133 132 131 132 132 133 133 133 133 132 131 130 129 129 129 128 128 127 126 125 125 124 123 119 115 117 119 119 119 117 115 115 114 113 113 113 112 112 110 110 110 115 119 120 121 120 120 120 120 120 120 120 120 119 118
125 126 127 127 127 128 129 130 132 132 133 134 133 134 135 135 135 135 135 135 136 136 136 137 136 136 136 136 137 136 136 136 136 136 136 135 135 135 134 133 133 132 133 134 134 134 133 134 133 132 131 130 130 129 129 129 128 127 126 125 123 121 120 120 114 118 120 118 116 116 116 116 115 114 115 114 113 111 112 111 118 120 120 121 121 120 120 121 120 120 120 119 119 118
125 125 126 126 127 128 129 130 132 133 134 134 134 134 135 135 134 133 134 134 135 135 136 136 136 136 136 136 137 137 136 136 135 136 136 136 135 135 134 133 134 134 134 135 136 135 135 135 134 133 132 131 131 129 129 128 127 127 127 126 120 115 119 122 118 117 121 118 117 117 117 117 116 116 115 115 113 113 113 112 116 120 121 121 121 120 119 120 121 121 120 119 119 118
125 125 125 126 127 128 129 131 132 133 134 134 134 134 134 134 133 133 133 134 135 135 135 136 135 135 136 135 136 137 136 136 135 135 135 135 135 134 135 135 135 136 136 136 137 137 136 136 134 133 133 133 131 130 130 130 129 128 128 126 115 107 118 121 123 120 122 120 119 119 119 118 117 117 116 115 114 114 114 114 118 121 121 121 121 121 120 121 121 121 120 120 119 118
124 125 125 126 127 128 130 131 132 133 133 133 134 134 134 133 133 132 133 133 134 135 135 135 135 135 136 135 134 136 137 136 136 136 135 135 135 135 136 136 136 137 138 138 138 138 138 136 135 134 134 133 131 130 130 130 129 128 128 127 119 120 121 123 124 123 123 122 121 120 120 119 118 118 117 117 116 116 116 115 117 121 121 121 122 122 121 121 121 121 121 120 120 118
124 125 125 126 127 129 130 132 132 133 133 133 134 134 134 133 133 132 133 133 134 134 134 134 135 134 135 135 134 134 136 137 137 136 136 136 136 136 137 137 137 138 139 140 140 139 138 137 136 135 134 133 132 132 131 131 130 129 129 127 126 126 126 125 124 124 123 123 122 121 120 119 119 119 118 117 117 118 117 117 116 121 122 122 122 122 122 122 122 121 121 120 119 119
