data/bioclim/bclim13.asc
NCOLS 210 
NROWS 174 
XLLCORNER 27.125 
YLLCORNER -2.20833333333333 
CELLSIZE 0.0416666666666667 
NODATA_value -32768 
[rows 84 to 125 of 174, columns 94 to 187 of 210]
154 171 175 178 178 178 178 179 180 179 180 179 177 174 171 168 165 162 159 158 158 159 162 165 171 178 186 194 202 206 206 203 200 196 194 192 190 189 188 188 189 190 191 192 193 194 194 194 194 194 194 194 195 197 199 201 204 206 208 208 207 207 205 203 200 196 191 190 189 188 187 183 180 177 175 173 172 171 170 169 169 168 169 168 168 166 163 160 157 153 151 151 151 147
172 180 179 183 182 181 178 181 181 176 175 174 173 171 169 166 164 162 160 159 160 162 165 169 175 182 191 201 211 215 212 206 202 198 194 192 191 190 189 190 190 191 192 193 194 195 195 196 196 196 196 197 197 198 200 203 206 208 210 210 210 210 208 205 202 197 194 193 193 191 188 186 182 179 177 175 173 172 171 171 170 171 176 172 171 169 165 162 159 154 155 155 152 148
181 185 187 188 187 181 178 176 177 172 174 171 170 168 167 165 163 162 161 161 162 165 168 173 178 185 194 203 213 217 212 207 201 197 194 192 191 190 190 190 190 191 192 193 194 195 196 197 198 198 198 198 198 199 201 203 206 208 210 211 212 212 210 207 205 199 198 196 195 193 189 186 183 180 178 176 174 173 173 173 180 185 189 186 187 184 173 163 160 155 160 158 154 150
181 186 186 187 185 179 177 176 171 170 169 168 167 166 164 163 163 162 162 163 164 166 170 174 180 186 193 201 207 210 208 203 199 195 191 189 189 189 189 190 191 192 193 194 194 196 198 199 200 200 200 200 200 200 202 203 206 208 210 211 211 211 210 209 206 204 203 203 198 193 188 185 182 180 178 176 175 174 174 180 202 212 209 202 198 197 188 169 161 160 165 160 154 151
180 183 181 181 180 178 175 174 169 167 166 165 164 164 163 162 162 162 163 164 165 168 171 175 180 186 191 197 201 203 202 198 193 190 189 188 188 188 188 189 190 192 193 195 196 197 198 201 202 203 203 202 201 201 202 203 205 207 209 210 211 211 210 210 209 209 207 205 198 192 189 185 180 178 177 176 175 174 178 192 223 219 209 210 216 203 192 183 172 177 171 162 156 154
177 178 177 176 177 174 172 168 166 165 164 163 162 161 161 161 161 162 163 165 167 169 172 175 179 184 188 193 195 196 195 193 188 185 185 185 185 185 186 187 190 192 194 196 198 199 201 203 205 206 205 204 202 201 202 203 205 206 208 209 209 210 210 210 209 210 210 206 200 195 190 184 178 177 176 175 174 174 182 201 229 216 222 226 229 219 200 196 183 177 169 163 162 157
175 176 173 173 173 170 167 166 164 163 161 159 159 159 159 160 161 161 163 165 167 169 173 175 179 181 185 188 190 191 190 188 184 181 181 181 183 184 184 186 189 193 195 197 200 202 204 207 209 210 208 206 204 202 201 203 204 206 207 207 208 208 209 208 207 206 207 206 201 195 188 181 175 175 174 174 174 176 189 228 232 220 234 238 238 231 205 188 179 174 169 165 161 157
172 173 170 168 166 166 165 164 162 160 159 158 156 157 157 159 160 161 163 165 168 169 172 175 177 180 181 184 185 185 185 184 181 178 177 179 180 182 183 185 189 193 196 198 201 205 207 210 213 214 211 208 206 203 202 203 204 205 206 206 207 207 207 207 207 205 202 200 196 191 184 178 173 173 173 174 175 175 190 225 228 231 240 247 247 237 223 194 179 170 165 160 157 154
169 168 167 166 165 164 163 162 160 159 157 155 154 155 156 158 160 162 163 166 168 170 171 174 176 178 179 180 181 180 179 179 177 174 174 175 175 179 182 184 188 193 196 200 203 207 210 213 216 218 215 211 207 205 203 204 204 205 206 206 206 206 206 206 206 205 199 195 189 183 179 173 171 170 171 175 190 178 179 206 230 231 246 252 252 248 231 214 182 171 160 155 152 150
168 167 167 166 165 164 163 161 160 158 156 154 153 154 155 158 160 162 165 166 168 169 171 173 175 176 177 176 177 176 176 176 173 171 170 170 172 177 180 183 188 193 197 201 204 208 211 214 217 218 217 213 210 207 205 205 205 205 205 205 205 205 205 205 204 202 196 190 184 178 173 169 168 168 169 172 190 198 201 204 222 222 249 254 253 251 246 231 208 181 157 149 147 146
170 168 167 166 165 163 162 161 159 158 156 154 153 154 156 159 161 163 165 167 169 170 171 172 174 174 174 174 173 172 173 173 172 170 169 168 171 176 179 183 188 193 198 202 205 209 212 215 218 219 218 215 211 208 206 206 206 205 205 205 204 204 204 203 201 198 193 187 181 174 168 165 165 166 167 169 185 202 208 239 239 225 251 254 253 252 248 235 208 174 151 144 143 144
170 169 168 167 165 163 163 161 159 158 157 156 155 156 158 160 163 165 166 168 169 170 171 171 172 173 173 172 171 171 171 171 169 169 169 169 170 174 178 182 188 193 197 201 205 208 211 214 217 220 219 217 213 209 207 206 206 205 205 204 204 204 203 201 199 195 190 184 177 171 164 163 163 164 165 169 213 250 235 217 234 229 247 252 252 250 245 233 216 182 153 146 145 145
172 169 168 167 165 164 162 161 160 158 158 157 157 159 160 162 164 166 167 168 170 170 171 171 171 171 171 171 169 170 169 170 168 169 169 169 171 171 175 182 187 192 196 200 204 207 210 213 216 219 221 218 213 208 206 205 204 204 204 204 204 203 202 200 197 193 188 181 174 167 162 160 161 161 163 168 221 239 214 206 219 226 244 246 249 246 242 227 205 181 158 156 154 150
172 170 168 167 167 165 163 162 160 159 158 159 159 161 162 164 166 168 169 170 170 170 170 171 170 169 170 170 169 168 169 169 167 168 169 170 171 173 176 182 187 191 195 198 202 204 207 209 212 216 218 215 208 204 202 202 202 202 203 203 203 203 202 200 197 193 187 180 172 165 158 158 158 160 162 166 182 196 200 211 239 229 235 238 241 238 234 223 207 184 165 170 163 158
171 169 169 169 169 167 164 162 161 160 159 159 160 162 162 161 167 170 170 170 170 170 170 170 170 170 170 170 169 168 168 169 169 168 169 171 172 172 177 182 186 190 194 196 199 201 203 204 206 208 208 205 201 198 198 198 199 200 201 202 203 203 203 201 198 195 189 181 172 162 156 157 158 159 162 167 172 183 194 204 245 230 222 225 224 226 224 214 202 189 176 177 171 166
172 171 168 167 167 165 164 163 162 160 159 159 159 162 163 162 166 169 169 170 169 169 169 169 170 170 170 169 169 168 168 168 170 170 169 170 171 172 176 181 186 189 192 195 197 198 198 199 200 200 198 196 193 192 193 194 196 198 200 201 202 203 203 203 201 198 193 185 175 164 159 157 158 160 163 169 178 185 191 198 240 243 231 226 221 216 211 208 202 195 187 186 181 174
170 171 168 166 165 164 165 163 161 160 157 156 157 160 163 162 164 164 162 166 167 168 168 168 169 168 169 169 168 168 168 168 170 170 170 171 171 174 177 181 185 188 191 193 195 195 194 193 193 192 190 188 187 187 189 191 193 196 198 200 201 203 204 205 204 203 200 194 184 173 167 163 161 162 164 170 176 184 190 197 200 221 247 241 234 230 227 227 228 217 204 197 188 180
172 171 169 166 165 164 164 162 161 159 158 155 153 157 162 162 164 164 162 160 160 162 166 167 167 168 168 169 169 169 170 169 169 172 171 172 171 174 177 181 184 187 190 192 193 193 191 189 187 186 184 183 183 184 186 189 191 194 196 198 200 203 205 207 208 208 208 203 195 186 178 175 170 164 167 174 181 195 204 204 203 209 237 243 250 246 243 241 234 223 213 203 193 184
174 173 170 166 163 163 163 162 160 159 157 155 152 157 159 160 161 160 157 155 152 154 162 164 166 167 167 169 169 169 170 170 170 171 173 171 170 173 177 180 184 187 190 192 192 192 190 188 185 182 180 179 180 183 186 187 189 192 196 198 200 203 206 208 210 212 212 208 202 196 193 189 186 186 184 185 198 216 209 209 210 214 217 233 249 248 244 245 239 229 217 206 196 188
170 169 168 166 163 161 159 158 162 160 157 154 152 149 151 155 156 156 156 153 155 153 154 162 165 166 166 168 168 169 170 170 169 170 173 170 168 170 174 179 184 187 190 192 193 193 191 188 184 181 178 176 179 183 185 186 189 191 194 197 199 202 205 208 212 213 212 210 207 203 200 201 208 211 205 204 216 221 217 220 221 215 221 234 246 249 245 244 243 234 221 209 199 192
165 164 163 163 163 159 160 158 158 157 153 150 149 147 147 148 151 148 154 155 156 154 151 157 162 162 163 167 168 165 165 166 163 159 167 168 164 166 173 178 183 188 191 192 193 193 193 189 185 182 179 175 179 184 188 188 189 190 193 196 198 202 205 208 211 213 213 212 211 212 213 216 222 220 210 215 216 216 221 233 230 219 218 225 246 250 251 248 248 240 227 214 202 199
159 159 159 159 159 160 160 158 157 152 150 148 145 144 141 141 141 144 147 149 149 150 152 154 158 160 165 167 166 166 164 161 163 160 164 165 161 166 171 179 184 189 192 194 194 193 193 190 188 187 185 185 185 193 192 190 189 190 193 195 198 202 206 208 212 213 214 214 213 213 215 216 219 221 231 214 216 220 223 231 227 224 225 232 250 252 254 252 254 248 236 222 206 205
159 155 156 157 156 155 155 155 152 149 147 144 141 139 138 136 135 138 142 145 148 149 153 158 161 162 165 165 168 168 167 166 168 160 156 159 155 162 172 179 186 190 194 195 195 195 193 192 190 192 194 194 192 194 192 192 189 190 192 195 199 203 206 208 213 215 216 215 217 217 220 222 222 221 221 216 223 227 230 233 233 227 223 231 237 250 255 253 263 260 250 231 211 213
155 155 154 153 153 153 151 153 149 144 144 141 138 136 135 134 133 134 139 143 146 150 154 156 158 163 163 165 168 168 167 167 167 166 158 155 154 164 175 184 189 193 196 197 197 197 195 193 192 193 198 197 197 196 195 195 191 191 193 196 199 204 206 210 215 217 217 217 217 222 222 224 227 228 226 235 260 255 246 243 237 234 230 229 236 248 257 257 267 259 255 239 215 215
154 152 151 151 149 147 147 145 143 140 140 138 136 133 133 132 132 133 137 140 144 152 155 154 153 159 163 167 165 167 167 166 167 165 163 157 160 172 182 186 191 196 198 199 198 197 196 194 194 194 196 199 198 198 197 196 195 194 196 199 201 203 206 212 217 219 218 219 218 230 231 233 240 238 239 242 255 253 248 246 244 242 239 238 241 247 259 257 260 264 260 248 220 214
152 149 148 146 144 143 141 140 138 137 137 136 134 132 131 131 131 132 134 141 146 154 160 164 166 166 164 167 163 162 167 169 169 169 170 163 167 177 183 189 192 197 201 201 200 198 196 195 194 193 194 195 197 199 199 198 198 199 200 202 204 207 210 212 218 220 219 220 219 224 231 238 248 253 249 253 257 252 251 252 251 249 246 248 246 245 251 256 267 275 268 257 238 218
148 145 144 142 139 138 138 135 134 135 134 133 131 130 129 130 131 132 135 142 148 155 162 167 167 165 165 166 165 162 165 166 165 163 166 169 170 178 185 190 196 199 203 203 200 196 195 194 193 193 195 194 197 199 202 202 204 203 203 203 206 209 211 214 218 221 219 220 220 221 228 238 250 254 258 257 257 253 254 258 260 259 258 255 250 246 256 264 271 272 271 259 246 221
141 139 138 135 134 134 134 131 132 131 130 129 129 128 128 129 130 132 137 144 151 157 163 168 168 167 165 165 165 164 165 166 166 164 164 168 171 178 185 191 197 201 205 204 199 197 194 193 193 194 194 196 200 204 205 206 210 206 204 205 207 209 209 213 219 221 217 219 219 220 227 238 243 244 249 250 256 261 263 265 267 268 263 256 251 250 264 270 270 275 272 262 249 229
137 134 131 131 129 130 129 128 128 127 127 127 126 127 128 129 131 133 138 144 151 157 163 167 169 169 166 165 163 162 162 164 167 168 168 171 175 179 186 194 198 204 206 203 201 195 193 192 193 194 199 205 207 210 212 212 213 210 205 203 205 207 207 212 214 215 217 220 219 218 230 232 233 235 247 257 263 269 271 278 277 271 264 260 260 261 265 267 271 271 269 261 249 227
131 128 126 125 125 125 125 125 124 124 124 124 125 126 127 128 130 133 139 145 151 156 162 166 168 169 167 165 163 162 162 164 167 172 175 179 181 185 190 197 202 203 205 201 199 195 193 194 195 198 203 208 213 218 220 219 217 213 208 206 205 205 205 206 207 209 211 216 218 217 221 225 225 238 261 269 272 275 283 282 275 268 265 266 265 259 260 262 268 270 265 258 250 239
124 123 122 121 122 122 122 121 122 123 123 124 124 126 125 127 129 136 140 144 150 155 160 164 167 168 168 166 166 165 165 168 172 177 181 187 191 193 197 200 202 202 200 200 199 198 197 198 201 204 209 216 222 228 230 228 224 218 213 210 210 207 205 205 206 207 210 211 210 211 210 213 221 236 259 264 269 272 270 269 268 273 269 263 258 254 254 262 267 267 266 261 254 247
120 119 119 118 118 119 119 120 120 121 122 121 122 123 125 129 133 135 140 144 149 155 159 163 166 168 169 169 170 171 171 178 181 187 194 199 202 203 205 204 201 200 199 202 201 201 201 204 208 212 217 225 232 235 240 237 230 224 219 215 214 210 205 204 204 205 204 205 206 202 202 206 232 241 250 252 262 266 265 267 270 271 271 268 264 263 262 266 276 278 273 266 259 254
117 116 115 115 116 116 117 117 119 120 121 122 124 126 128 132 135 137 140 144 148 153 159 163 166 170 172 173 176 179 182 190 194 201 209 212 216 215 213 211 209 204 202 205 206 206 206 209 213 219 225 232 241 245 249 242 235 228 221 216 212 208 205 203 202 200 199 198 197 195 194 205 217 218 233 236 245 256 266 269 267 268 266 263 261 263 271 275 283 283 274 266 261 261
115 113 113 112 113 114 115 116 118 120 123 124 126 129 131 133 135 138 142 148 152 156 159 164 168 172 177 180 184 191 196 203 210 218 225 227 228 226 222 218 214 210 209 210 209 210 212 215 220 225 230 237 244 247 250 244 237 230 223 218 213 208 205 202 199 196 195 192 190 188 187 191 196 197 203 222 233 244 255 264 271 271 270 267 266 267 271 279 281 280 277 274 276 274
112 111 110 109 110 112 113 115 118 121 123 126 129 131 133 137 140 144 147 152 156 159 163 167 170 175 182 189 194 202 209 216 224 232 240 242 240 236 231 225 222 219 217 217 215 215 218 222 225 229 234 240 245 248 248 243 237 230 224 218 213 208 204 200 197 200 194 188 185 182 180 177 174 175 198 216 230 247 257 267 275 275 271 268 267 272 278 283 286 283 281 281 283 271
110 108 107 107 108 110 112 114 118 121 125 128 131 133 137 140 144 148 152 156 160 164 168 171 177 181 190 197 205 214 221 230 238 244 250 252 249 245 240 235 231 227 225 224 223 224 225 227 230 233 237 241 244 246 244 241 236 230 224 218 213 208 203 199 195 191 187 184 180 177 173 170 168 169 176 188 212 239 259 274 278 276 272 268 269 272 280 286 286 282 276 274 277 267
109 107 105 105 107 108 111 113 117 122 126 130 133 136 140 143 147 152 157 162 166 169 174 178 184 190 200 209 217 225 234 242 250 258 260 260 257 253 248 243 239 235 232 231 230 230 231 232 234 236 239 241 242 243 241 238 234 229 223 217 212 207 202 197 193 188 184 180 176 172 169 166 164 166 169 181 200 225 256 268 279 273 270 267 266 277 285 285 278 266 261 260 261 261
107 105 104 104 105 107 110 113 116 121 126 131 135 138 142 147 151 154 161 168 173 178 183 188 195 203 211 220 229 237 246 255 262 269 270 267 265 261 256 251 247 243 240 238 236 236 236 236 237 239 240 241 241 241 239 236 232 227 221 216 210 205 200 195 190 186 181 177 173 169 165 163 163 165 168 173 183 206 225 243 259 266 269 263 263 266 264 259 268 246 236 246 244 242
106 104 103 103 105 107 109 112 116 120 126 131 136 140 144 150 155 159 167 174 181 187 192 200 208 216 223 232 242 251 258 266 274 278 279 276 272 268 263 259 254 250 247 244 243 241 241 240 241 241 241 241 241 239 237 233 229 225 220 214 209 204 198 193 188 184 179 175 170 166 163 160 159 160 163 174 184 197 222 242 262 264 255 256 253 250 242 239 237 231 220 214 211 209
107 105 104 103 105 107 110 112 115 119 125 131 137 142 147 154 160 165 172 181 190 197 205 212 220 229 237 246 255 263 270 278 284 288 288 285 279 275 270 265 260 256 253 251 248 246 245 244 243 243 242 241 240 238 235 232 227 223 218 213 207 202 197 192 187 182 177 173 169 165 161 159 157 157 161 168 184 199 221 231 238 238 233 232 233 235 223 218 220 221 215 209 206 204
107 106 105 104 105 107 110 112 115 119 124 131 139 146 153 160 165 173 180 190 200 208 216 224 233 242 251 260 268 276 283 291 295 297 296 293 288 281 277 272 268 263 259 256 253 251 249 247 246 244 243 241 239 237 233 230 226 221 216 211 206 200 195 190 185 180 176 171 167 163 160 158 157 158 162 168 175 187 201 208 209 214 213 217 214 215 211 211 212 211 208 205 203 201
108 106 106 106 107 108 110 112 115 119 123 131 141 150 157 165 172 178 188 200 210 219 228 237 245 254 264 273 281 289 296 303 306 307 305 301 295 289 283 278 273 269 265 261 258 255 252 250 248 246 244 241 239 236 232 228 224 219 214 209 204 199 193 188 183 179 174 170 166 163 160 158 157 158 162 166 175 181 189 192 196 200 203 207 206 206 205 205 204 202 201 199 199 198
