data/bioclim/bclim10.asc
NCOLS 210 
NROWS 174 
XLLCORNER 27.125 
YLLCORNER -2.20833333333333 
CELLSIZE 0.0416666666666667 
NODATA_value -32768 
[rows 42 to 83 of 174, columns 0 to 93 of 210]
249 250 250 250 250 250 250 249 250 249 249 250 250 251 252 254 254 253 252 253 253 253 254 254 255 255 256 256 256 257 258 258 259 259 259 259 258 258 258 258 258 257 258 257 256 252 251 253 252 250 250 251 254 256 252 255 255 255 253 253 253 253 252 252 252 253 253 252 251 251 251 250 250 250 251 251 251 251 250 247 246 246 245 246 246 245 244 245 244 245 246 247 250 253
250 250 251 250 250 249 249 249 249 249 249 250 249 250 251 252 253 253 253 253 253 254 254 254 255 255 255 255 256 257 257 258 258 259 259 259 259 258 258 257 256 256 257 257 256 253 253 254 252 251 251 252 252 253 250 252 255 255 253 252 253 252 251 251 249 250 252 252 250 249 251 251 251 250 250 249 249 249 248 247 246 245 245 245 244 244 244 244 243 244 245 248 250 251
250 249 250 249 249 249 249 249 248 249 248 249 249 250 250 250 252 253 254 254 254 254 254 254 254 255 255 255 256 257 257 258 258 258 259 258 258 258 258 257 256 256 257 255 255 254 253 253 251 252 249 249 250 250 247 249 255 254 252 251 251 251 250 250 249 248 250 251 251 251 252 251 252 251 250 250 249 246 247 247 246 245 244 244 244 243 243 243 243 244 245 248 252 255
249 249 249 249 249 249 249 249 249 249 249 248 249 249 250 250 251 252 253 254 254 254 254 254 254 254 254 253 256 255 256 256 257 257 258 258 256 256 256 256 256 256 255 254 254 253 251 251 252 251 251 251 250 248 247 252 254 255 253 251 250 250 249 249 250 248 249 250 251 251 251 251 250 250 249 249 248 247 246 246 246 245 244 243 244 243 243 242 243 245 246 248 249 251
248 248 247 247 248 249 249 249 248 248 248 248 248 249 250 250 251 251 252 252 254 254 252 253 253 252 252 252 254 254 254 256 257 257 256 256 255 255 255 255 255 254 254 253 253 253 253 252 251 251 251 251 250 251 252 253 252 255 254 253 252 251 244 250 251 248 249 250 249 247 250 250 251 250 250 249 248 246 246 245 245 245 244 244 244 242 242 242 243 244 245 246 246 251
248 248 247 245 247 249 249 249 248 248 248 248 247 248 249 249 250 251 252 252 252 253 253 253 253 252 252 253 253 253 254 255 255 254 254 254 254 254 255 255 255 254 253 254 253 254 253 252 252 251 250 250 249 249 247 252 253 251 251 253 253 253 253 253 250 249 247 246 247 245 250 250 249 248 249 250 248 248 246 245 244 244 244 244 243 242 241 241 243 244 245 245 248 251
248 248 248 246 246 248 248 248 248 249 249 248 248 248 248 249 250 251 252 251 251 252 253 253 251 251 252 253 253 253 253 253 253 253 254 254 250 253 255 254 254 254 254 253 253 252 252 252 252 250 248 248 248 248 247 251 252 246 247 248 247 247 249 249 251 249 245 243 240 242 249 248 249 246 247 249 247 247 246 244 244 244 243 243 242 242 241 241 242 243 244 245 247 253
249 249 248 247 245 246 248 248 248 248 249 248 248 248 247 248 249 250 251 251 251 251 252 250 252 252 253 253 253 253 253 253 254 254 254 253 249 242 253 254 254 253 254 254 253 252 252 252 252 251 248 246 248 248 248 248 251 247 246 247 246 246 248 248 248 249 248 249 246 237 248 247 248 245 245 248 248 247 247 246 245 243 241 240 241 241 240 241 241 242 243 245 248 252
248 248 248 248 247 246 246 247 247 247 247 248 247 247 246 246 248 250 251 251 250 250 250 249 251 252 252 253 253 254 253 253 254 254 253 252 252 252 253 253 253 253 253 252 252 253 252 251 251 250 247 243 242 247 248 249 248 247 246 244 246 245 247 246 244 245 247 248 248 247 247 246 246 245 245 246 247 246 246 246 245 243 240 240 240 240 239 239 239 240 242 246 246 250
248 248 248 248 247 247 246 247 247 247 247 248 248 248 247 247 248 250 250 250 248 249 249 250 251 251 251 251 252 253 253 253 254 253 252 253 253 254 253 254 254 253 253 252 252 252 251 251 251 250 249 247 242 243 247 248 246 242 245 243 244 243 244 244 244 241 243 243 247 247 248 247 246 246 246 245 246 246 245 244 243 243 240 239 239 239 239 239 238 238 240 245 249 252
247 248 248 248 248 248 247 246 246 246 246 247 247 247 247 247 249 250 250 250 248 249 250 250 250 250 251 251 252 252 252 253 253 253 253 253 253 254 254 254 253 253 253 253 253 252 251 251 250 250 247 247 245 243 245 246 246 244 245 244 242 243 242 243 243 241 240 241 243 245 247 246 246 246 246 246 245 246 246 245 243 242 238 239 239 239 237 237 236 235 236 243 249 251
246 247 247 247 247 248 246 246 245 246 246 246 246 246 246 246 247 249 250 249 249 249 250 249 250 250 250 250 251 251 251 252 252 253 253 253 253 253 253 253 253 253 253 253 253 253 252 251 251 250 247 248 246 246 242 244 243 243 244 244 243 242 242 243 243 242 240 240 242 245 245 243 245 244 245 244 244 244 245 243 240 238 237 238 237 237 236 235 235 233 234 242 247 247
246 246 247 247 247 247 247 246 246 245 246 245 245 246 246 247 248 249 248 248 248 249 249 249 249 250 251 251 252 251 251 251 252 252 252 252 252 252 251 252 252 252 252 252 253 253 253 252 251 250 249 249 248 248 243 243 242 240 242 242 242 240 240 239 238 237 238 237 240 243 244 242 243 243 243 244 243 242 243 240 239 235 236 238 237 237 236 232 230 228 233 241 245 246
246 246 246 246 246 247 247 246 247 246 245 245 245 246 247 248 248 249 248 248 248 249 249 250 250 251 251 251 251 252 251 251 251 251 251 252 251 251 251 251 251 251 252 252 252 253 252 252 250 248 247 247 246 246 243 243 242 240 237 240 239 239 239 237 235 233 234 235 238 240 241 241 239 240 239 242 240 240 239 240 237 235 236 236 235 234 231 231 226 228 234 239 242 249
246 246 246 246 246 246 246 246 246 246 245 245 246 247 247 247 248 248 248 248 249 249 250 250 251 250 250 250 250 250 250 250 251 250 249 250 250 250 250 250 250 251 252 251 252 252 252 251 249 246 246 246 245 244 243 240 239 239 236 238 237 237 237 235 233 232 232 235 238 237 235 237 235 237 233 240 239 236 236 239 235 236 235 233 234 230 225 226 224 228 233 237 244 249
245 245 245 245 246 246 246 247 247 246 246 246 246 246 245 247 247 247 248 248 249 250 251 250 250 250 250 250 249 249 250 250 250 250 249 250 249 249 249 250 250 250 251 251 251 251 251 249 248 247 246 246 245 244 243 242 240 239 238 237 236 236 235 235 232 232 232 233 235 234 232 230 232 231 232 235 236 232 235 238 235 234 234 232 231 226 222 222 222 226 229 233 243 248
244 244 245 245 245 246 246 247 247 247 247 247 247 246 245 246 247 247 247 248 249 250 250 250 250 250 250 249 250 250 250 250 250 250 250 250 250 250 249 250 250 250 250 250 250 251 249 249 248 247 246 246 246 244 242 241 239 238 237 237 235 234 234 234 232 232 233 232 233 233 230 229 229 230 230 233 230 230 233 236 234 230 229 228 227 219 218 217 220 224 228 230 240 248
244 244 245 246 246 246 246 247 247 247 247 247 247 247 247 247 247 247 248 248 248 250 250 250 250 250 250 250 250 250 250 250 250 249 250 250 250 250 250 250 250 250 250 251 250 250 249 247 246 246 246 246 245 244 242 241 239 237 237 235 233 234 234 234 232 232 233 232 233 233 231 228 231 232 231 229 227 228 232 234 231 228 226 224 222 217 214 215 220 223 224 225 237 246
244 245 245 246 246 246 247 247 247 247 246 247 247 247 247 247 247 247 248 248 249 250 249 250 250 249 250 250 250 251 250 250 250 250 250 250 250 250 251 250 250 250 250 250 250 250 248 245 245 246 245 245 244 242 241 240 239 238 236 235 234 234 234 232 232 232 233 233 233 233 232 230 233 233 230 227 224 226 230 232 228 228 226 220 217 215 213 213 215 216 217 222 232 242
245 245 246 246 247 247 247 247 247 246 246 246 247 247 247 248 248 248 248 248 250 249 249 249 249 249 250 250 250 250 250 249 250 251 250 250 251 251 251 251 251 251 251 250 249 249 245 244 244 245 244 244 244 242 240 239 238 238 237 236 234 234 234 232 233 231 229 232 233 233 233 233 232 232 226 224 223 225 231 227 224 224 216 213 212 213 211 211 211 213 214 218 226 231
245 245 246 246 247 247 247 246 246 247 246 246 246 247 248 248 248 247 248 249 249 250 250 250 249 249 250 250 251 250 250 250 251 251 251 251 250 250 250 250 250 250 249 249 249 246 245 243 243 243 243 243 243 242 241 240 237 238 236 234 232 233 233 232 233 232 231 233 233 233 231 231 231 230 227 224 221 225 228 223 220 218 209 209 211 211 208 210 212 214 214 216 221 227
245 246 246 247 246 246 246 245 246 246 246 246 247 247 248 248 248 248 248 249 248 249 250 250 250 250 251 250 250 250 250 251 251 250 250 250 250 249 249 249 250 249 248 248 247 246 246 244 243 242 241 241 241 241 241 239 237 236 235 233 232 232 234 233 233 234 235 233 233 232 232 231 230 227 224 223 221 225 223 220 218 212 208 208 208 209 207 208 211 210 211 212 217 223
244 245 245 246 246 246 245 245 245 246 247 246 247 247 248 248 248 248 249 248 249 248 250 250 250 250 250 250 250 249 250 250 250 250 250 249 249 249 248 248 249 248 248 246 245 245 244 243 241 240 240 241 240 240 240 238 239 238 236 235 233 233 235 233 234 236 236 234 235 233 232 231 230 226 222 222 222 224 219 219 214 208 208 207 208 206 205 207 209 209 207 204 213 218
245 246 245 245 246 245 245 245 245 246 247 246 247 248 248 247 248 248 248 249 249 249 249 249 249 250 250 250 249 249 249 250 249 249 249 249 248 248 249 248 247 247 245 245 244 243 243 242 240 239 239 239 239 239 239 238 239 240 238 236 234 233 235 236 235 237 236 235 234 234 233 230 229 228 221 220 221 219 219 216 210 207 206 207 207 206 203 205 205 205 202 200 209 212
247 247 245 246 246 245 245 245 246 247 247 247 247 248 248 248 248 249 249 249 249 249 249 248 249 249 250 249 249 248 248 249 249 248 248 249 248 246 247 247 245 246 244 243 243 242 242 241 240 240 241 240 239 239 239 238 239 238 237 236 234 233 234 236 236 237 236 236 235 234 231 230 229 227 226 220 220 217 219 215 209 207 206 207 205 205 203 202 201 198 197 199 205 211
247 246 246 246 245 245 246 246 247 246 246 247 247 248 248 248 249 249 249 249 249 249 249 248 248 249 249 249 249 248 246 246 247 247 247 249 248 245 245 246 246 245 244 242 242 244 243 243 242 241 241 240 239 239 239 239 239 239 237 235 232 233 234 235 237 237 236 236 234 231 231 229 228 225 219 220 217 215 212 213 208 207 205 206 204 202 202 199 199 195 195 199 202 208
246 245 246 246 245 245 246 246 246 246 247 247 248 248 248 248 249 249 249 248 249 248 249 248 248 248 248 247 248 247 246 245 245 244 246 248 248 246 244 243 244 243 243 242 242 242 244 244 244 243 242 241 239 239 240 239 239 239 237 235 233 234 235 235 234 235 237 236 232 225 231 227 224 218 216 217 214 212 207 207 207 206 202 202 201 200 199 198 195 190 193 198 202 212
246 245 245 246 246 245 246 246 244 244 246 247 248 248 248 248 249 249 250 249 250 249 249 249 247 247 247 247 246 247 247 245 245 241 243 246 246 247 242 241 243 242 243 241 243 241 244 244 244 244 243 242 239 239 240 238 238 238 237 234 232 232 235 236 234 235 236 235 232 228 231 223 220 216 215 214 212 208 206 207 207 205 201 199 199 199 197 193 191 187 188 192 200 210
246 245 244 246 247 246 246 246 246 239 245 247 248 248 248 249 249 249 249 249 249 249 248 248 247 246 246 245 244 245 247 244 241 243 240 243 244 245 245 244 241 241 243 241 240 242 243 245 246 244 243 242 239 239 240 239 238 236 235 233 229 228 234 236 235 236 237 234 232 233 229 216 216 214 212 212 210 209 207 206 203 202 200 199 199 198 196 191 188 185 184 190 203 224
248 246 245 246 245 247 247 246 247 245 246 246 247 248 248 249 248 249 249 249 249 248 248 247 246 245 245 244 243 243 243 245 243 243 242 240 242 244 242 238 240 240 242 242 241 244 246 246 246 242 242 239 239 240 240 238 237 234 234 233 229 227 230 234 235 236 236 235 235 230 220 216 218 214 208 210 209 210 206 204 201 199 199 200 196 196 193 188 183 183 183 188 214 236
250 248 248 247 245 245 245 246 246 246 243 242 245 246 248 247 247 248 249 249 248 247 248 248 247 245 246 243 242 242 242 244 243 242 241 240 239 243 240 238 241 242 242 243 243 244 246 247 244 243 241 239 239 240 239 238 239 236 237 236 231 228 229 233 234 234 233 235 227 218 221 223 223 214 205 209 210 210 205 202 199 199 201 200 197 195 190 187 183 181 183 200 232 245
253 250 250 248 246 244 244 245 245 247 244 240 241 244 246 247 247 248 249 250 250 249 248 248 247 246 245 245 245 244 244 244 243 241 240 241 240 241 239 237 241 241 244 244 245 243 246 246 243 240 238 238 239 240 238 239 240 240 238 239 232 230 228 231 230 230 231 233 231 224 227 225 224 220 212 210 212 209 205 200 199 200 199 198 196 194 191 186 184 186 195 237 247 254
255 252 252 248 246 245 244 244 247 250 249 249 248 245 244 247 248 249 250 250 250 250 249 249 248 246 245 244 244 246 246 244 242 241 240 242 242 241 240 238 241 241 244 245 246 243 246 245 242 238 236 238 238 241 239 240 241 234 239 238 233 231 228 225 226 229 228 231 232 221 228 228 222 214 215 214 215 206 203 199 200 200 198 195 193 190 187 182 182 193 224 246 261 263
256 256 254 250 249 247 246 248 247 248 250 252 252 252 249 246 249 250 250 250 251 250 250 249 248 248 246 245 244 247 245 244 242 241 241 243 243 241 240 243 242 242 243 246 246 245 247 243 240 238 236 237 240 242 240 242 241 241 239 237 235 232 230 228 227 228 231 231 231 216 230 227 218 218 219 216 213 206 207 207 203 201 198 194 193 191 186 183 183 210 248 263 264 263
256 255 255 253 251 248 249 250 250 250 249 250 252 253 253 249 248 250 251 249 251 250 250 250 249 248 247 246 247 248 245 242 242 242 242 243 243 241 242 241 243 246 245 247 247 248 245 242 239 237 235 239 241 243 243 242 240 239 236 238 234 234 231 230 229 229 231 233 234 230 233 226 223 218 215 217 209 206 210 209 203 199 194 194 192 189 185 184 205 243 263 263 264 264
257 256 256 251 252 256 255 255 251 253 250 249 250 252 254 253 250 248 252 253 252 250 249 249 248 248 248 248 248 248 244 243 244 243 243 243 243 243 244 243 244 246 247 248 248 246 244 238 240 242 242 242 242 244 244 242 240 238 239 237 236 236 233 231 229 231 230 232 235 234 232 228 225 218 216 215 209 212 213 206 200 195 193 192 191 188 186 201 232 262 263 264 264 263
256 256 256 256 256 257 257 256 254 255 253 253 250 252 255 254 253 252 251 253 252 251 250 249 248 248 248 249 249 248 248 247 246 244 242 244 245 244 245 246 247 248 248 248 247 245 242 241 242 243 242 242 244 244 243 242 240 240 238 236 237 236 233 232 230 230 231 233 236 235 232 227 222 218 214 216 213 211 213 210 206 193 191 188 189 182 214 252 261 263 263 264 264 264
255 256 256 256 257 256 257 257 255 256 256 256 254 254 255 254 255 255 254 252 253 251 249 248 248 249 248 249 249 249 249 247 246 244 243 243 248 246 244 247 247 248 248 247 246 244 243 242 242 243 243 244 244 243 242 242 240 238 236 238 238 237 231 231 230 228 230 233 238 235 228 217 217 213 210 216 212 207 211 203 199 195 191 188 187 202 240 262 262 263 263 264 264 264
256 256 255 257 257 256 255 255 255 253 253 254 254 254 254 254 255 255 255 253 252 249 247 248 248 249 250 250 249 248 247 247 246 243 245 246 248 247 246 248 247 247 246 245 245 243 243 243 243 243 244 244 244 243 240 239 239 238 237 240 240 236 233 231 231 230 233 237 238 231 228 221 217 208 208 219 217 212 203 198 197 196 190 188 211 248 261 262 262 263 264 264 265 265
256 256 255 257 257 256 257 256 256 255 253 251 252 252 254 254 251 254 254 253 252 250 249 248 248 249 249 249 249 248 248 247 245 244 246 245 246 248 249 248 245 245 245 244 244 243 243 243 243 244 244 244 243 243 242 241 241 238 237 240 240 238 237 231 232 234 239 237 230 232 229 226 220 218 219 221 218 213 200 195 200 200 194 207 254 261 262 262 263 263 264 264 264 265
256 256 256 256 257 257 257 256 256 256 256 253 249 248 252 254 253 253 253 252 252 251 250 250 249 248 247 247 246 247 247 247 247 247 246 244 246 249 246 247 246 245 244 241 243 244 243 243 243 244 244 243 242 242 242 242 241 240 239 240 241 240 238 240 239 238 242 231 225 234 231 226 222 221 222 219 217 213 200 195 222 223 223 248 261 261 262 262 263 263 264 264 265 265
255 256 257 257 257 257 257 257 257 256 256 256 253 250 250 251 253 253 253 252 251 250 249 249 249 248 247 245 245 244 245 247 248 248 247 245 246 249 246 246 246 245 243 242 244 244 244 243 243 243 244 243 242 243 242 242 241 240 240 240 241 241 241 243 240 240 240 234 229 234 230 228 227 224 222 218 211 207 209 205 242 252 257 260 261 261 262 262 263 263 264 264 265 265
