data/bioclim/bclim2.asc
NCOLS 210 
NROWS 174 
XLLCORNER 27.125 
YLLCORNER -2.20833333333333 
CELLSIZE 0.0416666666666667 
NODATA_value -32768 
[rows 126 to 167 of 174, columns 94 to 187 of 210]
118 118 117 117 116 116 116 115 115 115 114 113 113 113 112 112 111 110 110 110 109 108 108 107 106 106 105 104 104 103 102 101 101 100 100 100 100 100 100 101 101 102 102 103 103 104 105 106 106 107 108 108 109 110 110 111 112 113 114 114 115 116 117 118 119 120 121 121 122 124 125 126 127 128 129 130 132 133 134 135 135 136 137 137 138 139 139 140 141 141 142 143 144 145
119 118 118 117 117 117 116 116 115 115 115 114 113 113 112 112 112 111 110 110 109 108 108 107 107 106 105 104 104 103 102 102 101 101 100 100 100 100 101 101 101 102 102 103 103 104 105 105 106 107 107 108 109 110 110 111 112 112 113 114 115 116 117 118 118 119 121 122 123 123 125 126 127 128 129 130 131 133 134 136 136 136 137 138 139 139 140 141 141 142 143 144 144 145
119 118 117 117 117 117 116 116 116 116 115 115 114 113 112 112 111 111 110 110 109 109 108 107 106 105 105 104 104 103 102 102 101 101 100 101 100 101 101 101 101 102 102 103 103 104 104 105 106 106 107 108 108 109 110 111 111 112 113 114 115 116 117 117 119 119 120 122 122 124 125 126 127 128 129 131 132 133 135 136 136 137 138 139 140 140 141 142 142 143 144 145 146 147
119 119 118 118 118 117 117 116 116 116 115 115 114 113 113 112 111 111 110 110 109 108 108 107 106 105 105 104 104 103 102 102 101 101 101 101 101 101 101 101 101 102 102 103 103 104 104 105 106 106 107 107 108 109 109 110 111 112 113 114 115 116 117 117 118 119 120 121 123 124 125 126 127 128 129 131 132 133 135 135 136 137 139 141 141 141 142 143 144 145 147 149 150 151
120 120 120 119 118 117 118 117 117 116 116 115 115 114 113 112 112 111 110 110 109 108 108 107 107 105 105 104 104 103 103 102 101 101 101 101 101 101 101 101 101 102 102 103 103 104 104 105 105 106 106 107 108 109 110 110 111 112 113 114 114 115 116 117 118 119 120 121 122 124 125 126 127 128 130 131 132 133 135 136 137 138 142 143 142 142 144 146 148 150 151 152 152 153
120 120 120 119 119 119 118 118 117 117 116 116 115 114 113 112 112 111 111 110 109 108 108 107 106 106 105 104 104 103 102 102 102 101 101 101 101 101 101 101 101 102 102 103 103 103 104 104 105 106 107 107 108 108 109 110 111 112 112 113 114 115 116 117 118 119 120 122 122 123 125 127 127 129 130 131 133 134 135 136 137 138 140 141 142 144 146 148 149 150 152 152 153 153
121 121 121 120 119 119 117 117 117 117 117 116 115 114 113 113 112 112 110 110 109 109 108 107 106 106 105 104 104 103 103 102 102 102 101 101 101 101 101 101 101 102 102 103 103 103 104 104 105 105 106 107 107 108 109 110 110 111 112 113 114 115 116 117 118 119 120 121 123 123 125 127 128 129 130 132 134 135 135 136 138 139 140 141 142 144 147 149 152 152 153 154 154 154
121 122 122 121 119 119 119 119 118 117 117 116 115 115 114 113 112 112 111 110 109 109 108 107 106 105 105 104 104 103 103 102 102 102 101 101 101 101 101 101 101 102 102 102 103 103 104 104 105 105 106 107 107 108 109 109 110 111 112 113 113 114 116 117 118 119 120 121 123 124 125 126 128 129 130 133 135 135 136 138 138 139 141 143 144 146 148 150 152 153 152 152 150 148
122 122 121 121 120 121 120 119 119 118 118 117 116 115 114 113 113 112 111 110 109 109 108 107 106 106 105 104 104 103 103 102 102 102 101 101 101 101 101 101 101 102 102 102 103 103 103 104 104 105 106 106 107 107 108 109 110 111 111 112 113 114 115 116 117 119 120 121 122 123 125 126 127 129 131 132 135 135 136 139 139 141 142 145 146 149 150 152 154 154 152 148 144 143
123 123 121 121 122 121 121 119 118 119 118 117 116 116 115 113 113 112 111 110 109 109 108 107 106 106 105 104 104 103 103 103 102 102 102 101 101 101 101 101 101 102 102 102 103 103 103 104 104 105 105 106 106 107 108 109 109 110 111 112 113 114 115 116 117 118 119 121 122 124 125 126 128 130 130 133 135 135 136 138 141 142 144 146 147 149 152 153 155 154 152 144 142 141
123 123 120 121 122 121 121 120 119 119 119 118 117 116 115 114 113 112 111 110 109 109 108 107 106 106 105 104 104 103 103 102 102 102 102 101 101 101 101 101 101 102 102 102 102 103 103 103 104 104 105 106 106 107 107 108 109 110 111 111 113 114 115 116 117 118 119 120 122 123 125 126 128 129 131 133 134 135 137 139 141 143 144 146 148 150 152 153 154 153 148 143 141 143
123 123 122 122 123 122 122 121 121 120 119 118 117 116 115 114 113 112 111 110 109 108 108 107 106 105 105 104 104 103 103 102 102 102 102 101 101 101 101 101 101 101 102 102 102 102 103 103 104 104 105 105 106 106 107 108 109 109 110 111 112 113 114 115 116 117 119 120 122 123 124 126 128 130 131 133 134 136 138 140 141 142 144 146 148 150 152 153 152 149 146 144 144 145
123 123 122 122 121 123 122 121 121 119 118 118 117 116 115 114 113 112 111 110 109 108 107 107 106 105 105 104 104 103 102 102 102 102 102 101 101 101 101 101 101 101 102 102 102 102 103 103 103 104 104 105 105 106 107 108 108 109 110 111 112 113 114 115 116 117 118 120 121 123 124 126 127 129 131 133 134 136 138 139 141 142 144 145 147 150 150 152 150 146 145 143 141 143
122 123 122 122 121 121 123 121 120 119 119 119 117 116 115 114 113 112 111 110 109 108 107 106 106 105 104 104 103 103 102 102 102 101 101 101 101 101 101 101 101 101 101 102 102 102 102 103 103 104 104 105 105 106 106 107 108 108 110 110 111 113 113 114 116 117 118 119 121 122 124 125 127 129 131 133 134 136 137 139 140 142 143 145 147 149 149 147 149 145 147 145 142 139
121 122 122 122 121 120 121 123 123 121 120 118 117 116 115 114 113 112 111 110 109 108 107 106 106 105 104 104 103 103 102 102 102 102 101 101 101 101 101 101 101 101 101 101 102 102 102 102 103 103 104 104 105 105 106 107 107 108 109 110 111 112 113 114 115 116 117 119 120 122 123 125 126 128 130 132 134 136 137 139 140 142 143 145 147 148 148 148 149 146 144 143 140 137
122 122 123 122 122 121 120 123 123 121 120 118 117 116 115 113 113 111 110 109 108 108 107 106 106 105 104 104 103 103 102 102 102 101 101 101 101 101 101 101 101 101 101 101 102 102 102 102 103 103 104 104 104 105 105 106 107 108 108 109 110 111 112 113 115 116 117 118 120 121 123 125 126 128 129 131 133 135 136 138 140 141 143 144 146 147 148 145 145 145 142 141 139 138
123 123 123 122 120 120 120 122 122 121 120 118 117 116 115 113 112 111 110 109 108 107 107 106 105 105 104 104 103 102 102 102 101 101 101 101 101 101 101 101 101 101 101 101 101 101 101 102 102 103 103 104 104 105 105 106 107 107 108 109 110 110 112 113 114 115 116 118 119 121 122 124 126 127 129 131 133 134 136 138 139 141 142 143 145 146 146 144 144 144 143 140 140 139
123 123 123 122 122 121 121 121 121 120 119 118 117 115 114 113 112 110 110 109 108 107 106 106 105 104 104 103 103 102 102 102 101 101 101 101 101 101 101 101 101 101 101 101 101 101 101 102 102 102 103 103 104 104 105 105 106 107 107 108 109 110 111 112 113 114 115 117 119 120 122 123 125 127 129 130 132 134 136 137 138 140 141 142 144 145 144 141 141 142 141 140 137 140
123 122 122 122 122 121 121 121 120 119 118 117 116 115 113 112 111 110 109 108 107 107 106 105 104 104 103 103 103 102 102 102 101 101 101 101 101 100 100 100 100 100 100 101 101 101 101 101 102 102 102 103 103 104 104 105 105 106 107 107 108 109 110 111 112 114 115 116 118 119 121 123 124 126 128 130 132 133 135 136 137 139 140 141 142 144 144 143 139 140 140 142 139 143
123 122 122 122 121 121 121 120 119 118 117 116 115 114 113 111 111 110 109 108 107 106 105 105 104 103 103 103 102 102 102 101 101 101 101 100 101 100 100 100 100 100 100 101 101 101 101 101 101 102 102 102 103 103 104 104 105 105 106 107 108 108 109 110 112 113 114 115 117 118 120 122 124 125 127 129 132 133 134 135 137 138 138 139 141 142 143 142 140 138 142 144 142 144
122 121 121 121 121 120 120 119 119 118 117 115 114 113 112 111 110 109 108 107 106 106 105 104 104 103 103 103 102 102 102 101 101 101 100 100 100 100 100 100 100 100 100 100 100 101 101 101 101 101 102 102 103 103 103 104 104 105 105 106 107 108 109 110 111 112 113 114 116 118 119 121 122 125 127 129 131 132 133 134 136 137 138 138 139 141 141 141 136 138 143 143 142 143
121 121 121 121 120 120 119 119 118 117 116 115 114 113 111 110 109 108 107 106 106 105 105 104 103 103 103 102 102 101 101 101 101 100 100 100 100 100 100 100 100 100 100 100 100 100 100 101 101 101 101 102 102 102 103 103 104 104 105 105 106 107 108 109 110 111 112 114 115 116 118 120 122 124 126 127 129 131 132 133 134 136 137 138 139 140 141 140 139 139 143 143 142 143
121 121 120 120 120 119 118 118 117 116 115 114 113 112 111 110 108 108 106 106 105 105 104 104 103 103 103 102 101 101 101 101 101 100 100 100 100 100 100 100 100 100 100 100 100 100 100 100 100 101 101 101 102 102 102 103 103 103 104 105 105 106 107 108 109 110 111 112 114 115 117 119 121 123 125 126 128 129 131 132 133 134 136 137 138 139 140 140 140 141 142 142 142 141
120 120 120 120 119 118 117 117 116 115 114 113 112 111 110 109 108 107 106 105 105 104 104 103 103 102 102 102 101 101 101 101 100 100 100 100 100 100 99 100 100 99 100 100 100 100 100 100 100 100 101 101 101 101 102 102 102 103 103 104 105 105 106 107 108 109 110 111 113 114 116 118 119 121 123 124 126 128 129 130 132 133 134 135 136 137 138 139 140 140 140 140 140 140
120 119 119 119 118 117 117 116 115 114 114 112 111 110 109 108 107 106 105 105 104 104 103 103 102 102 102 101 101 101 100 101 100 100 100 100 100 99 99 100 99 99 99 99 99 100 100 100 100 100 100 101 101 101 101 102 102 102 103 103 103 104 105 105 107 107 109 110 111 113 115 117 118 120 122 124 125 126 128 129 130 131 132 134 134 136 137 138 139 139 139 137 137 138
117 119 118 118 117 117 116 115 115 114 113 112 111 110 108 107 106 105 104 104 103 103 103 103 102 102 101 101 101 101 101 100 100 100 100 100 100 99 99 99 99 99 99 99 99 99 100 100 100 100 100 100 100 101 101 101 101 102 102 102 103 103 104 105 105 106 107 109 110 112 113 115 117 119 121 122 124 125 127 128 129 130 130 132 132 134 135 135 137 138 138 136 134 135
116 116 117 117 116 116 115 115 114 113 112 111 110 109 108 107 106 105 104 103 103 103 102 102 102 101 101 101 101 100 100 100 100 100 99 100 99 99 99 99 99 99 99 99 99 99 99 99 99 100 100 100 100 100 100 101 101 101 101 102 102 102 103 104 104 105 106 107 109 110 112 114 116 118 119 121 123 124 126 127 128 129 130 131 130 131 132 133 134 135 136 134 133 135
116 114 116 116 116 115 114 114 113 112 112 111 109 109 107 106 105 104 104 103 103 102 102 102 101 101 101 101 100 100 100 100 100 99 100 99 99 99 99 99 99 99 99 99 99 99 99 99 99 99 100 100 100 100 100 100 100 101 101 101 101 102 102 102 103 104 105 106 108 109 111 113 114 116 118 120 121 123 124 126 127 127 128 129 130 129 130 131 132 132 133 133 136 139
116 114 114 116 115 114 114 113 112 112 111 110 109 108 107 106 105 104 103 103 102 102 102 101 101 101 101 100 100 100 100 100 99 100 99 99 99 99 99 99 99 99 99 99 99 99 99 99 99 99 99 99 99 100 100 100 100 100 100 100 101 101 101 101 102 103 103 105 106 108 110 112 113 115 117 119 120 121 123 124 125 126 128 128 129 129 129 129 129 130 133 136 136 137
114 114 113 115 114 114 113 112 112 111 110 109 109 107 106 106 105 104 103 103 102 102 102 102 101 101 100 100 100 100 100 100 100 99 99 99 99 99 99 99 99 99 99 99 99 99 99 99 99 99 99 99 99 99 99 99 100 100 100 100 100 100 100 101 101 101 102 103 105 107 109 111 112 114 116 117 119 120 122 123 125 126 127 128 129 130 130 130 130 133 134 135 136 136
114 113 113 114 114 113 112 112 111 110 109 109 108 107 106 105 104 104 103 103 102 102 102 101 101 101 101 100 100 100 100 100 100 99 99 99 99 99 99 99 99 99 99 99 99 99 99 99 98 99 99 99 99 99 99 99 99 99 99 99 100 100 100 100 100 100 101 102 104 106 108 110 112 113 115 117 118 119 121 122 123 125 126 127 128 128 129 130 132 132 133 134 134 135
113 113 112 114 112 112 112 111 110 110 109 108 107 106 106 105 104 104 103 103 102 102 102 101 101 101 100 100 100 100 100 100 99 99 99 99 99 99 99 99 99 99 99 99 98 98 99 98 99 99 99 99 99 99 99 99 99 99 99 99 100 99 99 99 99 100 100 102 104 105 107 109 111 112 114 116 117 118 120 121 122 124 125 126 127 128 129 130 131 131 132 133 134 134
112 112 111 113 112 111 111 111 110 109 109 108 107 106 105 105 104 104 103 103 102 102 101 101 101 101 100 100 100 100 100 99 99 99 99 99 99 99 99 99 99 99 99 99 98 99 98 98 99 98 99 99 98 99 99 99 99 99 99 99 99 99 99 99 100 101 101 102 104 105 107 108 110 112 113 115 116 117 119 120 122 123 124 125 126 127 128 129 130 130 131 132 132 133
112 112 111 112 112 111 110 110 110 109 108 107 106 105 104 105 104 104 103 103 102 102 102 101 101 100 100 100 100 100 100 99 99 99 99 99 99 99 99 99 99 98 99 98 99 98 98 99 98 98 98 98 99 99 99 99 99 99 99 99 99 99 99 99 100 100 101 103 104 105 106 108 109 111 112 114 115 117 118 119 120 121 123 124 125 126 127 127 128 129 130 131 131 132
112 111 110 112 112 111 110 109 109 108 108 107 106 105 104 104 103 104 103 102 102 102 102 101 101 101 100 100 100 100 100 99 99 99 99 99 99 99 99 99 98 99 98 98 98 99 98 98 99 98 98 99 99 99 99 99 99 99 99 99 99 99 99 100 100 101 101 103 104 105 106 108 109 110 112 113 115 116 117 119 119 120 121 123 123 125 125 126 126 127 128 129 129 130
112 110 110 111 111 110 109 109 109 108 107 106 105 105 105 104 104 104 103 103 102 102 101 101 101 101 100 100 100 100 100 100 100 99 99 99 99 99 99 98 99 99 98 99 98 98 99 98 98 99 99 99 99 99 99 99 99 99 99 99 99 100 99 100 100 101 101 103 104 105 107 108 108 110 111 113 114 115 116 118 118 119 121 122 122 124 124 125 125 126 127 127 127 128
111 110 109 111 110 110 109 109 108 107 106 105 104 104 104 104 104 103 103 102 102 102 101 101 101 101 100 100 100 100 100 100 99 99 99 99 99 99 99 99 99 99 99 98 98 99 99 98 98 99 99 99 99 98 99 99 99 99 99 99 99 99 100 100 100 101 102 103 104 106 107 108 109 110 111 112 113 115 115 117 118 119 120 121 121 122 123 124 124 125 125 126 125 127
111 109 109 110 110 109 108 108 108 107 105 105 104 104 104 103 104 103 103 103 102 102 101 101 101 101 101 100 100 100 100 100 99 99 99 99 99 99 99 99 99 99 99 98 98 99 99 98 99 99 99 99 99 99 99 99 99 99 99 99 99 100 100 100 101 101 102 103 104 106 107 107 108 109 111 112 113 114 115 116 117 118 119 120 121 121 122 122 123 123 124 124 124 125
110 109 108 110 109 109 108 108 107 106 105 104 104 104 104 103 104 103 103 102 102 102 101 101 101 101 101 100 100 100 100 99 99 100 99 99 99 99 99 99 99 99 99 99 99 99 99 99 99 99 99 99 99 99 99 99 99 99 100 100 100 100 100 101 101 102 102 103 104 105 106 107 108 109 110 111 112 113 114 115 116 117 118 119 120 120 120 121 122 122 122 123 124 125
110 108 108 110 109 108 107 107 107 105 105 104 103 104 104 103 103 103 103 102 102 102 101 101 101 101 100 100 100 100 100 100 100 100 100 99 99 99 99 99 99 99 99 99 99 99 99 99 99 99 99 99 99 99 99 99 99 99 99 100 100 100 100 101 101 102 103 103 104 105 106 107 108 109 110 111 112 113 114 115 115 116 117 118 119 119 119 120 121 121 122 122 123 124
109 108 108 109 108 107 107 107 106 105 104 104 104 104 103 103 103 103 103 102 102 102 101 101 101 101 101 100 100 100 100 100 100 99 99 99 99 99 99 99 99 99 99 99 99 99 99 99 99 99 99 99 99 99 100 99 99 100 100 100 100 101 101 101 102 102 103 104 104 105 106 107 107 108 109 111 111 113 113 114 115 116 117 117 118 118 119 120 120 120 122 122 123 123
108 108 109 109 108 107 107 106 106 105 104 103 104 104 103 104 103 103 103 102 102 102 102 101 101 101 100 100 100 100 100 100 100 100 100 99 99 99 99 99 99 99 99 99 99 99 99 99 99 100 99 99 100 99 100 100 100 100 100 100 101 101 101 102 102 103 103 104 104 105 106 107 107 108 109 110 111 112 113 114 114 114 116 117 118 117 118 119 120 120 121 122 122 123
