data/bioclim/bclim9.asc
NCOLS 210 
NROWS 174 
XLLCORNER 27.125 
YLLCORNER -2.20833333333333 
CELLSIZE 0.0416666666666667 
NODATA_value -32768 
[rows 126 to 167 of 174, columns 94 to 187 of 210]
204 204 203 203 202 202 204 203 204 205 206 207 208 206 205 207 207 205 205 208 210 210 209 211 210 209 209 209 210 209 209 208 209 208 208 208 208 208 208 208 209 209 209 209 210 211 210 211 211 212 212 212 213 213 214 215 214 215 216 215 216 216 216 217 217 217 218 217 218 218 218 218 218 219 217 217 217 216 216 217 218 218 233 233 233 234 234 220 222 222 223 224 223 223
203 203 202 199 201 202 203 202 202 204 205 207 206 206 205 206 207 205 206 209 210 211 209 211 210 209 208 210 209 208 209 208 209 209 209 209 208 208 208 209 209 209 210 209 210 211 210 211 212 212 212 213 213 213 214 214 215 215 215 216 216 216 216 217 217 217 217 217 218 217 218 218 219 218 217 217 218 216 215 214 217 218 233 233 233 234 234 234 221 222 222 222 223 223
202 202 198 198 203 201 201 202 203 204 205 206 206 206 205 205 207 206 206 209 210 211 209 210 210 210 208 209 207 207 208 209 209 209 209 209 209 209 209 209 209 210 210 210 211 211 211 211 212 212 212 213 214 213 214 214 215 215 215 216 216 217 216 217 217 218 217 218 218 218 218 218 219 218 218 219 218 216 214 215 218 219 220 233 233 233 233 233 233 232 221 221 220 220
201 202 199 202 202 199 198 200 202 203 204 206 205 206 204 205 206 206 207 209 211 211 210 210 210 210 210 210 209 207 209 209 208 208 208 208 209 210 209 210 210 210 210 210 211 211 211 211 212 213 212 213 213 214 214 214 215 215 215 216 216 217 216 217 217 217 218 218 218 218 218 218 219 219 219 218 218 217 215 218 218 219 230 229 231 232 232 231 231 229 227 222 221 215
201 202 202 202 200 198 201 200 202 201 203 204 205 206 204 205 205 206 207 209 211 210 211 210 210 210 210 209 209 207 208 209 208 208 209 208 209 209 209 210 210 210 210 211 211 212 211 212 212 213 213 213 214 214 214 215 215 215 216 216 216 217 217 217 217 218 217 218 218 218 219 219 218 219 217 216 217 218 217 219 218 218 222 222 228 231 229 225 222 218 217 214 214 210
201 201 203 199 200 201 199 199 201 201 202 202 203 204 204 204 203 205 208 209 211 211 211 210 210 210 210 209 208 206 209 208 209 209 208 208 209 210 210 210 210 210 211 211 211 212 212 212 212 213 213 213 214 214 214 215 215 216 216 216 216 217 218 217 217 218 217 218 218 218 218 214 217 218 217 217 217 217 219 219 218 219 217 229 229 228 225 222 219 220 217 214 211 207
200 201 202 200 199 199 194 195 197 199 201 201 203 202 203 205 206 206 208 209 211 210 211 210 210 210 210 208 210 209 208 210 210 209 208 210 210 210 210 210 210 211 211 211 211 211 212 212 213 213 213 214 214 214 215 215 215 217 216 216 217 217 218 217 218 217 218 219 218 219 215 207 215 217 218 213 206 215 217 217 216 218 218 231 230 228 224 220 215 216 214 209 207 204
200 200 201 199 196 195 196 196 197 198 200 200 202 202 203 205 206 207 208 209 211 210 210 210 210 209 209 210 210 210 209 210 210 210 209 209 210 210 210 211 211 211 211 211 212 212 212 213 213 213 214 214 214 215 215 215 216 216 216 217 217 217 217 217 218 218 219 218 219 218 218 217 218 217 218 210 200 214 215 212 215 218 217 226 226 223 222 220 215 210 202 201 195 192
199 200 198 197 196 197 198 195 195 197 200 201 203 203 203 204 206 207 208 208 210 210 210 209 210 209 209 210 209 210 210 210 210 210 210 209 210 210 210 210 211 211 211 211 212 212 213 213 213 213 214 214 214 215 216 215 216 216 216 217 217 217 217 218 218 218 219 218 219 219 217 218 217 214 208 213 206 214 215 208 214 213 227 222 222 218 216 216 211 205 200 192 186 185
199 200 194 195 198 197 196 192 192 197 200 201 202 203 204 204 205 206 208 208 208 209 210 209 210 209 209 210 210 210 210 210 210 210 210 210 210 210 210 210 211 211 211 212 212 213 213 214 214 214 214 215 215 215 216 216 216 216 217 217 218 217 218 218 219 218 219 218 219 218 217 218 218 209 186 195 198 213 215 213 208 221 222 220 220 217 211 210 209 205 200 187 183 182
199 198 191 192 197 195 193 195 193 195 199 200 202 203 202 204 205 206 208 208 208 209 209 209 209 210 209 210 210 210 209 209 210 210 210 210 210 210 210 211 211 211 212 212 213 213 214 214 214 214 214 215 215 215 216 217 216 217 217 217 218 218 218 218 218 218 219 219 219 218 218 218 214 189 190 196 208 214 212 205 204 219 219 218 217 216 211 208 206 203 192 186 182 185
199 197 195 194 196 196 194 193 195 194 197 200 201 201 202 204 205 206 207 208 208 208 209 209 209 209 209 209 210 210 210 210 210 210 210 210 211 210 210 211 211 211 212 212 213 214 214 214 214 214 215 215 216 216 216 217 216 217 217 217 218 218 218 218 219 219 219 219 220 218 218 218 214 203 205 209 212 204 200 204 205 220 219 220 218 216 213 208 202 197 191 187 186 187
196 194 193 193 191 194 194 193 193 192 193 199 201 201 203 205 205 206 206 207 208 209 208 208 209 209 209 209 209 210 210 210 210 210 210 210 211 210 211 211 211 212 212 213 213 214 214 214 214 214 215 215 216 216 216 217 217 217 218 218 218 218 219 219 219 219 219 220 219 219 218 218 217 208 208 209 197 200 204 206 207 208 207 219 216 214 207 205 200 192 190 187 183 185
191 194 192 192 188 189 193 191 189 190 196 198 200 202 203 204 205 206 206 207 207 207 208 208 209 208 209 209 209 209 210 210 210 210 211 211 211 211 212 211 212 212 213 213 214 214 215 214 214 215 215 215 216 216 217 217 217 217 218 218 218 219 219 219 220 219 220 220 219 220 218 218 218 213 207 205 204 204 206 207 208 208 207 220 215 211 204 197 199 190 193 190 184 179
188 192 191 192 189 186 190 192 194 196 197 197 200 201 202 204 204 205 205 206 207 206 208 208 208 209 209 209 209 209 210 210 210 210 210 211 211 212 212 212 213 213 213 213 214 215 215 215 215 215 215 216 216 217 217 217 217 218 218 218 218 219 219 219 220 220 220 220 220 220 219 219 219 217 213 211 209 206 207 209 209 205 204 203 215 211 204 200 201 194 190 187 181 176
189 191 194 191 191 187 188 193 194 194 196 197 200 201 202 203 204 204 205 206 206 206 207 208 208 208 208 209 209 209 210 210 210 210 211 211 211 212 212 212 213 213 213 214 214 214 215 215 216 215 216 216 217 217 217 218 218 219 219 219 219 219 219 220 220 220 221 220 221 220 220 220 219 218 217 216 212 209 208 209 208 205 198 201 211 212 209 197 195 193 187 185 165 162
194 194 195 193 188 187 187 192 195 195 197 199 200 201 202 203 202 205 205 206 206 206 207 208 208 208 208 209 209 209 210 210 210 210 211 211 212 212 212 213 213 213 214 214 214 214 215 215 216 216 216 216 217 217 218 218 218 219 219 219 220 220 220 221 220 220 220 220 221 220 220 220 221 220 218 218 216 214 210 209 208 204 197 198 197 208 205 198 195 193 174 168 166 165
196 196 195 193 193 190 192 192 196 197 198 199 199 200 200 202 203 204 205 206 206 206 207 207 208 208 208 209 209 209 210 210 210 211 211 211 212 211 212 212 213 213 214 214 214 214 215 215 215 217 217 216 217 217 218 219 219 218 219 219 219 220 221 221 220 221 220 221 221 221 221 221 221 221 220 220 217 214 211 207 205 203 199 197 197 194 202 178 175 176 172 170 162 167
198 197 195 195 195 192 195 196 196 198 199 199 200 201 202 202 203 204 205 205 206 206 207 206 208 208 208 209 209 209 209 210 210 211 211 211 211 212 213 213 213 213 214 214 214 215 215 216 216 217 217 218 217 217 219 219 219 219 219 220 220 220 221 220 221 221 221 222 221 221 221 222 221 221 220 219 219 215 212 207 199 198 198 197 196 194 191 185 174 174 171 175 167 173
199 199 197 197 196 195 197 197 198 199 199 200 198 201 202 203 203 205 209 205 205 206 207 207 207 208 209 209 209 209 210 210 211 211 211 211 211 212 212 213 213 213 214 214 215 215 215 216 216 216 218 218 218 218 218 219 219 219 220 220 220 220 221 221 222 221 221 221 221 221 221 222 221 221 220 217 218 214 211 208 205 201 195 193 196 194 191 184 176 172 177 180 174 176
200 199 197 199 197 198 199 199 199 200 200 200 200 202 203 203 201 202 205 204 206 206 206 207 207 207 208 209 209 209 210 211 211 211 211 211 212 212 212 213 213 214 214 214 215 215 216 216 217 217 217 218 218 218 218 219 220 220 220 220 221 221 221 222 222 222 221 222 222 220 222 222 222 220 218 213 213 212 207 206 205 202 198 192 193 194 190 185 171 173 183 181 177 177
201 201 201 200 198 200 200 200 199 200 201 201 202 203 202 202 203 204 203 203 206 206 207 206 207 208 208 208 209 210 210 211 211 211 211 211 212 212 213 213 213 214 214 215 215 215 216 216 217 217 218 218 218 219 219 219 219 221 221 220 221 222 221 222 222 221 221 221 220 221 220 220 221 218 214 211 210 208 207 204 203 202 202 199 197 195 194 187 179 178 186 183 180 179
201 203 202 201 201 201 201 201 199 201 201 202 203 203 200 203 204 202 204 202 206 206 207 207 207 207 208 208 208 210 211 211 211 211 211 212 212 212 213 213 214 214 214 215 216 216 216 216 217 218 218 219 219 219 219 220 220 220 221 221 222 221 222 221 221 221 221 221 221 221 220 219 216 214 213 210 207 205 204 205 203 200 199 199 198 197 196 192 185 187 188 184 181 178
204 204 204 203 203 202 202 202 202 202 203 203 203 204 201 203 203 201 203 202 206 206 207 207 207 208 208 208 209 209 210 210 211 211 212 212 212 213 213 214 214 215 215 215 216 216 216 217 217 217 218 219 219 220 220 220 220 221 221 221 222 222 221 221 221 222 221 221 221 221 220 218 215 208 208 206 206 203 202 199 200 197 194 197 195 196 197 194 191 188 185 183 180 177
203 203 203 204 204 203 203 203 203 203 203 204 204 204 200 202 202 203 201 202 206 206 207 207 207 208 208 209 209 209 210 210 210 211 212 212 213 213 214 214 214 214 215 216 216 216 216 217 217 218 218 219 219 220 220 220 221 221 221 222 222 223 221 221 221 222 222 222 220 219 219 215 211 209 209 208 208 203 201 199 197 193 190 194 192 193 192 194 192 189 186 176 174 174
193 203 203 204 204 204 204 204 203 204 204 204 204 204 201 202 202 200 199 203 207 207 207 207 208 208 209 209 209 210 210 210 211 211 211 211 212 214 214 214 215 215 216 216 217 216 217 217 217 218 218 219 219 220 221 221 221 221 222 222 220 221 222 221 222 222 222 222 220 220 218 215 212 211 213 213 213 209 207 203 201 194 190 189 187 188 189 188 188 188 185 176 170 170
190 193 205 205 204 205 205 204 203 204 205 205 205 205 205 206 202 200 202 205 207 206 207 207 208 208 209 209 210 210 210 211 211 211 211 212 212 212 213 213 215 215 216 217 217 217 218 218 219 218 219 219 220 220 220 221 221 221 222 222 221 222 222 222 223 222 222 222 222 222 219 213 214 217 217 216 213 210 208 204 201 198 194 191 184 182 184 181 183 183 182 173 169 174
193 188 201 204 204 205 203 202 203 205 205 205 206 205 202 206 203 197 203 207 207 207 207 207 208 208 209 209 210 210 210 211 211 211 212 212 212 213 213 213 214 214 216 217 217 218 218 218 219 219 220 219 220 220 221 221 221 222 223 221 221 222 222 223 222 222 222 219 217 221 222 221 220 216 216 213 211 208 207 203 197 191 190 192 187 180 179 178 179 178 176 175 184 189
196 192 193 206 203 205 203 202 203 205 205 205 206 205 202 205 203 201 205 207 207 207 207 208 208 209 209 210 210 210 211 211 211 212 212 212 213 213 213 214 214 214 215 215 216 218 218 219 219 219 220 220 220 221 221 221 222 222 220 221 222 222 222 223 222 223 223 222 220 221 222 221 221 220 219 216 212 209 202 194 192 199 203 195 193 183 179 176 174 173 184 191 190 190
193 191 190 206 205 205 202 202 204 205 205 204 206 204 205 205 202 200 205 207 207 207 208 208 208 209 209 210 210 211 211 211 212 212 212 213 213 213 214 214 214 215 215 215 216 216 218 219 219 219 220 220 220 221 221 221 223 222 221 222 221 222 223 222 223 223 222 223 221 221 216 218 217 217 218 216 214 214 212 213 215 214 211 206 202 196 190 182 183 190 195 193 194 190
195 193 190 206 204 203 202 203 204 205 203 206 207 203 201 204 200 206 207 208 208 208 208 208 209 209 209 210 210 211 211 212 212 213 213 213 213 214 214 214 215 215 215 216 216 216 217 217 219 220 220 220 221 221 221 222 222 222 221 221 222 222 223 223 223 223 224 223 222 221 216 212 212 214 217 217 219 219 218 218 216 216 213 210 204 195 195 197 199 197 198 197 197 193
192 195 191 207 201 202 202 202 204 206 203 206 203 202 206 206 204 208 208 208 208 208 209 209 209 209 210 210 210 211 211 211 212 212 213 213 213 214 214 214 215 215 215 216 216 216 217 217 218 220 220 220 221 221 222 222 222 220 221 221 222 222 223 223 221 219 223 223 223 222 219 221 221 221 221 220 219 219 218 217 217 217 216 215 214 206 202 202 200 199 200 199 196 195
191 194 191 207 202 202 204 205 205 206 206 207 200 202 201 204 203 208 208 208 209 209 209 209 209 210 210 210 210 211 211 212 212 213 213 213 214 214 214 215 215 215 216 216 216 217 217 217 218 220 220 221 221 221 222 222 222 221 221 221 222 222 222 222 216 214 218 220 219 221 218 217 220 221 221 220 219 219 218 217 215 211 207 209 211 207 204 203 202 199 200 199 199 196
194 196 191 207 205 204 203 204 205 207 207 204 202 191 196 204 201 208 209 209 208 209 210 210 210 210 210 211 211 211 212 212 212 213 213 213 214 214 214 215 215 216 216 216 217 217 217 217 218 218 221 222 222 222 222 223 222 221 221 222 222 222 223 222 219 217 217 216 217 219 217 215 219 220 221 220 219 218 217 214 208 201 206 210 209 209 205 201 198 198 199 197 195 194
200 194 192 206 208 206 205 203 206 207 206 201 199 193 195 204 204 209 209 208 207 210 210 210 211 211 211 211 212 212 212 212 213 213 213 214 214 215 215 215 215 215 216 216 216 216 218 217 218 218 221 222 222 222 223 223 223 221 221 221 222 222 223 223 222 221 218 214 211 214 213 217 218 219 219 214 217 217 213 209 199 197 206 208 198 204 203 197 193 193 195 194 191 192
199 190 194 207 209 207 203 204 207 207 204 202 192 195 203 204 207 209 210 209 210 210 210 210 211 211 211 212 212 213 213 212 213 213 214 214 214 215 215 215 215 216 216 216 217 217 217 217 218 218 218 221 222 222 223 223 223 224 221 221 221 221 221 222 222 221 218 216 213 209 207 209 214 214 215 212 214 214 211 205 197 195 206 206 193 201 201 194 190 191 193 190 186 189
198 194 191 208 207 206 205 206 207 207 200 199 190 193 201 204 206 210 210 210 210 211 211 211 211 211 212 212 213 213 213 213 214 214 214 214 215 215 215 215 216 216 216 216 217 217 217 217 218 218 218 222 221 222 222 222 223 223 221 221 222 221 220 220 220 218 218 217 211 204 203 202 204 206 212 212 210 209 204 205 205 204 207 203 195 198 198 195 191 189 189 186 183 186
200 192 191 207 206 203 203 207 207 206 197 198 191 194 207 203 210 211 211 211 211 211 211 211 211 211 212 212 213 213 213 214 214 214 215 215 215 215 216 216 216 216 217 217 217 217 217 218 219 218 219 222 222 222 222 223 223 223 223 221 221 221 222 221 219 217 217 215 210 207 205 208 205 209 211 206 208 210 209 208 206 207 206 204 202 197 194 194 191 187 185 183 184 185
200 192 191 209 209 208 204 207 207 202 198 195 193 200 206 203 211 211 211 211 211 212 212 212 212 212 212 212 213 213 213 214 214 214 215 215 215 216 216 216 216 216 217 217 217 217 217 217 216 218 219 222 222 222 223 223 222 223 224 221 220 216 217 220 221 219 217 215 213 212 211 210 208 206 206 206 211 211 208 204 199 204 205 203 200 196 191 190 188 187 184 182 186 187
200 192 195 210 211 206 204 206 207 200 199 198 192 206 206 205 211 212 212 212 212 212 212 212 213 213 213 213 214 214 214 214 214 214 214 215 216 216 215 216 216 217 217 217 217 217 218 217 216 218 218 222 222 222 223 216 215 222 220 219 219 217 213 213 217 219 214 213 206 210 209 209 208 207 204 207 211 210 205 205 198 204 203 201 200 196 191 190 189 186 187 187 188 189
198 191 200 212 209 201 206 205 207 204 198 204 206 208 204 208 212 212 212 212 212 212 212 212 213 213 213 213 214 214 214 215 215 214 215 216 216 216 216 216 217 217 217 217 217 217 218 218 219 219 218 219 223 223 222 215 217 220 219 219 220 219 219 217 213 215 217 218 215 211 210 208 205 203 206 209 210 212 210 206 202 201 202 202 201 195 192 193 191 189 191 190 191 192
196 194 205 211 207 202 208 208 209 204 197 199 205 207 207 212 212 212 212 213 213 213 213 213 213 214 214 214 214 214 215 215 215 215 216 216 216 216 216 217 217 217 217 217 217 218 219 218 218 218 218 219 220 223 214 219 220 221 221 220 219 218 218 217 216 215 214 216 217 215 212 208 205 203 204 213 212 213 213 209 202 196 200 205 203 194 195 196 196 194 195 194 193 193
