data/bioclim/bclim10.asc
NCOLS 210 
NROWS 174 
XLLCORNER 27.125 
YLLCORNER -2.20833333333333 
CELLSIZE 0.0416666666666667 
NODATA_value -32768 
[rows 0 to 41 of 174, columns 0 to 93 of 210]
263.000000000000000 263 262 262 262 260 259 259 261 262 262 262 262 261 262 261 261 261 261 262 262 262 262 262 261 262 263 262 263 263 263 263 263 263 263 263 263 263 263 262 262 261 262 261 261 262 263 263 262 262 261 262 262 262 263 264 263 262 262 264 265 265 265 266 268 269 269 268 267 266 267 268 270 271 272 272 272 272 273 276 276 275 276 276 277 278 279 279 281 282 282 282 282 282
262 262 261 261 261 260 258 259 259 260 260 261 261 260 261 261 260 260 260 261 261 261 261 261 261 262 263 261 262 262 261 262 262 261 261 262 262 261 262 262 262 261 260 260 260 261 262 263 263 262 262 262 261 261 261 262 262 262 262 263 264 266 264 265 266 267 268 268 266 264 264 267 269 269 270 270 270 271 273 275 276 275 275 275 276 276 277 279 280 281 282 282 282 281
260 261 260 260 259 259 259 260 259 259 261 260 260 259 258 260 259 259 258 259 260 259 260 260 261 261 261 261 261 261 260 261 262 260 260 261 261 260 260 261 262 261 260 260 259 260 262 262 263 262 262 262 261 261 260 261 261 261 261 262 263 265 264 263 265 265 267 267 260 264 264 267 268 269 269 269 270 271 273 274 275 275 275 274 274 274 275 278 279 280 282 282 281 281
260 260 260 260 260 259 259 260 259 258 259 258 258 258 258 259 259 258 257 258 258 260 260 261 261 260 261 260 260 260 260 259 261 261 260 261 260 259 259 260 261 261 261 260 259 260 260 262 261 261 261 260 260 260 259 261 261 259 259 260 262 264 264 264 264 265 266 267 265 266 265 266 266 268 268 268 269 270 272 273 275 274 274 274 273 273 274 277 279 280 281 281 281 281
260 260 260 259 259 259 259 259 259 259 259 258 257 257 257 258 258 257 257 257 258 259 260 261 261 259 260 260 259 259 260 259 260 260 260 259 260 259 259 259 259 260 261 261 259 259 260 261 261 260 260 260 259 258 258 259 260 259 259 260 262 263 264 264 264 264 266 266 267 266 263 264 265 266 267 268 270 271 272 272 274 274 273 273 273 273 273 276 278 279 280 281 280 280
259 259 259 260 259 259 259 260 259 259 258 257 256 256 256 256 256 257 258 257 259 258 260 260 260 259 259 260 258 258 258 258 259 260 259 259 259 259 258 258 258 260 260 259 259 258 260 261 261 260 260 259 258 257 257 258 259 259 259 260 261 262 263 264 263 262 264 265 266 264 263 263 263 265 267 268 268 269 270 272 273 274 274 273 273 273 272 274 276 277 279 280 280 280
259 259 259 259 259 259 259 259 257 257 257 257 256 256 255 256 257 258 258 259 259 259 259 259 259 258 258 259 258 257 257 257 258 259 259 259 259 259 259 258 258 259 259 259 258 259 260 260 260 260 258 258 257 256 256 257 258 258 258 259 259 261 261 262 262 262 263 264 265 264 263 263 263 264 266 267 268 269 270 272 274 273 274 274 273 273 272 272 274 275 278 279 280 278
259 259 259 260 260 259 258 258 257 257 256 257 257 257 255 255 256 257 258 258 258 259 258 258 258 257 258 258 258 256 256 256 258 258 259 259 259 258 258 258 257 259 258 258 258 258 259 259 260 260 258 257 258 257 256 256 256 256 257 258 257 259 260 261 262 261 262 262 263 262 262 263 264 265 265 266 267 269 270 271 272 273 272 273 273 272 272 272 273 273 277 278 279 275
259 259 259 260 259 258 257 258 257 256 256 257 256 255 254 254 255 256 257 258 258 258 257 258 257 256 257 258 258 257 255 256 257 257 258 257 258 258 257 257 257 258 259 258 257 258 258 259 260 259 259 259 258 258 256 255 253 254 254 256 255 257 258 258 260 260 259 261 261 261 262 263 263 265 266 267 267 267 269 270 271 271 271 273 272 272 272 271 271 272 273 276 278 274
258 259 259 260 258 258 257 257 256 256 256 257 255 254 254 254 254 256 257 256 257 257 256 256 256 257 257 258 257 257 256 255 256 257 257 257 257 258 258 257 256 258 258 258 257 257 257 258 259 259 258 258 258 258 257 256 253 253 254 254 254 255 257 257 258 259 259 260 260 261 262 263 263 264 265 267 267 268 269 270 270 270 270 272 272 271 271 271 271 271 272 275 276 275
259 259 259 258 258 257 257 257 256 256 256 256 255 255 255 254 254 255 256 254 254 255 254 255 256 257 257 257 256 255 256 255 255 255 257 257 256 257 257 256 255 256 257 258 257 256 257 258 258 258 257 257 257 257 256 256 255 254 255 253 253 254 255 256 256 257 258 259 260 261 262 263 264 264 264 265 266 268 268 269 269 269 269 270 271 271 271 271 272 271 271 272 274 274
258 258 257 257 258 257 257 256 256 256 256 256 255 255 255 254 254 254 254 253 253 254 254 255 257 256 257 257 257 256 255 254 254 254 255 255 256 255 255 254 254 255 256 257 256 256 256 257 258 258 258 258 257 257 256 255 255 255 254 255 255 255 254 254 255 256 258 259 260 261 261 262 263 264 265 266 267 267 266 267 269 269 268 268 269 270 270 271 271 271 271 271 271 273
257 257 257 257 257 256 256 256 255 255 256 256 255 255 254 253 254 254 254 253 252 253 254 256 256 255 255 256 256 256 255 255 255 254 255 255 255 254 253 253 253 255 255 256 255 255 257 257 258 258 257 258 258 257 257 255 255 255 256 256 256 257 256 256 256 257 258 259 260 261 262 262 263 264 265 265 266 266 266 267 268 268 268 268 267 268 269 270 269 270 271 271 271 272
257 256 256 255 256 255 255 256 256 256 255 255 254 254 254 253 253 254 254 253 253 253 254 254 254 254 254 255 256 255 254 254 255 254 254 255 255 254 254 253 252 253 253 254 254 254 255 256 257 258 258 258 257 256 256 255 256 256 257 256 256 256 256 257 257 258 259 259 260 261 261 262 263 264 264 264 265 265 266 266 267 268 268 268 267 267 268 269 269 269 270 271 271 272
257 256 255 255 256 255 255 255 256 255 255 254 254 254 254 253 254 254 254 254 253 253 253 253 252 254 255 255 255 254 253 253 253 253 253 253 253 253 254 253 252 253 254 254 254 254 254 255 256 257 257 257 257 256 256 257 256 256 257 257 257 257 257 257 257 258 259 260 260 261 262 262 263 263 263 264 264 264 265 265 266 267 268 268 268 268 269 268 269 269 269 270 271 271
257 256 256 255 255 255 255 255 256 255 255 254 253 253 253 253 254 253 254 254 254 253 253 253 253 254 255 254 254 254 253 252 252 251 252 252 253 254 254 254 253 254 254 255 255 254 253 255 255 256 255 255 256 256 256 257 257 257 257 257 257 258 258 257 258 259 260 259 260 261 261 262 262 262 263 264 263 264 264 264 265 266 267 268 268 268 268 268 268 269 269 269 270 271
257 256 255 254 255 255 255 255 256 255 254 254 253 254 254 252 253 253 254 254 254 253 253 253 253 254 254 253 253 253 253 253 252 251 252 252 252 253 254 255 255 254 254 255 255 255 255 255 255 255 255 255 257 257 257 256 256 256 257 257 257 257 258 258 258 258 258 259 259 260 260 261 262 261 262 263 262 263 263 264 264 265 266 266 266 267 267 267 268 268 268 268 269 270
256 256 255 254 255 255 255 255 256 255 254 253 254 254 253 252 254 254 254 254 254 253 254 253 253 253 253 253 253 252 252 252 251 252 252 253 253 254 255 255 255 255 255 256 256 256 256 256 256 255 255 256 256 256 256 256 256 256 256 257 257 257 258 259 259 258 258 257 258 260 260 261 260 261 262 262 262 262 263 263 264 264 265 266 266 266 266 266 267 267 267 267 267 269
256 256 255 254 255 255 254 256 255 255 254 254 254 253 253 252 254 254 254 254 254 254 254 253 253 253 253 252 252 251 251 252 252 253 253 254 254 254 255 255 256 256 256 256 256 256 257 256 256 255 255 256 257 257 256 257 256 257 257 258 257 258 258 259 259 259 258 257 258 259 260 261 260 261 262 262 262 261 261 263 263 264 264 264 265 265 265 266 266 265 267 268 268 269
255 255 254 253 254 255 255 255 254 254 254 254 253 253 253 253 254 254 254 254 253 253 254 253 253 253 253 252 252 253 253 253 253 254 254 254 255 255 256 256 256 255 255 255 255 255 256 256 256 255 255 256 257 256 257 257 257 257 258 258 258 258 258 259 259 259 258 257 257 258 259 260 259 260 261 261 261 260 261 262 262 263 262 263 264 264 264 265 265 266 267 268 268 269
254 254 254 254 254 255 255 254 254 254 254 253 253 252 253 254 254 254 255 254 253 253 253 253 253 253 253 253 254 254 254 253 253 254 254 255 255 256 256 256 255 255 255 255 255 255 255 255 255 255 257 257 256 257 257 257 257 257 258 258 258 258 259 259 258 259 258 257 257 257 258 259 259 259 260 261 260 260 261 261 261 262 261 262 262 263 263 263 264 265 266 267 268 268
254 254 254 253 254 255 255 254 254 254 254 253 253 253 253 254 254 254 255 254 254 253 252 253 252 253 254 254 254 253 253 253 253 254 254 255 256 256 255 255 255 255 255 254 255 255 255 255 255 256 258 257 257 257 257 257 257 258 258 258 258 258 259 258 258 258 258 257 257 257 257 257 258 259 260 260 260 260 260 260 261 261 260 260 260 261 262 262 263 264 265 266 267 268
254 255 254 253 254 254 255 254 254 254 254 253 253 253 253 254 254 255 255 254 254 253 253 252 253 254 254 254 253 253 253 254 254 255 255 256 256 255 255 256 256 255 255 255 255 256 256 256 256 256 257 258 257 256 257 257 258 258 258 257 258 259 257 257 258 258 257 257 258 258 257 257 256 258 259 260 259 259 259 260 260 260 259 259 259 260 260 261 262 263 264 265 266 267
254 255 254 254 254 255 254 253 254 254 253 253 254 253 253 254 255 255 255 254 254 253 253 253 253 254 254 254 253 254 254 255 255 256 256 257 256 256 257 257 256 256 255 255 256 256 256 257 256 256 258 258 257 257 257 258 259 258 258 258 258 258 258 257 257 257 257 258 258 257 257 257 257 258 258 258 258 259 259 259 258 259 258 258 257 259 260 260 261 262 263 264 265 266
254 255 255 253 254 255 253 253 254 253 254 254 254 254 254 254 254 254 255 255 254 254 254 254 254 254 254 254 254 254 255 256 255 256 256 256 256 256 256 257 256 256 256 256 257 256 257 257 256 257 258 258 257 258 258 259 259 259 259 259 258 258 257 257 257 256 257 258 257 258 257 257 256 256 258 257 257 258 258 258 259 259 258 258 258 258 259 260 261 262 263 264 265 266
254 254 254 254 254 254 253 254 254 253 254 254 254 254 254 255 254 255 254 254 254 254 254 255 255 255 255 255 255 255 255 256 256 257 257 256 256 256 256 256 256 256 256 257 257 257 257 257 257 257 258 257 258 259 259 258 259 258 259 258 258 258 258 257 257 257 258 258 258 258 257 257 256 256 257 255 257 257 257 258 258 258 258 258 259 259 259 260 260 261 261 263 264 266
254 254 254 254 254 253 253 254 253 253 255 255 255 255 255 254 254 254 255 254 254 255 255 255 255 255 255 255 255 255 255 256 257 257 257 257 256 256 256 256 256 256 257 257 257 256 257 258 258 258 258 258 259 259 258 258 258 258 258 257 257 258 258 258 258 258 258 258 258 257 257 257 256 256 255 255 256 256 257 258 258 258 258 258 258 259 258 259 260 260 260 262 264 266
254 255 254 254 254 254 253 254 254 254 254 254 254 254 254 254 254 254 254 254 254 255 255 256 255 255 255 256 256 256 257 257 257 257 257 257 256 256 256 256 257 257 257 258 257 257 258 258 258 258 258 258 258 258 258 258 257 257 257 258 258 259 259 259 258 258 257 257 257 257 257 257 256 256 256 255 255 255 256 256 257 257 257 258 258 258 258 259 259 260 259 262 263 265
254 254 253 254 254 254 254 255 254 253 254 253 253 253 253 253 254 254 254 254 255 255 256 255 255 255 256 256 256 257 257 256 256 256 256 256 256 256 256 257 257 258 258 258 258 259 259 258 258 258 258 258 258 257 257 257 257 257 258 259 259 259 259 259 258 258 258 257 257 256 256 256 255 256 256 255 256 256 255 255 256 254 255 258 256 257 257 257 258 257 259 261 263 265
253 253 252 253 254 254 255 255 254 253 253 253 253 252 253 254 253 253 253 254 255 255 255 255 256 256 256 257 257 257 257 256 256 257 256 256 257 257 258 257 258 258 258 259 259 259 258 258 258 258 257 257 258 258 257 257 258 258 259 258 258 258 257 257 257 258 257 257 257 256 256 256 255 256 256 256 256 256 256 255 254 253 254 256 254 255 256 256 257 257 258 261 262 263
253 252 251 251 253 254 254 255 254 253 254 254 253 253 254 254 253 254 254 255 255 254 255 256 256 256 257 256 256 257 257 257 257 257 257 257 258 258 258 258 259 259 258 258 258 259 259 258 257 257 257 258 259 258 258 258 258 259 259 258 257 258 257 257 258 257 257 256 257 256 256 256 256 255 255 256 255 255 255 254 253 252 252 254 253 253 255 254 255 257 258 260 261 262
253 252 251 251 251 253 254 255 254 253 254 254 254 254 254 254 254 254 254 255 255 255 255 256 256 257 257 257 257 257 257 258 258 258 258 258 258 259 259 258 259 259 259 257 258 258 259 258 258 259 259 259 259 258 259 258 259 258 258 258 258 257 258 258 257 257 257 257 257 257 257 256 256 255 254 254 255 254 253 253 252 251 250 253 252 252 254 254 254 257 258 260 262 263
253 253 252 251 251 251 252 253 254 254 254 254 254 254 254 254 255 255 255 255 255 255 255 255 256 257 258 257 257 258 258 259 259 259 259 259 259 260 259 260 259 259 259 258 258 257 258 259 259 258 258 258 258 258 258 258 258 257 257 258 258 257 257 257 257 258 257 257 257 256 257 256 256 256 255 255 255 254 253 252 251 250 249 251 251 251 252 251 254 256 258 259 261 263
252 251 251 251 250 251 251 251 252 252 253 252 252 252 253 254 254 255 255 256 255 255 255 255 255 256 257 257 257 259 258 259 259 259 260 260 260 260 260 259 259 259 258 258 258 258 258 258 258 257 257 258 258 258 257 258 258 257 257 257 258 258 257 257 257 257 257 256 256 256 255 255 256 256 255 255 255 255 253 252 250 248 248 250 250 249 251 251 252 254 257 259 260 262
252 251 251 250 250 250 250 250 251 251 252 252 252 252 251 253 253 254 255 255 255 255 255 255 255 255 257 258 259 257 257 258 259 260 260 260 260 260 260 260 260 259 259 259 259 259 259 259 258 257 256 257 257 257 257 258 257 257 256 256 257 257 256 256 256 256 257 256 256 255 255 255 255 255 254 253 254 254 253 250 248 248 248 248 248 248 250 250 250 251 255 257 259 260
251 251 251 250 249 249 249 250 250 250 251 252 251 252 251 252 252 252 253 253 254 255 256 256 255 256 256 257 257 258 258 258 258 259 260 259 260 260 260 260 260 260 260 260 259 258 257 258 259 258 257 257 256 257 256 256 257 256 256 255 255 257 256 255 255 255 256 256 255 254 255 254 255 254 253 253 251 250 249 248 248 248 248 248 248 248 250 250 249 249 254 254 255 256
251 251 251 250 249 249 249 250 250 250 251 251 251 251 251 251 252 252 252 252 253 254 255 255 256 256 256 257 257 257 257 257 258 259 259 259 259 260 260 260 260 260 260 260 259 258 257 256 259 258 257 256 255 255 255 256 256 256 256 255 255 256 255 255 255 254 255 255 254 253 253 254 254 255 252 251 251 250 250 249 249 248 248 248 248 249 249 249 248 249 250 250 251 252
251 251 251 250 249 250 249 249 250 250 250 250 251 250 251 251 252 252 252 252 253 254 255 254 255 256 257 256 256 257 258 258 258 259 259 259 259 259 260 260 259 260 260 260 257 257 258 257 258 257 256 257 256 255 255 255 255 255 255 255 255 255 255 254 253 253 253 254 253 253 252 252 253 254 251 248 249 250 250 249 249 248 248 247 248 249 249 249 249 248 248 247 249 253
250 249 250 250 249 249 250 250 250 249 249 251 251 250 251 252 252 252 252 252 253 254 255 254 255 255 256 257 258 258 258 258 258 259 259 259 258 259 260 259 259 259 259 259 258 257 256 257 256 257 258 257 257 256 255 255 255 255 254 254 253 254 254 253 252 252 252 252 252 252 252 251 252 253 252 249 250 251 250 249 248 248 247 247 249 249 248 248 249 248 247 247 249 254
249 249 249 249 250 249 250 250 250 250 250 251 251 251 251 252 252 253 253 253 253 254 255 255 255 255 257 257 258 258 258 258 259 259 258 257 258 259 259 258 259 259 258 259 258 257 256 255 253 256 258 258 257 256 255 254 254 254 254 253 252 253 253 252 252 252 252 252 252 253 253 252 251 251 251 250 251 251 249 248 248 247 247 248 247 247 247 247 247 247 246 247 249 253
249 250 250 250 249 249 250 250 250 250 250 251 251 251 252 252 252 253 253 252 253 254 254 255 254 255 256 256 257 258 258 258 258 259 259 258 259 259 258 258 259 258 258 259 258 254 253 251 253 256 257 257 256 256 255 255 254 254 254 253 252 253 253 253 252 253 253 252 253 252 252 252 252 251 250 251 251 251 250 248 247 247 247 247 247 247 246 246 247 246 246 248 250 251
249 250 250 250 250 249 250 250 251 251 252 252 252 253 253 253 252 252 252 252 252 253 254 255 255 255 256 256 257 258 259 259 259 259 259 259 258 258 257 258 259 258 258 258 257 253 252 251 251 254 255 256 257 256 256 257 256 255 254 253 253 254 253 254 253 253 252 252 252 251 251 251 252 252 251 252 251 251 250 249 248 247 246 247 246 246 245 245 246 246 246 248 251 253
