data/bioclim/bclim10.asc
NCOLS 210 
NROWS 174 
XLLCORNER 27.125 
YLLCORNER -2.20833333333333 
CELLSIZE 0.0416666666666667 
NODATA_value -32768 
[rows 126 to 167 of 174, columns 0 to 93 of 210]
240 238 235 237 237 237 238 240 240 242 240 242 244 243 242 242 241 240 243 244 243 242 242 244 244 242 240 236 235 235 234 233 233 233 230 228 227 228 229 228 226 225 220 209 209 190 189 174 158 152 149 139 136 135 145 197 238 239 239 238 238 238 238 237 237 237 234 233 233 233 232 223 220 215 209 209 213 193 195 208 197 195 210 211 212 213 213 214 213 212 213 213 213 213
241 240 238 238 237 237 238 239 240 241 239 241 243 242 241 241 241 238 242 243 243 243 243 243 241 240 240 236 236 236 234 232 230 228 226 225 224 225 226 226 226 223 221 188 202 185 172 159 153 153 149 145 141 140 167 216 240 239 239 238 238 238 237 237 237 236 232 231 232 232 222 214 215 213 203 200 207 201 186 195 183 192 209 211 212 212 213 213 213 212 211 212 211 212
241 240 238 237 236 236 236 238 238 238 238 240 242 240 240 240 238 239 239 241 242 242 242 243 243 240 239 238 237 235 232 231 231 229 226 225 224 223 225 226 223 213 199 182 174 174 172 165 154 152 152 142 143 153 196 227 240 239 239 238 238 237 237 236 236 236 230 231 231 229 211 207 212 214 208 195 199 191 183 185 195 206 209 210 211 212 212 213 212 212 210 210 210 211
241 240 239 239 238 235 235 236 237 237 237 239 241 238 238 239 238 238 238 241 242 242 241 241 240 237 236 236 236 235 233 232 231 230 227 227 226 221 206 217 201 205 198 172 163 173 176 165 152 152 153 145 161 191 226 239 239 239 238 238 238 237 237 236 235 235 228 228 229 224 212 203 209 210 208 201 192 191 193 192 196 203 208 209 211 211 212 212 211 211 209 210 210 210
240 240 240 239 237 237 236 234 234 234 237 240 240 237 237 238 237 236 239 240 240 241 240 239 236 235 233 236 236 235 234 233 231 231 229 217 224 218 219 218 211 205 192 177 171 175 174 160 154 155 161 149 191 202 238 240 239 239 238 238 237 237 236 236 235 233 228 227 226 215 207 206 208 210 207 198 194 191 191 198 199 206 208 209 210 210 211 211 211 210 210 210 210 210
238 239 240 240 239 237 236 236 234 232 233 236 238 238 236 236 236 236 237 237 240 238 240 238 234 232 233 234 235 234 233 232 233 234 230 203 203 208 215 206 204 194 192 178 176 178 174 162 158 152 165 174 187 226 240 240 239 239 238 237 237 237 236 235 234 231 228 225 224 211 204 201 205 205 208 203 190 193 196 205 208 209 209 209 210 209 210 211 210 210 211 211 211 211
237 238 238 240 240 238 237 237 236 234 233 234 233 236 235 234 234 235 236 237 240 236 238 236 234 231 232 230 225 225 229 231 232 232 231 214 210 199 206 197 197 190 182 176 178 178 175 160 164 153 154 196 225 241 241 241 239 239 238 238 237 237 236 234 232 228 225 223 220 209 200 197 200 199 203 198 200 201 204 207 208 209 209 210 209 209 209 209 210 210 210 211 211 211
237 238 238 238 239 240 238 237 236 235 234 232 232 232 232 232 232 232 234 237 237 239 236 234 234 232 231 228 221 228 229 230 230 227 225 221 215 202 191 188 188 181 176 176 177 177 179 162 168 176 175 209 239 242 241 241 240 240 238 238 236 235 235 233 229 226 225 221 211 200 199 197 196 196 196 199 200 201 205 207 208 209 209 210 209 206 208 209 209 209 209 211 211 210
238 238 237 237 237 238 239 238 237 236 235 233 231 230 229 228 230 231 233 236 235 233 234 233 233 228 228 228 228 228 229 228 227 221 214 212 211 208 194 185 186 181 180 178 173 171 178 185 186 188 188 191 240 242 241 241 240 239 238 237 235 235 233 229 227 223 222 214 203 201 197 196 195 197 198 199 202 202 206 208 208 209 209 209 208 209 207 206 204 205 206 209 209 208
237 237 236 236 237 236 238 238 236 234 234 233 232 230 228 229 229 232 234 234 227 231 231 232 227 229 229 227 229 228 228 227 225 217 215 213 215 196 186 176 183 180 182 175 173 168 166 189 194 189 191 207 243 242 242 241 240 239 238 235 235 233 232 230 225 223 221 206 199 199 194 196 197 199 200 201 202 205 207 208 209 209 209 209 208 207 208 207 207 205 202 209 208 207
236 236 235 232 233 234 235 234 234 231 223 225 225 226 226 230 233 234 230 231 231 234 235 236 235 233 232 230 228 228 228 227 215 216 220 215 202 193 183 179 180 181 184 177 174 171 176 197 194 181 195 222 243 242 242 241 240 239 237 232 233 230 229 228 224 220 215 200 198 194 193 195 198 200 200 201 203 205 207 208 208 207 208 207 207 207 207 206 204 206 204 208 207 207
234 233 233 231 232 230 229 230 225 224 223 221 222 224 219 220 233 233 225 226 226 229 230 229 230 228 230 235 232 229 227 221 214 216 212 208 208 207 179 169 182 184 185 179 175 176 194 198 193 179 204 238 242 243 242 240 239 237 235 230 231 228 223 223 224 218 211 198 195 192 194 192 197 200 198 201 201 205 206 203 201 201 202 205 205 206 206 206 204 206 207 208 208 207
234 232 232 228 228 231 229 233 236 234 238 238 239 240 227 228 238 233 229 226 222 225 231 235 235 222 218 219 218 212 214 209 212 222 226 224 205 186 187 167 177 183 185 184 183 193 199 197 189 181 221 241 242 242 242 241 238 236 232 229 228 223 219 216 215 208 200 191 190 193 196 195 196 192 189 195 191 199 206 203 198 198 195 197 201 204 205 205 203 203 206 207 207 206
233 231 234 230 226 230 234 239 236 239 239 238 241 236 224 227 235 235 232 213 215 219 223 229 235 228 226 220 209 204 212 222 233 229 223 213 207 194 182 173 182 184 183 185 188 196 201 201 189 182 225 241 240 241 241 240 237 234 229 227 226 218 214 210 209 201 195 187 188 195 198 198 199 199 193 201 202 200 195 194 197 203 197 194 199 204 203 201 201 203 206 206 205 203
234 227 239 237 232 227 227 233 234 238 231 234 239 241 231 227 238 230 218 226 228 226 231 233 229 229 229 222 222 220 222 231 229 219 211 207 203 197 188 179 178 181 178 185 198 198 206 196 189 180 230 238 238 239 241 239 236 231 225 223 224 217 211 206 202 198 194 192 189 191 198 194 195 198 196 198 199 197 202 204 205 205 194 197 196 200 197 198 203 205 204 205 201 197
240 234 238 236 236 234 240 241 241 241 239 237 236 239 239 233 234 229 225 229 236 226 235 237 236 234 233 230 233 230 225 219 208 200 201 198 194 195 196 190 181 175 178 194 201 205 200 187 183 196 232 234 234 237 240 238 235 229 221 219 223 209 203 200 194 199 195 194 193 197 201 199 196 195 198 201 201 199 194 198 198 205 197 200 197 196 197 201 200 203 200 198 197 197
243 241 244 237 239 239 241 245 245 245 245 245 243 243 240 242 239 232 237 224 217 220 222 233 228 226 230 230 226 218 209 208 209 214 223 228 222 221 223 199 180 183 206 199 195 191 189 188 189 214 230 227 223 235 238 236 233 227 213 206 217 206 200 195 192 185 199 201 197 201 201 201 201 200 200 203 204 203 200 200 205 208 197 204 203 199 198 204 197 196 200 197 198 202
243 244 245 246 246 246 246 245 243 242 245 245 242 233 238 241 240 234 228 230 235 237 239 237 230 219 212 214 221 210 219 217 211 213 220 226 228 212 192 178 195 203 200 185 186 186 185 183 195 217 226 212 208 238 236 234 231 226 215 201 208 199 194 188 177 175 179 187 193 194 195 196 200 201 201 202 197 197 205 205 208 205 196 202 204 197 201 202 197 196 202 198 201 203
245 245 245 246 246 245 244 245 243 242 242 243 241 241 239 235 238 238 226 225 231 231 236 229 230 235 233 232 233 232 231 230 228 225 222 227 226 228 218 210 205 199 204 192 188 183 189 193 202 220 220 195 190 237 235 232 228 224 214 192 188 191 185 182 167 162 169 178 188 184 189 192 192 200 203 202 198 195 201 206 207 208 200 203 202 200 202 207 201 205 202 195 198 204
244 237 242 245 245 244 243 244 244 241 239 238 243 241 239 238 238 236 236 232 230 235 234 227 226 226 238 234 230 229 230 234 229 217 213 219 202 228 203 205 204 187 190 204 193 185 186 192 199 215 215 197 194 236 234 231 228 222 213 196 173 172 167 167 171 160 166 178 170 172 184 193 191 200 202 205 201 203 201 206 209 209 209 208 203 207 205 198 206 208 207 202 200 202
242 242 241 245 244 242 243 242 243 241 239 238 238 237 236 234 236 235 234 232 230 235 236 221 212 220 225 232 232 227 228 228 223 215 204 199 216 225 217 200 179 187 178 186 201 195 187 195 192 210 207 194 213 234 233 230 225 220 209 187 173 159 159 155 152 162 160 165 175 168 171 188 193 199 201 204 207 208 208 208 210 210 210 210 210 205 199 198 194 201 203 209 205 201
244 242 239 244 245 245 243 243 241 241 239 238 237 238 236 236 233 233 232 237 234 231 235 229 224 225 231 231 232 229 226 228 225 220 208 220 225 219 204 198 176 177 168 169 188 199 198 200 197 205 199 190 217 232 231 228 220 213 201 190 171 160 163 153 157 161 166 161 160 171 170 178 184 197 200 201 203 206 205 206 206 209 209 208 207 201 203 200 195 200 195 199 209 204
246 244 243 242 245 245 245 244 242 241 239 238 240 239 236 236 238 237 233 235 235 234 223 224 228 220 226 224 224 207 215 221 226 223 208 208 214 193 197 183 184 175 171 170 189 194 195 198 197 196 191 182 218 228 228 223 214 201 191 186 178 172 164 162 170 166 160 166 162 164 175 174 182 186 197 199 204 206 203 205 206 208 210 209 206 193 201 203 196 196 200 197 203 209
244 246 245 244 245 245 245 245 244 242 241 241 240 236 239 239 241 241 231 229 233 234 233 225 214 225 225 217 221 222 204 220 221 218 208 192 201 209 213 188 195 178 171 171 186 192 191 186 186 184 179 197 222 225 226 221 211 192 187 184 179 178 166 158 165 160 154 165 164 159 172 171 174 185 193 201 204 206 203 207 207 207 209 209 203 187 195 205 203 202 204 203 197 206
242 243 241 244 241 241 244 245 244 243 242 240 238 236 237 236 241 242 237 228 233 234 234 231 229 231 226 197 205 216 219 222 215 205 198 193 176 190 202 203 192 178 176 170 175 190 191 185 175 168 174 209 217 221 221 219 209 194 189 179 180 181 176 158 156 165 160 163 167 166 166 168 171 185 198 200 205 209 207 207 209 203 203 198 197 197 194 206 203 202 201 198 201 195
235 242 237 243 242 240 241 244 244 244 243 242 242 242 238 239 242 242 241 230 231 233 234 228 223 225 220 203 203 207 209 208 204 203 202 196 186 174 203 198 200 200 183 173 176 186 186 180 169 171 194 205 212 216 216 209 199 194 184 180 178 176 175 165 149 157 166 162 169 169 168 169 174 190 198 202 207 208 205 209 207 200 207 203 210 207 198 208 202 194 196 195 201 196
234 234 237 240 242 241 239 242 243 243 243 243 240 241 242 242 242 242 241 239 231 234 234 234 231 225 226 223 214 212 213 206 204 198 195 195 188 182 205 195 188 194 189 190 185 176 180 173 165 179 188 200 207 209 206 199 179 177 174 171 170 169 171 172 156 152 163 165 164 170 168 177 183 197 202 208 209 207 207 210 209 207 210 212 212 210 202 207 200 196 197 197 202 199
234 232 236 240 238 241 238 240 243 241 242 242 241 239 241 241 241 241 241 234 233 234 231 231 228 230 224 214 218 217 215 206 199 196 188 190 182 183 189 198 189 185 176 188 181 171 174 167 165 161 172 192 199 201 190 182 161 155 155 150 147 145 166 172 163 153 164 162 161 173 168 167 189 202 207 208 208 207 210 211 209 212 213 214 213 211 205 203 205 202 198 199 202 196
233 231 234 239 237 237 241 241 242 240 238 241 241 239 239 241 239 241 241 239 226 229 236 236 234 224 218 215 212 225 228 217 198 191 194 198 185 180 179 189 191 172 175 169 177 165 166 168 159 135 149 177 187 192 173 158 147 144 134 129 125 118 165 174 163 162 164 164 167 172 167 172 191 203 206 210 209 209 213 209 211 212 214 213 213 213 212 206 204 206 208 202 205 200
230 226 230 234 231 235 239 242 240 240 237 240 240 240 238 238 240 239 240 236 231 227 234 235 232 227 218 208 205 215 229 226 213 200 202 198 187 177 168 180 181 172 175 168 156 155 168 170 164 143 149 168 180 176 141 132 128 138 151 157 162 166 172 177 172 166 160 165 170 170 167 177 191 203 210 211 209 213 212 213 214 215 213 209 214 213 213 212 211 207 208 207 205 202
231 229 228 225 229 234 238 239 241 239 234 238 235 238 238 238 239 239 240 238 235 232 228 237 230 217 223 216 200 210 226 218 209 210 212 202 197 185 172 169 165 170 173 167 153 158 181 178 172 162 154 157 173 170 128 95 103 135 160 172 176 178 181 178 173 165 166 159 163 172 173 172 178 201 210 209 210 215 213 212 214 215 213 208 214 212 212 210 206 208 205 205 204 204
232 237 231 229 228 231 233 238 239 238 231 234 235 231 237 239 239 236 239 238 234 236 232 237 235 229 220 229 200 191 212 218 205 208 210 182 189 183 171 163 164 163 171 166 156 163 185 185 180 170 140 137 169 164 137 88 84 133 165 181 186 182 182 178 171 169 168 162 160 171 171 173 182 199 210 207 212 214 214 212 207 214 215 204 211 213 214 210 202 210 206 203 204 201
237 236 238 239 235 230 228 232 236 239 237 233 235 228 231 238 235 238 238 238 236 234 236 233 230 230 226 217 222 208 210 210 209 192 201 185 182 180 177 167 162 159 157 158 157 181 195 193 189 184 169 165 174 163 144 129 122 149 162 184 192 184 179 174 166 169 166 167 166 173 169 176 184 193 201 209 212 215 213 212 215 215 214 205 197 198 212 212 210 202 204 208 204 200
241 240 239 239 235 226 227 230 232 237 238 233 230 228 230 233 236 238 239 237 236 238 236 230 231 218 226 227 226 218 210 205 205 200 182 181 179 178 177 165 152 145 146 151 158 187 199 199 197 195 188 182 177 164 152 145 147 155 155 170 195 186 184 170 161 170 172 169 164 168 169 174 185 183 196 207 211 214 210 210 215 212 213 211 198 207 214 213 212 208 204 206 207 203
242 238 235 234 235 226 220 223 228 232 230 225 224 227 226 223 223 231 236 235 229 231 237 236 216 223 218 219 223 220 201 197 193 205 195 186 187 188 187 171 155 141 145 138 165 191 196 198 201 199 197 194 187 168 149 140 148 153 155 171 195 184 180 180 190 183 180 181 180 171 179 173 178 188 196 198 206 208 205 212 213 212 209 213 206 212 214 213 213 210 210 198 206 207
240 235 233 234 227 222 220 219 223 226 223 225 223 224 223 216 214 221 226 228 224 222 226 236 235 223 218 211 207 224 220 207 195 202 203 202 199 198 195 185 164 142 139 136 176 193 194 200 202 203 203 197 191 174 139 132 140 153 166 178 200 185 170 184 192 186 177 178 183 180 186 184 177 184 185 192 195 206 210 214 215 208 206 214 210 211 214 214 212 209 211 202 200 207
236 225 221 226 226 219 218 216 217 220 216 219 219 222 219 216 215 211 213 219 218 218 221 221 227 219 212 206 203 215 223 213 211 200 196 202 201 196 184 159 150 138 135 143 178 189 195 201 203 205 205 202 187 176 155 137 143 156 161 179 201 195 186 195 182 188 181 182 179 185 197 191 187 182 193 193 197 201 209 207 209 211 205 211 208 207 210 213 212 205 210 203 198 207
237 233 223 218 219 217 217 213 212 215 212 214 215 216 217 218 215 210 210 213 216 215 214 223 221 210 209 205 199 218 227 220 219 201 187 191 194 195 186 166 154 147 142 146 176 190 196 200 203 205 207 204 184 167 154 140 143 157 160 178 197 188 192 201 184 186 190 177 177 184 195 201 201 191 193 196 194 202 205 201 201 205 204 204 209 203 206 213 213 210 205 204 200 207
230 229 223 221 220 219 214 210 208 206 210 213 212 213 216 218 214 211 206 208 211 211 211 217 227 227 217 205 199 200 214 226 217 192 174 182 179 181 186 174 147 142 143 149 173 190 195 198 202 205 207 205 186 168 153 144 147 167 173 187 200 194 177 206 197 190 199 183 187 185 196 205 203 200 194 204 200 203 204 204 201 204 198 202 212 208 209 214 213 212 201 203 204 208
240 235 228 222 218 213 213 211 208 207 210 212 211 213 212 217 216 210 206 203 204 208 210 221 225 220 227 206 200 200 196 220 198 195 181 177 174 174 176 159 150 153 134 150 173 191 194 196 200 204 206 206 192 172 159 143 148 166 168 185 200 199 182 203 207 205 205 203 190 193 202 204 202 199 202 199 204 205 206 207 205 202 199 208 213 211 207 214 214 211 202 205 207 207
232 240 221 219 214 210 205 210 207 206 206 209 209 211 212 216 217 208 207 206 209 208 211 222 220 209 219 212 200 202 198 218 212 203 188 174 172 170 161 146 141 147 136 152 183 189 191 193 197 202 205 205 192 186 172 144 147 157 172 187 196 199 188 203 201 199 198 207 204 195 209 209 200 202 197 201 201 205 205 205 203 203 201 211 210 209 212 214 214 213 209 211 209 207
225 240 233 225 217 211 208 206 204 206 208 210 208 208 211 216 217 207 207 207 210 211 213 218 220 209 209 203 202 201 200 219 213 204 187 174 171 173 159 133 142 134 145 174 194 188 189 190 195 201 204 206 205 198 169 151 157 167 177 184 204 197 194 202 200 199 194 199 207 204 210 209 207 207 209 207 198 201 203 204 204 201 202 211 204 207 214 213 214 213 208 211 208 204
