data/bioclim/bclim19.asc
NCOLS 210 
NROWS 174 
XLLCORNER 27.125 
YLLCORNER -2.20833333333333 
CELLSIZE 0.0416666666666667 
NODATA_value -32768 
[rows 126 to 167 of 174, columns 94 to 187 of 210]
100 106 97 96 94 94 93 93 94 97 99 104 110 117 124 132 139 146 154 163 171 182 194 211 225 244 263 281 298 312 321 327 326 322 317 310 303 296 288 281 274 267 261 254 247 241 235 229 222 216 210 203 197 191 184 177 171 165 159 153 147 142 137 132 128 124 120 118 116 115 115 117 121 125 132 141 152 166 180 184 192 200 207 214 217 220 220 220 220 220 219 220 221 224
105 105 94 94 92 91 92 91 93 95 99 103 108 116 123 131 138 146 155 165 175 185 198 214 231 249 268 289 308 322 334 339 338 331 323 315 306 298 291 283 276 268 262 254 247 241 234 227 221 214 207 201 195 189 182 176 169 163 156 150 145 140 135 130 126 123 120 117 116 115 116 117 120 125 131 139 148 165 180 194 192 197 205 211 215 219 220 222 222 222 221 222 222 226
103 103 107 91 89 89 90 90 91 93 97 102 108 114 121 129 137 146 155 165 175 188 201 218 234 254 273 294 309 326 341 347 343 334 326 318 309 301 292 284 276 268 261 254 246 239 233 226 219 212 206 200 193 186 179 173 166 160 153 149 143 137 133 129 124 120 119 117 114 114 116 117 120 124 130 138 145 163 182 187 186 195 203 209 215 219 222 224 224 225 225 226 229 232
103 104 106 107 87 87 88 88 90 92 95 100 106 113 120 129 137 146 157 168 179 191 205 220 237 256 275 293 311 324 337 342 342 333 325 318 309 301 292 284 276 268 260 254 246 239 232 224 217 211 204 197 190 183 177 170 165 158 152 146 141 136 132 126 124 120 117 116 114 114 114 116 119 124 129 137 146 155 173 176 185 194 214 225 223 222 225 232 232 239 249 270 270 304
102 104 85 108 85 84 85 86 88 90 94 100 105 113 121 129 140 148 158 169 181 194 207 222 238 255 273 289 305 318 328 333 333 330 321 316 307 299 291 283 275 267 259 252 244 237 230 223 216 209 201 194 187 182 175 168 162 155 150 145 139 134 130 126 122 119 116 115 114 114 114 116 119 123 130 141 143 154 165 174 184 196 250 259 233 225 240 255 265 285 293 307 310 331
103 105 108 82 115 82 83 84 86 89 92 98 104 111 121 129 139 149 161 172 183 196 209 223 238 253 270 285 299 310 319 324 324 321 317 310 303 296 289 281 272 264 257 250 243 235 228 220 213 206 198 193 186 179 172 166 159 154 148 142 138 132 128 124 121 118 115 113 112 112 115 127 118 122 129 137 145 153 164 175 184 194 210 223 228 239 256 268 282 282 297 316 334 347
103 106 109 113 117 80 82 83 86 88 92 96 102 110 121 131 141 152 162 173 185 196 209 223 237 252 265 279 291 302 309 314 315 313 311 305 298 292 286 278 269 261 255 247 240 232 225 217 211 205 198 190 183 176 170 164 158 152 146 141 135 131 126 122 119 116 114 113 111 111 119 154 127 120 126 150 194 163 164 175 193 195 204 213 224 239 264 286 320 313 324 350 357 366
105 108 111 114 119 125 80 81 83 86 91 95 101 109 120 131 142 153 162 174 185 197 209 221 235 249 261 273 283 293 299 303 306 305 302 298 293 287 280 273 267 260 253 245 238 230 224 216 209 202 195 187 180 175 168 161 155 151 144 139 134 129 125 121 118 115 112 110 110 109 111 111 115 119 124 163 221 163 171 196 195 197 211 238 242 266 275 296 328 359 399 402 421 419
106 109 112 116 121 76 138 79 82 170 185 93 99 108 119 132 143 153 163 173 184 197 208 220 233 244 256 268 277 285 291 295 297 296 294 291 286 282 276 269 262 256 249 242 234 228 221 213 206 199 191 185 179 172 165 159 153 148 142 137 131 127 123 119 116 114 111 108 107 108 108 110 114 130 165 145 188 161 168 213 198 214 223 258 265 303 322 331 364 394 420 438 440 431
107 111 111 116 124 131 140 150 162 83 86 91 98 108 119 131 144 154 163 173 184 195 206 218 230 241 251 261 269 277 283 286 289 288 286 285 281 276 270 264 258 252 246 238 231 225 217 210 203 196 190 183 176 169 164 157 151 146 140 135 131 127 122 118 114 112 109 107 106 105 105 107 110 147 260 233 230 162 164 187 223 241 250 272 281 306 349 364 376 405 422 445 431 425
109 112 111 117 127 134 142 153 164 177 193 91 98 107 118 130 142 153 161 173 184 194 205 216 226 236 247 255 264 270 276 279 280 281 280 278 275 270 265 260 253 247 242 235 227 221 214 207 201 194 187 180 173 168 161 155 149 144 138 133 129 124 120 116 112 110 108 105 104 103 103 104 118 234 244 220 168 154 174 218 237 251 266 278 291 305 344 377 396 417 438 432 415 403
111 112 115 119 128 137 145 155 166 179 193 90 97 106 116 127 139 149 160 171 182 192 203 213 224 234 242 250 257 263 268 271 272 273 273 270 268 264 259 255 249 243 237 231 224 217 210 204 198 191 184 177 172 165 158 153 146 142 136 132 126 122 118 114 111 107 105 103 102 100 101 101 112 162 151 145 143 189 221 217 222 235 249 257 273 299 327 366 409 436 433 419 404 388
110 110 114 120 127 136 146 156 167 180 194 88 97 105 115 126 137 148 159 169 180 191 201 210 220 229 237 245 252 258 261 264 267 267 265 264 262 259 255 250 245 239 233 227 220 214 207 202 195 187 180 175 168 162 157 150 145 139 134 129 125 120 116 113 109 107 104 102 100 99 99 98 100 129 133 142 205 195 190 196 204 214 227 247 271 297 348 372 410 423 420 400 381 368
103 111 114 121 126 135 146 156 168 179 81 212 94 104 114 124 134 146 157 167 179 189 198 208 218 226 233 241 247 251 255 258 259 259 260 259 256 253 249 244 239 234 229 222 216 210 204 198 191 185 179 172 165 160 154 148 142 137 132 127 122 118 114 111 108 105 103 100 98 97 96 96 96 109 132 142 152 165 173 183 190 201 217 234 267 301 348 392 398 402 409 390 363 350
98 110 113 123 128 135 148 156 69 179 195 86 93 101 112 123 133 145 156 166 178 188 197 206 215 222 230 236 241 246 249 252 253 254 254 252 251 247 244 239 235 229 225 218 212 206 200 194 188 182 176 169 164 157 150 146 140 135 131 125 121 117 114 109 106 102 100 99 97 95 94 93 93 96 109 121 137 152 164 170 182 206 219 238 254 285 330 356 368 382 376 360 340 330
104 110 120 124 132 138 148 157 68 180 79 215 93 101 111 122 133 144 155 166 177 186 195 204 213 219 227 232 237 241 244 247 248 248 248 246 244 242 239 235 230 225 219 214 209 202 197 192 185 179 172 166 161 154 149 143 138 132 128 123 118 115 111 107 104 102 99 98 96 94 93 92 92 92 96 107 129 144 157 165 177 199 236 236 263 269 290 346 360 357 347 335 320 310
114 117 123 126 132 140 150 161 172 72 79 85 93 101 110 122 133 144 155 166 176 185 194 202 210 216 222 228 232 236 240 241 242 243 243 241 239 236 234 229 225 221 215 210 205 198 194 188 181 175 170 164 157 153 146 142 135 131 126 120 117 113 109 107 103 100 98 97 95 94 93 93 93 95 99 108 119 132 151 163 176 198 230 236 248 273 296 325 335 334 327 313 303 293
119 122 125 130 137 145 154 64 178 192 80 85 93 102 112 123 134 146 155 165 176 185 193 201 208 214 219 225 228 231 234 236 237 237 237 235 233 232 228 224 220 216 211 207 201 196 190 184 178 173 166 161 155 149 144 138 134 128 124 120 116 111 107 105 102 100 97 96 95 95 94 94 97 99 104 113 123 134 149 167 181 195 218 233 240 260 291 312 315 312 304 295 285 276
121 124 127 134 141 148 160 64 68 74 81 88 96 105 114 124 136 146 157 167 176 184 192 199 206 212 216 221 224 227 229 231 231 232 232 230 229 227 224 220 216 212 208 203 197 192 186 182 175 169 163 158 153 147 142 135 131 127 121 117 113 109 106 102 101 98 96 96 96 95 96 96 99 103 111 122 130 140 151 170 198 207 213 223 232 244 260 282 296 293 284 278 268 262
124 128 132 139 146 154 60 177 70 76 82 89 98 107 116 127 138 148 156 168 177 186 192 199 205 209 215 217 221 223 226 226 227 226 226 224 223 221 219 215 212 208 204 199 194 188 184 178 172 167 161 155 150 144 138 134 128 124 120 114 110 106 105 102 98 98 96 94 94 96 97 98 102 107 117 132 141 149 157 166 179 195 219 229 226 233 250 271 279 276 267 261 255 247
125 130 134 143 148 57 61 182 70 77 84 92 100 110 120 130 141 150 161 171 179 187 193 198 204 208 212 214 218 220 221 222 223 223 221 221 219 217 213 211 207 204 200 196 190 185 180 174 170 163 158 153 147 142 136 131 126 121 117 113 109 105 102 99 98 95 94 94 94 95 97 100 104 114 124 137 145 152 165 173 178 190 204 226 225 226 241 256 268 261 250 245 241 233
129 134 140 147 153 57 62 67 71 78 85 92 102 113 122 133 144 155 164 172 180 187 194 198 202 206 209 211 214 215 217 217 217 218 218 216 214 211 209 207 203 199 196 191 187 181 177 172 166 160 156 150 144 139 133 129 124 119 114 110 106 103 99 98 95 94 94 94 94 94 97 100 106 118 128 140 149 157 164 176 182 187 191 197 205 210 218 237 251 246 235 233 229 221
130 137 144 149 54 58 62 67 72 79 85 95 105 114 124 137 149 158 168 175 183 188 193 198 202 204 206 208 210 212 212 213 213 212 212 210 210 208 205 202 200 195 191 188 183 179 173 168 164 158 152 147 141 136 132 126 121 116 112 107 103 100 97 95 92 92 91 91 91 94 96 102 112 122 130 142 154 162 170 171 178 189 193 194 194 195 203 216 230 224 220 220 217 212
134 140 146 154 55 58 62 67 73 79 88 96 106 117 126 140 152 161 171 178 202 189 193 196 199 202 204 204 207 208 208 208 209 209 207 207 205 203 200 198 195 192 187 184 180 175 170 166 160 155 150 145 138 133 129 123 118 113 108 105 101 97 95 92 90 89 89 89 91 93 97 104 115 133 139 149 153 165 172 183 185 194 204 197 200 196 193 203 208 214 216 213 209 204
135 140 147 156 55 57 61 67 72 80 88 97 107 119 129 141 155 165 173 181 186 190 192 195 198 199 201 201 203 203 204 204 203 204 204 202 200 197 197 194 190 188 184 181 176 172 167 162 158 153 147 141 137 131 126 120 115 111 106 102 98 95 92 89 89 86 86 87 91 95 97 109 121 132 134 142 148 165 173 182 190 201 209 202 205 202 203 198 199 203 206 209 204 198
131 142 149 157 166 57 62 67 72 80 87 97 107 119 129 144 156 165 199 205 187 189 192 193 195 196 197 198 199 198 199 200 199 198 198 196 196 194 192 190 187 185 180 177 173 170 166 160 155 150 145 139 134 128 123 118 113 108 104 99 95 92 89 86 85 83 83 85 88 90 98 106 117 124 125 130 135 148 159 170 179 194 204 206 209 207 205 205 202 197 199 201 198 191
130 135 150 52 54 57 61 66 72 79 86 96 106 120 133 189 194 165 206 182 208 187 189 190 191 192 192 193 194 195 195 194 195 194 193 193 191 189 188 185 183 181 177 174 171 167 162 158 152 147 142 137 132 126 120 115 110 105 101 96 92 89 85 83 82 80 79 82 83 85 93 108 109 110 115 122 132 143 154 165 175 183 192 198 206 210 205 209 202 200 195 196 192 182
131 131 146 157 54 57 60 65 71 77 85 94 104 117 174 189 197 193 204 205 207 184 184 186 186 187 187 188 189 189 190 190 189 189 187 188 186 185 183 182 180 177 175 170 168 164 160 155 151 145 140 135 129 123 118 113 107 103 98 94 89 86 82 79 79 76 77 81 89 83 86 90 96 111 115 123 135 145 153 167 182 191 194 192 197 203 204 204 201 197 193 187 175 164
132 133 140 51 53 56 59 63 68 75 82 91 102 112 167 185 194 198 202 203 177 178 180 180 181 181 182 183 183 184 184 184 184 184 183 182 182 180 179 177 176 174 171 168 165 161 157 153 148 144 138 133 126 121 115 110 105 100 96 91 87 83 79 76 73 73 73 75 80 81 83 88 93 100 105 115 130 141 160 179 182 173 165 179 184 193 197 196 195 190 177 166 163 158
128 130 134 157 52 56 58 61 67 73 79 85 96 104 118 179 186 189 198 199 170 173 173 174 175 175 176 177 178 178 178 179 179 178 178 177 177 176 175 174 171 170 168 165 163 158 155 150 146 141 135 130 124 119 113 108 102 98 93 88 84 81 77 73 70 69 69 69 74 78 91 91 99 102 105 113 122 127 134 138 137 141 149 156 164 172 179 184 180 167 160 158 154 152
128 130 132 155 50 53 56 59 64 70 74 83 92 97 107 172 175 186 191 194 162 163 166 166 168 169 170 170 171 171 173 173 173 173 173 173 171 171 170 169 168 167 165 162 159 156 152 148 143 139 134 127 122 116 110 105 100 95 89 86 81 78 74 71 68 66 63 66 70 75 89 98 104 106 103 108 110 114 119 126 130 135 141 148 156 168 167 161 156 156 152 149 146 145
123 129 129 49 49 51 55 58 62 67 71 80 85 92 106 118 126 136 184 187 151 155 157 158 161 161 162 164 165 165 166 166 168 168 167 167 168 167 167 165 164 163 161 159 157 154 151 147 141 137 132 125 120 114 108 103 97 93 87 83 79 76 72 69 69 69 63 62 66 71 80 81 85 90 95 101 106 112 117 123 129 134 137 139 139 149 152 150 150 149 146 143 141 138
120 126 127 152 48 50 52 56 59 65 70 76 78 88 97 109 115 126 133 179 182 145 148 151 153 154 156 156 158 160 160 160 161 162 162 162 162 161 161 161 161 160 158 156 154 151 148 145 140 135 130 123 118 111 105 101 95 90 85 81 77 73 70 68 75 77 68 66 69 70 79 86 85 89 93 98 103 109 114 120 127 138 145 142 138 144 145 143 143 143 140 138 135 133
119 125 126 45 47 49 49 53 57 62 66 71 75 76 86 101 107 117 122 129 132 137 140 142 144 146 148 149 151 152 153 155 155 155 157 156 156 157 156 157 156 156 155 153 152 150 146 143 139 134 128 121 115 109 103 98 92 88 82 79 75 72 69 66 68 69 72 73 74 73 80 87 84 86 90 96 101 107 113 121 134 146 141 136 136 136 139 142 143 141 137 135 133 130
123 119 121 44 46 46 49 50 54 59 63 65 69 73 80 94 99 107 113 118 122 127 130 133 136 138 141 142 144 146 146 148 149 150 151 150 151 152 151 152 152 152 151 151 149 148 144 142 137 132 126 119 113 107 100 96 90 85 81 76 73 70 67 64 64 64 68 75 83 80 85 82 84 86 90 104 101 106 117 124 137 142 137 134 143 138 138 142 141 138 133 132 131 126
119 113 121 43 43 45 45 47 52 55 57 61 60 67 79 86 93 99 104 109 114 118 122 125 128 131 133 135 137 139 140 141 142 144 145 145 145 146 147 147 147 147 148 147 147 146 142 141 136 130 123 117 110 104 97 92 87 82 78 74 71 68 67 65 63 63 68 72 78 86 91 92 88 91 94 102 103 106 114 124 134 139 130 131 142 135 135 137 138 134 131 131 128 122
114 111 114 139 41 42 44 47 50 51 51 55 54 60 70 78 85 91 97 102 105 110 114 118 121 124 126 127 130 132 134 135 136 137 138 139 139 141 142 141 143 143 143 144 143 144 142 139 134 128 121 114 107 100 94 89 84 79 76 73 70 67 66 65 64 65 66 70 79 92 95 98 98 98 95 98 104 109 118 120 123 126 124 128 135 132 131 132 132 132 128 126 124 120
114 105 109 38 39 39 40 44 45 47 47 50 51 55 68 71 79 84 88 94 98 102 105 110 113 116 119 121 123 125 128 129 130 131 132 133 135 135 136 137 137 138 139 139 140 140 139 137 133 127 119 111 103 97 89 86 80 77 74 70 68 65 63 63 64 66 66 70 78 85 89 88 95 92 93 101 103 103 108 113 116 118 120 122 125 127 129 128 128 127 124 122 120 115
111 104 107 37 38 38 37 41 42 43 44 45 47 53 61 65 73 76 81 87 90 94 98 102 106 109 112 115 116 119 121 122 124 126 126 127 129 129 130 131 131 132 134 134 135 136 136 136 133 123 116 108 100 93 86 81 78 74 71 68 66 68 66 62 61 61 65 69 71 75 79 82 87 92 95 97 96 99 105 111 116 116 115 119 122 123 125 124 123 122 120 118 113 111
110 103 108 35 35 34 35 37 39 39 40 43 43 53 55 59 66 71 74 80 84 87 92 96 99 103 106 108 111 112 115 116 118 120 120 121 123 123 124 125 126 126 127 128 129 129 130 131 129 120 111 105 96 89 82 84 81 72 68 66 65 66 68 67 63 61 66 69 77 75 78 81 83 88 92 92 92 96 102 105 112 110 113 115 115 119 120 119 119 117 114 112 110 107
105 102 109 34 32 31 34 34 36 37 37 41 45 48 50 55 60 64 70 73 77 80 85 89 93 96 99 101 104 107 109 110 112 114 114 116 117 116 118 119 120 120 120 121 122 123 121 122 118 112 106 100 93 86 79 81 74 67 65 64 62 62 60 62 63 62 62 62 66 71 74 77 82 86 87 87 88 90 95 100 105 107 109 111 111 113 115 113 114 113 110 108 106 103
102 103 113 31 30 29 32 32 33 34 34 36 39 44 46 52 56 59 63 67 71 76 79 83 86 90 94 97 98 101 103 104 106 107 109 109 110 111 112 112 113 114 114 114 116 115 113 112 110 106 101 96 90 83 82 72 66 64 62 60 60 60 58 58 58 61 62 62 62 65 69 74 78 83 84 80 84 86 88 93 100 106 106 104 106 109 109 109 108 107 105 103 102 100
