data/bioclim/bclim19.asc
NCOLS 210 
NROWS 174 
XLLCORNER 27.125 
YLLCORNER -2.20833333333333 
CELLSIZE 0.0416666666666667 
NODATA_value -32768 
[rows 0 to 41 of 174, columns 94 to 187 of 210]
446 439 436 430 424 421 418 415 411 407 403 399 396 395 393 389 390 390 389 388 388 389 388 389 388 387 387 387 385 385 383 382 381 380 377 375 372 370 367 365 362 359 356 351 348 344 340 335 332 327 323 317 312 308 304 299 293 288 281 276 272 267 262 255 249 244 237 231 228 222 219 214 208 204 198 193 187 183 180 175 172 169 164 161 158 155 151 150 148 145 143 140 137 135
446 441 438 431 425 422 419 414 411 405 400 397 394 392 390 388 384 389 390 390 390 389 389 390 389 389 389 387 387 386 384 383 381 380 378 375 374 371 369 366 363 359 356 353 347 344 339 335 330 326 321 315 310 306 301 296 292 287 281 274 269 264 259 252 246 241 234 228 224 220 217 211 204 198 193 189 183 179 174 169 166 163 159 155 152 149 147 147 140 137 136 133 130 129
453 443 439 431 427 425 419 414 409 404 400 396 393 390 389 384 389 390 392 391 391 391 389 390 391 391 390 390 388 387 386 384 382 380 379 377 374 373 378 370 364 361 356 353 349 344 339 335 330 325 320 315 309 304 299 294 290 284 278 271 267 261 257 249 242 238 230 226 221 218 218 209 200 194 189 183 179 173 168 165 161 158 154 150 147 144 140 137 134 132 129 128 125 123
460 447 441 434 431 426 417 411 409 403 399 395 392 388 384 384 389 390 390 392 393 392 391 392 392 392 392 391 390 390 387 385 383 382 380 377 375 379 428 388 368 362 358 354 350 345 341 335 331 325 319 313 307 303 297 292 288 282 277 271 265 257 254 246 239 234 228 224 221 219 216 206 196 189 183 178 173 168 164 159 155 152 148 144 141 138 136 133 130 126 124 124 121 119
459 451 441 437 434 427 422 415 407 412 403 399 399 391 384 390 390 392 393 394 393 394 392 392 393 394 393 392 392 391 390 387 384 383 381 380 375 377 421 412 372 364 358 355 350 347 341 337 331 325 319 313 306 302 295 289 285 280 274 268 264 256 249 242 237 232 225 222 219 217 211 202 193 185 179 173 169 164 159 154 151 146 143 139 136 133 130 128 125 122 119 119 116 114
471 452 444 444 435 428 421 415 414 412 408 406 399 386 391 394 399 403 397 398 399 398 396 395 395 395 396 394 394 392 393 390 385 384 383 381 378 379 442 465 384 367 360 357 351 347 342 338 332 325 319 313 306 300 295 289 284 278 272 267 261 255 247 241 233 227 224 217 215 212 202 194 187 179 174 168 164 158 154 150 146 140 137 134 132 129 125 122 119 117 115 114 111 109
478 452 450 454 438 430 423 418 417 415 409 402 396 392 396 399 398 404 402 402 406 403 401 399 398 398 398 396 397 395 393 391 388 386 384 384 379 379 422 473 439 377 363 357 353 348 343 339 333 327 320 314 307 302 294 287 281 276 271 264 259 251 245 238 231 224 218 213 209 204 197 189 181 175 168 164 158 153 150 144 140 137 132 129 126 124 123 117 114 113 111 109 106 104
478 457 460 452 438 430 423 423 420 417 413 407 401 395 399 401 403 405 406 407 411 409 407 404 402 403 401 399 399 397 396 392 392 390 387 385 382 378 392 443 430 408 366 360 354 349 345 339 335 327 320 313 310 329 300 288 280 274 268 262 257 250 244 237 228 220 214 208 204 198 190 183 175 169 165 159 154 149 144 139 136 132 129 125 121 119 117 114 111 110 107 103 102 100
475 473 467 452 440 429 427 430 427 413 408 407 400 397 399 403 407 410 411 413 420 416 411 412 415 406 405 403 401 400 398 396 394 392 389 388 386 380 380 386 391 397 374 365 358 352 346 342 336 329 320 314 307 320 325 288 280 274 267 261 255 249 241 235 227 218 212 206 200 194 187 179 172 166 161 154 149 144 140 136 131 128 124 121 119 115 111 110 107 105 102 100 97 96
483 475 470 454 442 434 431 435 432 422 412 405 402 404 402 404 405 408 411 416 437 428 417 429 430 410 409 406 405 404 402 400 398 395 392 390 388 383 380 380 388 435 439 392 374 355 348 343 337 331 323 316 309 308 320 289 281 275 267 261 254 247 240 234 224 216 210 204 197 191 183 176 168 162 156 150 146 140 135 131 128 123 120 117 114 111 107 106 102 99 96 97 95 92
482 470 465 455 444 441 435 432 428 422 413 407 408 409 406 405 410 413 413 419 448 433 429 423 419 415 413 411 409 408 405 406 401 398 396 396 391 386 381 379 379 413 417 447 416 362 353 345 340 333 326 317 309 303 310 292 281 275 272 279 257 248 239 232 222 215 209 205 196 190 180 172 165 158 153 147 142 136 132 127 123 120 117 113 110 107 105 102 98 95 95 92 91 90
481 475 465 458 449 462 438 435 428 419 413 411 415 414 413 408 413 416 420 422 439 434 440 430 425 424 416 414 415 414 412 410 406 402 398 399 396 393 386 381 378 379 381 401 456 371 359 348 341 335 328 317 311 303 296 291 282 276 272 272 272 252 239 229 225 214 208 209 195 187 176 169 161 154 149 143 137 132 129 125 121 117 113 110 107 104 101 98 94 93 91 90 87 85
483 475 471 462 451 446 441 439 430 425 419 413 419 425 416 410 415 419 424 429 447 471 453 459 443 486 445 418 419 429 420 416 411 407 402 401 403 397 392 387 382 378 377 376 406 379 383 353 342 337 329 321 313 305 297 312 305 278 278 276 269 250 239 229 223 217 210 203 194 183 178 166 158 151 145 139 134 128 125 126 126 114 110 107 105 101 98 96 91 91 85 86 85 82
494 482 473 460 461 452 447 439 434 421 420 415 425 432 421 415 416 420 425 437 439 460 462 469 452 455 490 424 423 470 437 423 418 411 407 405 406 403 399 393 385 380 376 373 371 369 377 362 346 340 331 324 316 308 301 304 312 281 297 287 266 250 239 230 235 228 214 203 191 184 172 162 154 147 140 136 131 127 124 127 168 117 106 104 101 97 95 92 88 88 86 83 81 79
500 491 482 473 467 454 452 440 432 427 418 419 426 429 421 419 420 425 431 444 443 448 461 466 450 440 449 430 433 437 439 431 424 418 414 408 409 411 408 399 390 386 381 377 372 370 365 361 349 341 334 325 317 311 303 298 307 293 317 321 280 259 240 232 299 238 214 200 191 186 169 162 151 144 140 132 129 124 121 135 148 109 104 101 98 95 92 90 87 82 83 81 78 76
502 496 490 485 474 456 452 443 435 430 424 420 428 430 423 424 421 426 433 445 455 459 468 469 454 445 437 441 452 435 444 442 451 430 421 415 413 414 413 405 396 390 387 381 375 370 363 360 358 345 337 328 318 312 307 302 340 382 329 423 379 356 260 243 315 249 213 198 192 190 172 156 152 141 136 129 126 119 115 127 116 107 102 99 96 93 90 87 85 83 81 78 76 73
506 499 495 487 473 464 449 444 438 431 423 422 427 431 426 428 424 425 433 440 453 469 475 465 462 463 450 448 469 454 441 469 461 435 436 425 420 419 419 409 402 396 391 388 379 373 366 361 354 349 340 332 321 313 311 310 296 298 322 457 499 470 330 260 274 233 216 203 195 197 174 160 150 140 133 127 122 118 118 127 114 104 100 96 94 91 88 86 82 81 78 76 73 72
508 499 495 490 482 475 454 443 438 430 428 420 427 431 430 433 431 427 431 437 452 460 463 459 454 463 464 462 473 459 446 477 492 446 473 436 429 432 426 438 412 404 396 395 386 379 370 363 361 372 348 333 323 315 319 347 330 295 315 381 441 483 386 277 293 237 218 219 199 195 165 158 144 137 131 125 119 115 115 126 133 102 99 95 91 89 86 84 82 79 77 74 72 70
505 502 497 491 480 473 458 445 436 434 431 420 424 432 436 434 436 432 432 436 446 446 452 452 453 459 466 475 468 459 466 477 466 462 493 445 440 454 451 449 457 414 404 398 394 385 380 368 372 422 391 346 325 318 314 312 334 313 327 439 489 513 475 389 331 266 234 204 188 184 160 156 142 136 129 128 118 113 113 125 119 97 98 94 91 88 85 82 80 77 75 72 70 68
504 498 492 487 476 464 450 445 440 438 433 423 425 432 440 441 442 442 439 435 437 440 443 448 451 456 461 474 479 478 506 509 482 481 503 462 453 489 459 471 487 442 422 406 399 390 391 385 386 425 398 356 326 318 314 307 301 306 289 372 428 442 494 450 352 242 212 190 177 166 166 149 141 134 133 123 117 113 108 109 109 96 92 93 90 86 84 81 78 76 72 72 69 67
507 500 491 483 480 466 450 444 441 444 439 427 422 431 444 443 444 456 448 441 443 449 450 450 456 462 465 472 479 496 513 513 500 504 516 490 470 513 488 494 513 520 486 420 406 399 390 385 405 503 537 377 331 319 311 302 296 292 281 276 333 340 343 395 333 256 270 232 179 184 192 202 149 141 128 127 117 112 112 107 103 99 96 93 89 86 83 80 77 75 72 70 67 65
508 503 495 494 487 466 453 451 447 449 454 437 422 426 436 438 437 446 452 448 451 457 464 459 457 461 466 470 480 486 497 504 509 516 526 534 525 501 509 513 536 544 513 478 422 406 397 388 392 471 510 366 343 319 310 301 292 282 273 266 264 265 260 252 326 378 457 366 284 185 309 331 175 143 136 128 122 117 112 107 104 99 95 91 88 85 81 79 76 73 71 69 67 64
511 507 499 497 487 468 452 452 449 453 472 468 429 423 430 432 439 443 453 453 459 472 473 467 467 474 477 481 494 500 497 508 515 521 530 545 548 543 522 504 519 528 532 527 471 419 403 395 388 404 479 366 341 321 310 301 291 282 271 260 252 245 244 234 232 336 476 319 275 263 297 274 160 148 138 130 124 118 112 114 125 103 95 91 88 84 81 79 76 73 70 67 65 62
515 509 502 497 486 472 463 462 454 452 486 486 459 424 426 434 438 437 459 447 462 487 487 474 479 481 479 483 496 510 508 512 518 527 535 546 552 559 547 540 525 534 526 564 534 464 416 399 390 385 379 366 340 322 310 299 289 281 269 259 249 240 234 226 218 219 263 247 255 283 239 227 198 156 143 133 127 120 115 122 136 115 114 93 88 85 82 79 76 72 70 67 65 62
513 505 499 495 486 479 475 467 456 456 485 496 491 450 423 429 432 434 441 447 464 494 491 489 489 480 474 475 490 500 514 518 521 527 535 542 553 570 582 555 549 535 526 545 614 564 495 414 390 382 373 360 340 323 312 301 289 279 269 258 249 240 231 222 213 207 204 202 230 242 267 246 176 158 145 137 129 123 117 118 129 150 165 106 89 86 82 79 76 72 70 67 65 62
507 500 494 488 482 483 480 465 451 458 484 497 492 481 469 421 425 436 445 452 466 487 493 495 490 490 486 470 479 488 496 514 517 522 532 535 544 543 537 547 549 560 553 587 627 642 629 480 400 388 373 354 339 326 313 303 292 282 271 260 250 240 231 221 212 205 200 199 231 239 253 280 235 181 153 143 135 128 123 117 117 154 199 115 90 86 83 79 76 73 70 67 64 62
504 501 495 487 483 484 473 461 450 455 484 497 490 494 502 472 422 429 436 447 467 475 479 477 477 488 479 466 473 478 484 497 511 510 519 525 532 541 536 534 537 532 511 522 639 651 635 577 445 387 377 355 340 328 315 304 294 285 274 265 254 244 233 247 215 208 202 230 202 237 249 271 333 218 164 151 143 138 131 121 119 154 165 116 92 89 83 79 76 73 70 67 65 62
503 498 491 488 483 483 462 454 451 452 477 490 484 492 500 498 459 423 433 444 458 464 463 468 469 463 461 462 465 472 480 490 502 501 505 507 512 523 534 529 516 509 491 493 602 636 604 625 465 396 405 362 342 330 319 306 299 289 280 269 258 249 240 231 223 216 210 235 236 239 246 253 269 215 174 165 157 152 141 126 116 112 107 100 94 89 85 81 77 73 70 67 65 62
501 495 487 483 473 464 461 457 460 450 465 469 476 483 494 497 474 440 429 459 448 452 453 463 463 457 454 461 465 469 474 481 489 492 493 502 507 512 515 517 514 500 488 486 602 595 467 464 421 387 383 397 345 334 321 308 300 308 334 299 269 259 249 241 239 237 289 259 247 251 259 293 270 263 242 225 201 181 149 131 122 114 107 102 95 89 85 82 77 74 70 67 65 62
497 487 477 470 463 462 466 459 465 456 458 467 478 489 501 498 494 445 460 432 436 441 446 450 452 450 456 465 471 471 474 477 480 484 491 497 507 513 516 512 503 497 491 547 588 562 432 406 399 386 380 491 352 338 325 313 304 305 356 431 347 276 262 281 258 306 322 366 382 370 396 463 395 318 231 193 176 169 153 134 125 117 110 104 98 92 88 82 78 74 70 67 65 63
487 478 470 466 463 461 465 459 459 455 461 469 477 482 497 492 472 456 462 510 429 432 439 440 442 447 456 462 467 474 478 482 484 488 494 499 507 511 510 508 505 491 513 518 507 512 430 404 395 386 377 370 353 340 328 317 308 303 383 460 403 290 311 265 269 317 344 357 355 361 402 398 388 334 265 225 228 166 150 141 131 120 112 105 99 93 91 85 80 75 72 69 66 65
477 470 469 465 463 457 459 459 457 455 457 464 467 472 490 493 471 480 499 520 468 423 428 432 440 450 452 456 457 464 474 484 485 488 498 500 504 504 498 493 488 479 471 465 450 462 428 406 396 388 378 368 355 344 332 324 313 306 361 476 450 372 294 282 313 325 335 337 335 332 350 412 394 389 337 324 320 236 164 165 145 126 117 108 100 96 93 89 82 78 73 70 67 66
476 468 465 462 456 452 454 450 451 450 452 452 455 458 472 489 495 509 530 527 509 439 431 439 439 441 443 448 456 463 470 478 485 491 497 498 494 490 486 481 478 472 464 456 450 433 422 409 398 399 383 372 360 363 338 329 321 312 308 387 400 388 355 343 326 333 335 337 331 331 354 393 378 368 353 344 336 330 206 244 179 137 122 112 103 99 99 95 85 78 74 70 69 72
471 465 460 453 447 449 448 444 440 440 443 442 444 441 459 479 494 497 518 543 490 457 430 448 454 448 447 445 449 456 464 474 478 483 490 486 486 486 483 479 476 476 463 452 460 429 421 410 401 395 387 383 367 354 345 336 328 321 337 320 355 399 385 360 345 340 341 337 331 328 327 336 346 336 335 341 349 358 328 323 210 161 124 114 107 102 102 95 86 81 75 71 71 86
468 465 452 446 441 440 436 432 432 434 436 436 433 437 453 475 485 463 460 479 445 447 432 433 443 447 446 444 452 455 462 463 469 471 474 481 484 484 481 477 472 486 461 451 439 430 420 412 405 399 394 401 374 361 353 344 338 354 352 343 354 421 446 377 361 349 343 338 335 333 332 335 338 344 348 346 344 342 336 340 277 169 130 120 112 104 100 94 88 82 77 74 71 78
480 469 446 438 431 430 427 426 426 427 429 430 428 433 448 462 470 426 417 423 421 423 424 429 432 441 450 449 449 459 459 463 462 466 473 475 476 477 476 472 474 470 460 449 441 429 421 414 409 403 397 394 381 371 377 353 351 352 360 360 354 400 426 398 368 354 345 339 343 367 352 352 367 360 349 345 349 350 343 340 273 182 136 125 118 108 102 96 90 84 79 75 72 78
473 449 436 533 527 522 424 501 425 476 423 426 427 432 433 419 416 414 415 417 419 423 428 430 434 444 453 449 453 460 471 468 468 468 470 470 474 477 477 474 473 471 460 448 440 434 424 416 412 407 404 400 390 382 372 380 361 378 374 344 368 366 392 410 385 359 347 347 352 367 362 363 368 359 346 343 344 351 338 332 255 179 143 129 121 111 104 98 90 86 80 78 75 80
458 548 540 535 534 528 519 506 487 475 463 455 424 422 418 416 417 423 426 427 426 427 435 433 441 442 458 455 456 465 472 474 476 474 476 477 475 478 481 482 477 473 461 449 440 439 432 421 416 413 410 403 399 394 398 392 368 365 380 379 382 395 387 385 427 380 351 368 372 367 355 353 359 354 339 337 340 349 332 337 212 172 149 136 124 129 117 101 94 88 83 84 79 86
455 549 545 539 533 524 511 496 480 468 457 453 452 442 419 422 428 441 438 442 434 435 440 438 447 452 455 462 454 458 467 478 485 482 482 482 487 483 485 486 480 474 464 454 442 442 435 425 420 418 416 408 403 413 396 403 383 375 367 386 419 451 413 382 401 397 355 375 379 366 348 346 353 343 336 335 342 337 327 326 259 177 154 141 130 138 152 113 99 91 85 89 82 95
555 552 548 538 527 519 511 494 479 465 456 452 448 444 438 431 440 451 448 446 439 441 444 444 458 461 455 467 470 458 465 471 485 489 491 493 489 494 488 484 480 471 466 462 452 443 437 431 429 427 421 412 412 411 417 393 388 399 395 393 464 520 426 397 373 388 358 361 366 356 344 344 349 336 333 335 345 327 317 321 239 177 160 148 135 132 137 112 103 94 89 87 98 104
555 545 543 537 528 516 497 481 472 465 460 456 452 444 445 440 446 453 452 449 444 444 450 451 458 466 460 465 485 468 463 470 478 488 496 502 500 496 489 487 481 473 472 466 460 449 441 439 437 433 437 425 426 435 410 401 400 409 402 405 451 433 418 388 375 367 360 354 352 347 341 340 342 332 325 325 326 311 304 307 265 187 167 152 140 132 127 113 103 95 93 92 99 111
549 539 537 534 521 506 487 474 468 469 462 458 451 447 451 462 446 452 453 452 448 454 462 456 459 470 468 468 482 498 466 463 473 490 493 493 496 497 489 490 487 478 477 472 464 455 450 441 439 434 429 431 428 421 413 424 422 421 413 412 410 402 393 387 378 370 362 354 348 343 340 341 337 330 326 323 316 303 296 294 296 199 169 154 143 133 125 115 108 102 99 104 129 122
