data/bioclim/bclim14.asc
NCOLS 210 
NROWS 174 
XLLCORNER 27.125 
YLLCORNER -2.20833333333333 
CELLSIZE 0.0416666666666667 
NODATA_value -32768 
[rows 110 to 164 of 174, columns 0 to 95 of 210]
88 87 86 86 86 85 86 83 82 81 82 81 80 79 79 78 77 76 76 76 76 74 75 74 75 75 74 73 73 73 74 72 71 71 70 69 68 69 73 70 68 68 67 66 66 65 67 65 66 61 60 61 62 63 66 69 74 57 52 53 50 51 55 68 79 90 103 99 93 83 70 56 53 52 49 46 46 44 43 42 41 40 39 39 38 39 40 40 40 41 41 42 42 43 43 42
88 88 87 87 87 86 86 84 82 82 83 81 80 80 79 79 78 77 76 77 77 75 75 76 75 75 75 74 75 76 73 72 71 70 69 69 68 67 67 71 72 70 67 65 64 65 69 71 70 62 61 62 64 66 72 74 68 52 53 58 50 52 57 69 80 97 103 94 89 73 64 53 52 46 42 41 42 43 41 41 41 39 38 37 38 38 39 39 39 40 40 41 42 42 41 41
88 88 88 88 87 87 86 86 84 83 82 82 81 81 81 79 79 77 77 77 78 76 75 77 75 75 75 76 77 74 72 71 71 70 70 69 69 70 69 68 68 67 66 65 65 65 66 70 73 69 64 65 70 73 74 73 55 51 55 56 50 51 56 69 75 91 102 88 71 58 54 51 48 41 36 35 39 42 41 40 39 39 37 37 37 37 37 38 38 39 39 39 40 40 40 39
89 89 89 89 88 87 87 86 86 84 83 82 82 82 82 80 79 78 78 78 78 77 76 77 77 75 76 76 73 73 73 73 71 71 71 71 71 73 71 70 69 67 67 65 64 65 67 67 72 75 69 70 70 71 73 70 54 50 51 50 49 49 55 71 73 89 99 88 77 63 54 50 41 35 33 32 37 41 40 41 39 38 37 37 37 37 37 38 38 38 38 39 39 39 38 38
90 90 90 90 89 88 87 87 86 84 84 83 83 83 83 81 79 78 79 79 79 79 77 77 76 77 75 73 73 74 73 71 70 71 72 73 71 72 73 71 70 71 66 64 65 66 69 73 76 74 69 74 72 73 73 71 56 51 48 48 47 48 57 69 73 89 91 81 67 61 51 44 36 31 31 31 38 41 39 41 40 38 38 37 37 37 37 37 37 37 38 39 38 37 37 36
91 90 90 90 90 89 88 87 87 86 85 84 84 84 83 82 80 79 80 80 80 82 81 76 75 75 73 72 72 73 71 71 71 72 73 72 71 73 72 72 73 71 65 65 70 75 73 74 74 74 73 74 74 73 73 71 54 51 48 45 46 48 64 67 67 75 75 70 55 52 51 41 30 29 29 30 34 40 40 40 43 39 38 37 37 37 37 37 37 37 38 37 36 36 35 34
92 91 91 91 90 90 90 89 89 87 86 86 85 84 83 82 81 80 80 82 83 81 80 77 75 74 75 74 73 72 71 71 70 72 71 71 73 71 69 71 74 69 66 66 67 74 76 76 74 74 74 75 73 72 73 72 58 50 48 45 43 49 68 65 66 73 62 59 52 52 38 28 27 28 29 29 31 38 41 41 41 39 39 38 37 37 37 37 37 37 36 36 35 34 34 33
92 92 92 92 91 91 91 91 91 88 87 86 86 84 83 82 81 80 81 82 81 80 80 79 76 74 75 75 74 73 72 72 72 72 71 71 72 69 70 72 74 68 66 65 68 70 75 78 78 74 74 73 72 72 72 69 54 51 49 46 43 56 66 63 63 65 56 53 51 49 34 27 27 28 28 29 32 39 41 42 41 40 39 39 38 37 37 37 37 36 35 34 33 33 32 32
94 93 93 93 93 93 93 92 90 88 87 87 86 85 84 83 82 81 81 80 80 81 79 78 77 76 76 74 74 73 72 72 72 71 70 70 69 71 71 73 72 70 68 67 66 66 68 73 77 72 73 73 72 73 72 67 61 54 50 46 42 57 61 60 59 57 52 49 49 46 29 27 28 28 29 29 34 41 41 42 41 41 41 40 38 38 38 37 36 34 34 33 32 31 31 30
95 94 94 94 94 94 94 93 91 90 88 87 86 85 85 84 83 82 81 81 82 82 79 78 79 78 75 75 75 75 74 73 72 72 71 70 70 70 69 70 70 71 70 68 65 67 67 67 70 72 73 73 73 76 74 74 68 55 50 44 41 52 49 54 55 49 43 44 46 36 28 28 28 28 29 29 34 42 44 44 43 42 41 40 39 38 37 36 34 33 32 31 31 30 29 29
96 96 96 96 96 95 95 93 92 90 89 88 87 87 86 86 85 83 82 82 82 83 81 79 80 80 77 76 76 76 75 75 73 73 73 72 71 70 70 69 68 68 70 70 68 67 70 71 73 75 75 75 77 78 76 74 70 58 48 42 41 49 44 45 45 40 38 40 40 29 28 28 28 29 29 29 36 44 44 43 42 41 40 38 37 36 34 34 33 32 31 30 29 28 27 27
97 97 97 97 97 97 96 95 93 91 90 89 88 88 87 85 85 84 83 82 82 84 81 79 79 80 79 78 78 77 76 75 74 73 72 71 72 71 70 68 69 67 67 70 70 70 75 73 75 76 75 76 77 74 72 70 70 59 47 41 42 48 39 37 37 37 37 38 34 29 29 29 29 30 29 30 41 45 44 43 42 40 38 37 35 34 32 31 32 31 29 28 27 26 25 25
98 99 99 99 99 98 97 96 94 92 91 90 90 88 88 88 86 84 84 84 83 84 83 80 80 82 81 80 79 77 77 75 74 74 74 73 73 71 70 69 69 67 66 66 68 76 76 78 77 76 77 79 73 70 69 67 68 58 46 41 44 42 34 33 33 34 35 35 33 30 30 30 30 30 31 33 40 44 45 43 41 39 37 35 33 32 30 30 30 29 28 27 26 24 24 23
100 100 100 100 99 98 97 96 95 94 92 92 91 89 89 93 90 86 85 85 85 85 85 81 81 82 80 79 78 77 76 75 74 75 75 74 74 73 71 69 69 68 67 67 66 66 73 77 78 79 79 74 69 68 67 66 66 54 43 41 42 38 33 32 31 31 32 32 31 31 31 31 31 32 32 34 40 43 42 41 37 37 36 34 32 31 30 28 28 28 27 25 24 23 22 21
102 102 101 101 99 98 97 96 95 94 93 92 91 90 90 92 94 89 86 85 86 85 85 82 82 80 80 79 78 78 77 76 76 77 81 77 75 74 72 71 69 69 69 69 67 72 78 82 77 75 76 71 67 67 67 67 63 46 41 40 38 36 34 32 31 30 30 30 31 31 31 31 32 32 33 34 39 40 37 39 37 36 35 33 31 30 29 28 27 27 25 24 23 22 21 20
102 103 102 101 100 99 98 98 97 95 94 93 92 91 91 92 94 92 87 86 87 86 85 83 81 82 81 81 80 79 78 78 76 75 76 77 75 74 74 72 70 69 69 68 68 72 81 76 76 72 68 66 67 67 65 64 54 43 41 40 38 36 34 32 31 30 30 30 30 30 30 31 32 32 34 36 39 38 37 38 37 35 34 32 30 29 28 27 26 26 24 23 22 21 20 20
102 103 103 102 102 101 100 99 98 96 96 95 93 93 92 91 91 91 88 87 87 86 85 83 82 82 82 82 82 81 80 79 78 77 77 76 76 74 73 72 71 71 72 76 75 82 80 76 70 66 64 65 65 64 63 61 45 43 42 40 38 36 34 32 31 30 30 30 30 29 30 32 34 36 37 37 37 37 37 37 35 34 33 31 30 28 27 26 25 25 23 22 21 20 19 19
102 103 103 103 103 102 101 100 99 98 98 96 94 94 94 93 92 93 90 88 87 86 85 84 84 83 82 83 82 81 81 80 80 80 80 79 78 76 74 73 72 72 72 83 79 80 76 70 66 64 63 63 63 62 62 55 45 44 42 39 37 35 33 32 31 30 30 29 29 29 32 34 34 35 36 37 37 36 36 35 35 34 32 31 29 28 26 25 24 23 22 21 20 20 19 19
102 102 103 103 103 103 103 102 101 100 100 98 96 96 96 94 94 93 92 90 88 87 86 85 84 84 84 83 82 82 82 81 80 80 80 79 79 78 75 74 74 78 84 81 77 76 74 70 65 63 62 62 61 61 60 51 45 43 41 39 37 35 33 32 30 29 30 29 29 29 34 35 34 34 35 37 36 36 35 35 35 33 32 30 29 27 26 25 24 22 21 20 20 19 18 18
101 102 102 102 102 102 102 102 102 102 101 99 97 98 97 96 96 94 93 91 90 89 88 86 86 87 86 85 83 83 82 82 81 80 80 79 78 79 86 79 85 83 82 78 74 75 74 69 64 62 62 61 62 61 53 47 45 42 40 38 36 34 33 31 30 29 30 29 28 30 33 35 34 34 35 36 36 36 36 35 35 33 32 30 28 27 25 24 22 21 20 20 19 18 18 18
101 101 101 101 101 101 102 102 102 101 101 100 99 100 99 97 97 96 94 93 91 90 89 88 89 88 88 85 84 83 83 82 82 80 80 85 80 82 80 79 81 82 81 77 75 74 72 67 64 62 63 61 62 60 49 46 44 42 39 37 36 34 32 31 30 29 29 29 28 31 34 34 33 33 34 36 36 36 36 36 35 34 32 30 27 25 24 23 21 20 20 19 18 18 17 17
100 100 100 100 100 101 101 101 101 101 101 100 100 99 100 99 98 97 96 95 93 92 90 90 91 91 89 87 85 85 84 83 81 80 80 88 88 86 83 83 82 81 79 76 74 73 71 66 64 62 63 62 60 54 47 45 43 41 39 37 35 34 32 31 30 29 29 29 28 32 34 34 33 33 33 35 36 37 36 36 35 34 32 29 26 24 23 22 21 20 19 18 18 17 17 17
100 100 100 100 100 100 100 100 100 100 100 100 100 99 99 99 99 98 97 96 93 94 92 91 92 92 90 90 92 90 87 84 82 81 81 86 86 85 84 83 81 80 77 75 74 72 70 65 65 62 60 62 54 49 47 44 42 40 38 37 35 33 32 31 30 29 29 29 29 32 34 35 34 35 34 35 35 36 37 36 35 34 33 29 26 24 22 21 20 19 18 18 17 16 16 16
99 99 99 99 99 99 99 99 99 99 100 100 99 99 99 99 98 98 97 97 96 94 94 94 93 92 91 92 92 90 88 86 84 85 84 84 84 83 82 81 80 78 76 74 73 71 70 65 65 65 63 60 51 48 46 44 42 40 38 36 35 33 32 31 30 29 28 29 31 35 34 35 35 36 35 35 36 37 38 37 37 35 33 29 26 25 22 21 20 19 18 17 16 16 15 15
98 99 99 99 99 98 98 98 98 99 98 99 99 99 99 99 98 98 97 96 96 96 95 94 93 93 92 91 90 89 87 86 86 85 85 84 83 82 81 80 78 77 75 74 71 69 69 68 67 66 64 61 50 47 45 43 41 39 37 36 34 33 31 31 30 29 29 30 33 34 35 35 35 35 34 35 35 38 39 39 39 36 33 29 26 23 23 21 20 18 17 16 15 15 14 14
98 98 98 98 98 98 98 98 98 98 98 98 98 98 98 98 98 97 96 96 96 95 94 93 92 91 90 89 88 87 86 85 84 84 83 82 81 81 79 77 77 76 75 72 71 68 67 68 67 65 63 58 49 47 45 43 41 39 37 36 34 33 31 30 30 29 29 33 35 34 35 35 34 34 34 34 36 38 40 40 40 37 34 29 26 24 22 20 19 17 16 15 14 14 13 14
97 97 98 98 98 98 98 98 98 98 99 99 99 98 98 97 96 96 96 95 94 93 92 91 90 89 88 88 87 86 85 84 84 83 81 81 81 80 78 77 76 75 74 72 70 68 67 67 66 64 62 55 48 46 44 42 40 38 37 36 34 33 31 30 29 29 30 35 35 35 35 34 34 33 34 34 35 38 40 41 43 45 37 32 28 25 22 20 18 17 15 14 14 13 13 13
97 97 97 97 97 98 98 98 98 98 98 98 98 98 98 97 96 95 95 94 93 92 91 90 89 88 87 85 85 84 83 83 83 82 81 80 79 78 77 75 75 74 73 71 70 68 68 67 65 63 60 51 48 46 43 42 40 39 37 36 34 33 32 30 29 29 31 35 35 35 34 34 34 34 35 35 36 38 43 48 50 53 46 38 31 25 21 19 18 16 15 14 13 12 12 12
97 97 97 97 97 97 97 97 96 96 95 95 95 94 96 96 94 94 93 93 92 91 90 88 87 88 87 86 85 85 83 83 82 79 78 77 78 77 76 73 74 74 73 71 70 69 68 66 65 63 57 50 47 45 43 41 40 38 37 35 34 33 32 31 30 32 35 36 35 34 33 34 33 34 34 34 35 37 41 44 45 48 40 39 34 25 21 18 17 15 14 13 12 12 11 11
96 96 96 96 97 96 96 95 95 95 94 95 94 95 95 94 93 92 92 92 91 90 89 87 86 86 85 85 85 84 82 80 77 77 77 77 77 76 75 74 74 73 72 71 70 69 67 66 65 63 55 49 47 45 43 41 40 38 37 36 34 34 34 33 32 35 36 35 34 33 33 32 31 31 31 32 33 35 36 38 39 42 39 33 31 24 21 19 16 15 13 12 11 10 9 10
95 96 94 95 96 96 96 95 95 94 95 95 94 93 94 93 92 91 91 90 89 88 87 86 85 84 83 83 82 81 80 78 77 77 77 77 76 75 74 74 72 72 70 70 69 68 66 66 65 62 54 50 48 45 42 41 39 38 38 36 34 34 34 35 35 35 36 35 33 32 31 29 28 28 28 29 31 33 34 36 37 32 33 33 28 24 21 18 16 14 13 11 10 8 8 9
94 95 94 94 94 95 94 93 93 93 93 94 93 93 92 92 91 90 90 88 87 87 85 84 83 82 81 81 79 78 78 78 78 78 77 76 76 75 74 73 72 70 69 69 68 67 66 66 64 61 52 50 48 45 42 40 39 39 39 37 34 37 37 36 36 34 34 33 32 31 30 28 27 26 26 26 27 29 30 32 30 28 31 29 25 23 19 17 14 13 11 10 8 8 8 8
93 93 92 94 93 93 93 92 92 92 92 91 91 91 91 90 89 89 87 87 87 86 85 83 82 82 80 79 78 79 79 78 77 75 73 71 71 70 69 71 71 70 68 68 68 67 66 65 64 59 52 51 51 45 42 40 39 39 41 41 35 37 37 36 35 33 31 30 30 28 28 27 26 25 24 24 24 25 26 26 26 20 28 22 20 20 18 15 13 12 10 9 8 8 8 8
92 92 92 92 92 92 92 92 92 92 91 91 91 91 90 89 88 87 87 86 84 83 82 81 81 81 81 79 78 78 76 75 75 74 72 70 69 71 71 71 69 68 68 68 67 67 66 65 63 57 52 56 55 43 41 40 39 39 40 42 38 38 37 35 33 31 30 29 29 29 27 25 24 23 22 22 23 23 22 22 19 20 26 20 16 18 15 13 12 11 10 8 8 8 8 8
91 91 91 91 91 91 91 91 91 91 91 91 90 89 88 88 87 86 86 85 84 83 81 81 80 78 77 76 75 74 73 72 71 71 70 68 67 66 67 68 68 67 67 68 67 66 66 65 62 56 54 60 56 42 41 40 39 39 40 43 41 39 36 34 31 28 26 27 28 27 27 24 23 21 21 21 21 22 21 19 16 15 19 17 15 15 13 11 10 9 8 8 8 7 7 7
91 92 91 90 91 91 91 91 90 91 91 90 89 88 87 86 85 85 84 83 82 81 80 80 79 78 75 75 74 73 72 70 70 71 71 69 70 65 68 68 67 67 66 65 66 66 64 65 62 57 56 59 54 42 40 39 39 39 40 42 39 36 33 31 29 27 26 25 23 23 25 23 22 20 20 19 19 19 19 16 13 12 12 12 13 11 11 11 9 8 7 7 7 7 7 7
90 90 91 90 90 90 90 90 90 90 90 89 88 87 86 86 84 84 83 82 81 80 79 79 79 77 75 74 72 72 71 70 70 70 70 70 67 64 65 66 67 67 66 65 65 65 65 64 64 59 59 60 52 41 40 39 39 39 41 42 38 33 31 30 29 26 24 23 23 21 22 23 21 20 19 18 16 15 14 13 11 11 10 10 9 10 11 10 10 8 7 6 6 7 6 7
90 90 90 90 89 89 90 90 90 89 88 88 87 86 85 84 84 83 82 80 80 79 77 77 76 75 73 72 71 70 70 68 68 68 68 66 64 64 66 66 66 66 63 63 65 64 64 63 63 60 61 60 49 41 40 39 40 41 43 41 37 33 30 29 27 25 22 22 21 21 19 20 20 19 18 18 16 14 13 13 12 10 9 9 9 10 8 8 9 7 8 7 6 6 6 7
89 89 89 89 89 89 89 89 89 88 88 87 86 85 84 83 82 81 81 79 79 77 77 76 75 74 73 72 71 71 70 68 66 66 67 66 64 66 65 66 65 64 63 62 64 63 63 62 63 62 62 58 48 41 40 40 42 45 44 41 37 33 29 26 25 23 22 20 19 18 18 18 18 18 17 17 14 13 14 12 11 10 8 8 8 11 8 7 8 7 6 7 6 6 6 7
88 88 88 88 88 88 88 88 88 87 86 86 85 84 83 82 81 80 80 79 77 76 75 75 75 73 72 71 70 69 70 67 66 65 66 66 65 63 61 63 64 63 62 61 63 63 63 62 62 61 58 55 45 42 40 40 43 46 43 40 36 32 27 25 22 21 21 18 18 18 17 16 16 16 16 14 13 12 13 11 10 9 8 7 8 11 9 6 6 6 6 6 6 6 6 7
88 88 88 88 89 88 88 87 87 86 85 85 84 83 82 81 80 79 78 78 76 75 74 73 72 71 70 71 70 68 67 65 65 66 66 65 64 64 62 61 62 62 61 59 60 62 62 61 57 54 54 54 47 43 40 40 44 46 42 38 34 31 27 24 23 19 18 17 16 16 15 15 15 15 14 13 12 11 11 10 9 10 9 10 9 8 8 6 6 6 6 6 6 6 6 7
88 88 88 88 88 88 87 87 86 85 84 84 83 82 81 80 79 78 77 76 75 74 73 72 71 70 69 69 69 67 66 66 65 64 64 63 63 62 60 60 60 59 60 58 58 60 60 58 53 53 60 56 49 44 43 45 48 45 40 36 33 29 26 21 24 19 16 16 15 15 14 14 14 14 13 13 12 11 11 10 10 11 8 8 6 6 7 5 6 6 6 6 6 6 6 7
88 88 88 87 87 87 87 86 85 84 84 83 82 81 80 79 78 77 76 75 74 73 72 70 69 69 67 67 66 66 65 64 63 63 63 62 62 61 58 59 59 59 58 58 58 56 57 54 50 55 58 59 52 48 50 51 43 39 36 32 29 26 23 20 21 20 16 14 14 13 13 13 13 13 13 12 11 11 11 10 9 9 7 6 6 5 6 5 6 6 6 6 5 6 6 6
87 88 87 87 87 87 86 85 84 84 83 82 81 80 79 78 77 76 75 74 73 72 71 69 68 67 67 66 65 64 63 63 63 62 62 61 60 60 59 57 57 57 56 57 56 53 53 50 48 46 49 57 58 56 52 45 35 32 31 30 30 28 21 19 18 19 15 14 14 12 13 13 13 13 12 12 12 12 10 10 10 8 7 6 6 5 6 6 5 5 6 5 5 5 6 6
87 87 87 87 86 86 85 84 84 83 82 81 80 79 78 77 76 75 74 72 72 71 69 68 67 66 66 65 64 61 60 60 61 61 60 59 59 58 57 56 55 55 54 53 53 50 49 49 45 44 43 47 51 53 40 34 33 33 36 36 36 36 20 18 17 15 14 13 12 12 12 12 12 12 12 12 12 12 10 10 10 8 7 7 6 6 5 6 5 5 5 5 5 5 6 6
87 87 87 86 86 85 84 84 83 82 81 80 79 78 77 76 75 74 73 72 71 70 68 67 66 65 64 64 63 61 58 58 58 58 57 57 57 56 55 55 54 53 53 51 48 47 48 47 45 42 40 41 44 41 37 37 38 34 28 25 23 21 18 17 15 13 14 13 12 12 12 12 12 12 12 12 12 11 11 10 9 8 7 7 6 6 5 5 5 5 5 5 5 5 5 5
86 86 86 85 85 84 84 83 82 81 81 79 79 77 76 75 74 73 72 70 70 68 67 65 65 64 63 62 62 60 57 57 57 56 55 55 54 55 54 53 51 51 51 49 46 46 48 47 44 41 38 38 39 37 38 43 41 33 25 24 21 19 18 16 14 13 13 14 13 11 11 11 11 12 12 12 12 11 12 11 10 8 8 8 6 6 6 5 5 5 5 5 5 5 5 5
85 85 85 85 84 84 83 82 81 81 80 79 78 77 76 74 73 72 71 70 69 67 66 64 63 62 62 60 60 59 57 56 56 54 53 54 53 53 52 50 50 49 48 47 45 45 46 45 44 40 39 38 35 33 35 44 44 32 24 23 21 18 17 15 13 12 12 13 13 12 11 11 11 12 12 12 12 12 12 11 10 9 8 8 7 6 6 5 5 5 5 5 5 5 5 5
84 85 85 84 84 83 82 82 81 80 79 78 77 76 75 73 72 71 70 69 67 66 65 64 62 61 60 59 58 57 56 55 54 54 53 53 52 51 51 49 48 46 45 44 43 44 42 41 41 40 37 35 35 31 31 34 35 26 22 22 21 18 16 15 14 12 13 12 12 11 12 11 11 11 12 12 12 11 12 11 9 8 8 8 7 7 5 5 5 5 5 5 5 4 4 5
84 84 84 84 83 82 81 81 80 79 78 77 76 75 74 73 72 70 69 68 66 65 64 62 61 60 59 57 56 55 55 54 53 52 52 51 51 50 49 47 46 44 43 42 42 41 38 37 36 36 36 35 33 29 28 28 27 23 22 20 20 17 15 14 15 13 12 12 12 12 12 11 11 10 11 11 11 11 11 10 9 8 8 7 7 6 5 5 5 5 5 5 5 4 4 5
83 84 84 83 82 81 80 80 79 78 77 76 75 74 73 72 71 69 68 67 66 64 62 61 61 59 58 57 55 54 54 53 52 50 50 49 48 47 47 46 44 43 42 41 41 38 36 35 33 31 31 31 31 28 28 29 25 22 21 19 19 16 15 14 15 13 13 12 12 11 11 11 10 10 10 10 10 10 10 9 8 8 7 7 6 6 5 5 5 5 5 4 5 5 5 4
83 83 83 82 81 80 79 78 78 77 76 75 74 73 72 70 69 68 67 66 65 63 62 60 59 58 57 56 54 52 51 51 50 49 48 47 46 45 44 44 43 42 41 40 39 36 35 32 31 29 28 28 29 27 29 30 27 22 19 18 18 15 14 14 14 13 12 12 12 11 11 10 10 10 10 9 9 9 9 9 8 8 7 6 6 5 5 5 5 5 5 4 4 5 4 4
83 82 81 81 81 79 78 77 77 76 75 74 73 72 71 70 68 67 66 65 63 62 61 59 58 57 56 54 53 52 50 49 48 48 47 45 44 43 43 42 41 41 40 39 37 35 33 31 30 28 27 26 27 25 25 28 25 20 18 17 18 16 14 14 13 13 12 12 11 11 11 10 10 10 9 9 9 9 8 8 8 7 7 6 6 5 5 5 5 4 4 4 4 4 4 3
82 82 81 79 79 78 77 76 75 75 73 73 72 71 70 69 67 66 65 63 62 61 60 58 57 56 54 53 52 50 48 47 46 46 46 44 43 42 42 41 40 39 38 37 36 33 31 30 28 27 26 25 25 24 24 26 24 20 18 16 16 15 14 14 13 13 12 11 11 11 10 10 10 9 9 9 8 8 8 7 7 7 6 6 5 5 5 4 4 4 4 4 4 4 4 3
82 81 80 79 79 78 76 75 74 73 72 72 71 70 69 68 66 65 63 62 61 60 58 57 56 54 53 52 51 49 48 46 45 45 44 43 42 41 40 40 39 38 37 36 34 32 30 29 27 26 25 24 24 22 22 24 22 17 16 15 16 14 13 14 13 12 12 11 11 10 10 9 9 9 9 8 8 8 7 7 7 6 6 6 5 5 4 4 4 4 4 3 3 4 4 3
