data/bioclim/bclim9.asc
NCOLS 210 
NROWS 174 
XLLCORNER 27.125 
YLLCORNER -2.20833333333333 
CELLSIZE 0.0416666666666667 
NODATA_value -32768 
[rows 0 to 41 of 174, columns 0 to 93 of 210]
259.000000000000000 259 258 258 258 257 256 255 257 257 257 258 258 256 257 257 256 256 256 257 256 256 256 256 255 256 256 255 255 255 255 255 255 255 255 255 255 254 255 254 253 252 253 253 253 253 254 254 253 253 252 253 253 253 254 254 254 253 253 255 256 256 256 257 259 260 260 259 258 258 259 260 261 262 263 263 263 264 265 266 266 266 267 267 268 269 270 271 272 273 273 273 273 273
259 258 257 257 257 256 255 255 256 256 256 257 257 255 256 256 255 255 255 256 255 255 255 255 255 255 256 254 254 254 254 254 254 253 254 254 254 253 253 254 253 252 252 252 252 253 254 254 254 253 253 253 253 253 252 253 253 253 253 254 255 257 255 256 258 259 260 259 258 256 256 259 261 261 262 262 262 263 264 266 267 267 266 266 267 268 268 270 271 272 273 273 273 273
257 257 256 256 255 255 256 256 255 255 256 256 256 255 254 255 255 254 253 254 254 253 254 254 255 255 255 254 253 253 253 253 254 252 252 253 253 252 253 253 253 252 252 251 251 253 254 254 254 254 253 253 253 253 252 253 252 252 252 253 254 256 256 256 257 257 259 259 252 256 257 259 260 260 261 261 261 262 264 265 266 267 266 265 266 265 267 270 270 272 273 273 273 273
257 256 256 256 256 255 256 256 255 255 255 254 253 254 254 254 254 253 252 252 253 254 254 255 255 254 254 254 252 253 252 252 253 253 252 253 252 251 252 253 253 253 252 252 251 252 253 254 253 253 252 252 252 252 251 253 253 252 251 253 255 256 256 256 256 257 259 259 257 258 257 258 259 259 260 260 261 262 264 264 266 265 266 266 265 265 266 269 270 271 272 273 273 273
257 257 256 255 256 255 256 255 255 255 255 254 253 253 253 253 253 253 252 252 253 253 254 254 254 253 253 254 252 252 252 251 252 253 252 251 252 252 251 252 251 252 253 253 252 251 252 254 254 253 253 252 251 251 250 251 252 252 251 252 254 255 256 257 256 256 258 258 259 258 256 256 258 259 259 260 262 263 264 264 265 266 265 265 265 264 265 268 269 271 271 272 272 272
256 256 255 256 256 256 256 256 255 255 254 253 252 252 252 252 252 252 253 252 254 253 254 254 254 252 252 253 252 251 251 251 252 252 252 251 251 251 250 250 251 253 253 252 251 251 252 253 254 253 253 252 251 250 250 250 252 252 251 253 253 255 255 256 256 256 257 258 258 257 256 256 256 258 259 260 260 262 262 264 265 266 266 265 265 265 264 266 268 269 271 272 272 272
256 255 256 255 256 256 256 255 254 253 253 253 252 252 251 251 252 253 253 254 254 254 253 252 253 252 251 252 252 250 250 250 250 252 251 251 251 251 251 251 250 252 252 252 251 251 252 253 253 252 251 251 250 249 249 250 251 251 251 252 253 254 254 256 256 255 257 257 258 258 256 256 256 257 258 259 260 261 262 264 265 265 266 266 265 265 264 265 266 268 270 271 272 270
255 255 255 256 256 255 255 255 253 253 253 253 253 252 251 251 252 252 253 252 253 253 252 252 252 251 251 251 252 250 249 249 250 251 251 251 251 251 250 251 250 252 251 251 251 251 252 253 253 252 251 251 251 250 250 250 249 250 251 251 251 253 254 255 255 255 255 256 256 256 256 256 257 258 258 259 260 261 262 263 264 265 264 265 265 264 264 264 265 266 268 270 271 268
255 256 255 256 255 254 253 254 253 252 252 253 252 251 250 250 251 251 252 252 252 252 251 251 250 250 250 251 251 250 249 249 250 250 251 250 251 251 250 250 250 251 252 251 250 251 251 252 253 252 252 252 252 251 250 249 248 248 249 251 250 252 253 253 255 254 254 255 255 255 256 256 257 258 259 259 259 260 261 262 263 263 263 265 264 264 264 264 263 264 266 269 270 267
255 255 256 256 255 254 253 253 253 252 252 253 251 250 250 250 250 251 252 251 251 251 250 250 249 250 251 251 250 250 249 248 249 250 250 250 250 251 251 250 249 251 251 252 250 250 250 251 252 252 251 251 252 251 251 250 248 248 248 248 248 250 252 252 253 253 253 254 254 255 256 257 257 257 258 259 260 261 262 262 262 262 262 263 263 263 262 263 264 263 265 268 269 268
256 256 255 255 255 254 253 253 252 252 252 252 251 251 250 250 250 250 251 250 249 250 249 249 250 251 251 250 249 249 249 248 248 249 250 250 249 250 250 250 249 249 250 251 250 250 251 252 252 252 252 251 251 251 251 251 249 249 249 248 248 249 250 251 251 251 252 253 254 255 256 256 258 258 257 258 259 260 261 261 262 261 261 261 262 263 263 264 264 264 264 266 267 268
255 254 254 254 254 253 253 252 252 252 252 251 251 251 250 249 250 249 249 248 248 248 248 249 250 250 250 250 250 249 248 248 248 248 249 249 250 249 248 248 248 249 250 251 250 250 250 251 252 252 252 252 252 252 251 250 250 250 249 250 250 250 249 249 250 251 253 253 254 255 256 256 257 258 258 259 260 260 259 260 261 261 260 260 261 262 263 263 263 264 264 264 265 267
254 254 254 253 253 252 252 252 252 252 252 251 251 251 250 249 249 249 249 248 247 247 249 250 250 249 249 249 249 249 248 248 248 247 248 249 249 248 247 247 247 249 250 250 249 249 251 251 252 252 252 252 252 252 252 250 251 250 251 251 251 251 251 251 251 252 252 253 254 255 256 256 257 258 258 258 259 259 259 260 260 260 260 260 260 261 261 262 263 264 264 264 265 266
254 253 253 252 252 251 252 252 252 252 252 251 250 250 250 249 249 249 249 248 248 248 249 248 248 248 248 249 250 249 248 248 248 248 247 248 249 248 247 247 247 247 248 248 248 248 250 251 252 252 253 253 252 252 251 250 251 251 252 251 251 252 252 252 252 253 253 254 254 255 255 257 257 257 258 257 258 258 258 259 259 260 260 260 260 260 261 261 262 262 263 264 264 265
254 253 252 252 252 251 251 252 252 251 252 251 250 249 249 249 249 249 249 249 248 248 248 247 247 247 249 249 249 248 247 247 247 247 247 247 247 248 248 248 247 248 249 249 249 249 249 250 251 252 252 252 252 251 251 252 252 252 252 252 252 252 252 252 252 253 254 255 255 255 256 257 256 257 256 257 257 257 257 258 258 259 260 260 260 260 261 261 262 262 263 263 264 265
254 253 253 252 251 251 251 251 252 251 251 250 249 249 249 248 249 249 249 249 249 248 248 247 247 248 249 248 248 248 247 246 246 245 246 247 247 248 249 248 248 249 249 249 250 250 249 250 250 251 251 250 252 252 252 252 252 252 253 253 253 253 253 253 253 254 255 254 254 255 256 256 256 256 256 257 257 256 256 256 257 258 259 260 260 260 260 260 261 262 263 263 264 264
253 253 252 251 251 252 251 251 252 251 251 250 249 249 249 248 248 248 249 249 248 248 248 248 248 248 247 247 247 247 247 247 246 246 246 247 247 248 249 249 249 249 249 250 251 251 250 251 251 250 251 251 252 252 252 251 251 252 253 252 253 253 254 253 253 253 253 254 254 254 255 256 256 255 256 256 256 256 256 256 257 257 258 258 258 259 259 260 261 261 262 262 263 264
253 252 251 251 251 251 252 251 252 251 250 249 250 249 248 248 248 248 248 249 248 248 249 248 248 248 248 247 246 246 246 246 246 247 247 248 248 248 250 250 249 250 250 251 251 251 251 251 251 251 251 252 252 252 252 252 251 251 252 253 253 252 254 254 254 253 253 252 253 254 254 255 254 255 255 256 255 255 255 256 257 257 257 257 257 258 258 259 259 260 261 261 261 263
252 252 251 250 251 251 251 252 251 251 249 250 250 249 248 248 248 249 249 249 248 249 249 248 247 248 248 247 247 246 246 246 246 247 248 248 249 249 250 250 250 251 251 251 251 251 252 252 251 251 250 252 253 253 252 253 252 252 253 254 253 253 254 254 254 254 253 252 253 254 254 255 254 255 254 255 255 254 254 255 256 256 256 256 256 257 258 258 259 259 260 261 261 263
251 251 250 250 250 252 251 251 250 250 250 250 249 249 248 248 249 248 249 249 248 248 248 248 248 248 247 247 247 248 248 248 248 248 249 249 250 250 250 251 251 251 250 250 251 250 251 252 252 251 251 252 253 252 252 253 253 253 254 254 253 254 254 254 254 254 253 252 252 253 253 254 254 254 254 254 254 253 254 254 254 255 255 255 256 256 256 257 258 259 260 261 262 262
251 251 250 250 251 251 251 250 250 250 250 249 249 249 248 249 249 249 249 249 248 248 248 248 248 248 247 248 248 248 248 248 248 249 249 250 250 250 251 250 250 250 250 250 250 250 251 251 251 251 253 253 252 253 253 253 253 253 254 254 253 254 254 255 254 254 253 252 252 252 253 253 253 253 254 253 253 253 253 253 253 254 254 254 254 255 255 256 257 258 259 261 262 262
251 251 250 250 250 251 251 250 250 250 250 249 249 249 249 248 249 249 249 249 248 248 247 247 247 248 248 249 249 248 248 248 248 249 249 250 251 251 250 251 251 251 251 250 250 251 251 252 252 252 254 253 253 253 253 253 253 254 254 254 253 254 255 254 253 253 253 252 252 252 252 252 252 253 253 253 253 253 252 252 252 253 252 252 252 253 254 255 256 257 259 260 260 262
251 251 250 249 250 251 251 250 250 250 249 249 249 249 249 249 249 249 249 248 248 248 248 247 248 248 249 249 248 248 248 249 249 250 250 251 252 251 251 252 252 251 250 250 251 252 252 252 252 252 254 254 253 252 253 253 254 254 254 253 254 255 253 253 254 253 253 252 253 253 252 251 251 252 252 253 252 251 252 252 252 252 251 251 250 251 253 254 255 256 258 258 259 261
251 251 251 250 250 251 250 249 250 250 249 249 249 249 249 249 250 250 249 249 248 248 248 248 248 249 249 249 248 248 249 250 250 251 251 252 251 251 252 252 251 251 251 251 252 252 252 253 252 252 254 254 253 253 254 254 255 255 254 254 254 254 254 253 253 253 253 253 253 252 252 252 251 252 252 251 251 251 252 251 251 251 250 250 250 250 252 252 254 255 257 258 259 260
250 251 251 250 250 251 249 249 250 249 249 249 249 249 249 249 249 249 250 249 249 249 248 249 249 249 249 249 249 249 250 251 251 251 252 252 252 252 252 253 252 253 252 252 253 253 253 253 253 253 254 254 254 254 255 255 255 255 255 255 255 254 253 253 253 252 253 253 252 253 252 252 251 250 251 250 250 251 250 251 251 251 250 250 250 251 251 252 254 255 257 257 259 260
250 250 250 250 250 250 249 249 249 249 249 249 250 249 250 250 249 249 249 249 249 249 249 249 250 249 249 250 250 250 250 251 251 252 252 252 251 252 252 252 252 252 252 253 254 253 254 254 254 254 255 254 255 255 255 255 255 255 255 255 254 254 254 253 253 253 254 253 253 253 252 252 251 250 251 249 250 249 250 250 250 250 250 250 250 251 251 252 254 254 254 257 258 260
250 250 250 250 250 249 249 249 249 249 250 250 250 250 250 249 249 249 249 249 249 250 250 250 250 250 250 250 250 251 251 251 252 252 252 252 252 252 252 252 252 253 253 254 254 253 254 255 255 255 255 255 255 255 255 254 255 254 254 254 253 254 254 254 254 254 254 253 253 252 252 251 251 250 249 249 249 249 250 250 250 250 250 250 251 251 251 252 253 254 254 256 258 260
250 251 250 250 250 250 249 249 249 250 250 249 249 249 249 249 249 248 249 249 249 249 250 250 250 250 250 251 251 252 252 253 252 253 253 253 253 253 252 252 253 254 254 254 254 254 255 255 255 255 255 255 254 254 255 255 254 254 254 254 255 255 255 255 254 254 253 253 252 252 252 252 251 250 249 249 249 248 248 249 249 249 249 250 251 251 251 252 253 253 253 256 257 259
250 250 250 250 250 250 250 250 249 249 249 248 248 248 248 249 248 248 248 249 249 250 250 250 250 250 250 251 251 252 252 252 252 252 252 252 253 253 253 253 254 255 255 255 255 256 255 255 255 255 255 255 255 254 254 254 254 254 254 255 255 255 255 255 254 254 254 253 253 252 252 251 250 250 250 250 249 249 248 248 248 247 248 250 249 250 251 251 252 251 253 255 257 259
250 249 248 249 250 250 250 250 250 249 249 248 248 248 248 249 248 248 248 249 250 250 250 250 251 251 252 252 252 253 252 252 252 253 253 253 253 254 254 254 255 255 254 255 255 255 255 255 255 255 254 254 255 255 254 254 255 255 255 255 255 254 254 253 253 254 253 253 252 252 251 251 250 251 250 250 250 250 249 248 248 247 247 249 247 249 250 250 251 251 253 255 257 257
250 248 248 247 249 249 250 250 249 249 249 249 248 248 248 249 248 248 248 249 250 249 249 251 252 252 252 252 252 253 253 253 253 254 254 253 254 255 255 254 255 255 254 255 255 256 256 255 255 254 254 255 256 255 255 255 255 256 255 255 254 255 254 254 254 253 253 252 253 252 252 252 251 250 249 250 249 249 248 247 246 245 246 247 247 247 249 249 249 251 252 254 255 257
249 248 248 247 247 249 249 250 249 249 249 249 249 249 249 249 249 249 249 250 250 250 250 251 251 252 252 252 252 253 253 254 254 255 254 254 255 256 256 255 256 256 256 254 255 255 256 256 256 256 256 256 256 255 256 256 256 255 255 255 255 254 255 255 254 253 253 253 253 252 252 252 251 250 248 249 249 248 247 247 246 245 244 247 246 246 248 248 248 251 252 254 256 257
249 249 248 247 247 247 247 249 249 249 249 249 249 249 249 249 250 250 249 250 250 250 250 250 251 252 253 253 253 253 254 255 255 255 255 256 256 257 256 257 256 256 255 255 255 255 256 256 256 255 255 255 255 255 255 255 255 255 254 255 255 254 254 254 253 254 253 253 252 252 252 251 251 250 250 250 249 249 247 247 245 244 244 245 245 245 247 246 248 250 252 254 256 257
248 247 247 247 247 247 247 247 248 247 248 248 248 248 248 249 249 249 249 250 250 250 250 250 250 251 253 253 253 254 254 256 256 256 256 257 256 256 256 256 256 256 255 255 255 255 255 256 255 255 255 255 255 255 255 255 255 254 254 254 255 255 254 254 253 253 253 252 252 252 251 251 251 250 250 250 250 249 248 246 245 243 243 244 244 244 245 245 247 248 251 254 255 256
248 247 247 246 245 246 246 246 246 247 247 247 247 247 247 248 248 249 249 250 250 250 250 250 250 251 252 254 254 253 253 254 256 256 257 257 257 257 257 257 257 257 256 256 257 256 256 256 256 255 254 254 254 254 254 255 255 254 253 253 254 254 253 253 252 253 253 252 252 251 251 251 251 251 249 248 249 249 247 245 244 243 243 243 243 243 245 245 245 245 250 252 254 254
247 247 247 246 245 245 245 246 246 245 247 247 246 247 247 247 248 248 248 248 250 250 251 252 251 251 252 253 253 254 254 255 255 256 257 257 257 257 257 257 257 257 257 257 256 256 255 256 256 255 255 254 254 255 254 254 255 254 253 253 253 254 253 252 252 252 252 252 251 250 250 250 251 250 249 248 246 246 244 243 244 244 243 243 243 243 245 245 244 244 248 249 250 251
246 247 247 246 245 245 245 246 246 246 246 246 246 246 246 247 247 247 248 248 249 250 251 251 253 253 252 253 253 253 254 254 255 256 256 256 257 257 257 257 258 257 257 257 257 256 255 254 256 256 255 254 253 254 253 254 254 254 253 253 252 253 253 252 252 251 252 251 250 249 249 250 250 250 247 247 247 246 245 244 244 244 243 243 243 244 244 244 244 244 246 245 246 247
247 247 246 247 245 246 245 245 246 246 246 246 246 245 246 247 247 247 247 248 249 250 251 250 251 252 253 253 253 254 255 255 255 256 256 256 256 256 257 257 257 257 257 257 255 255 256 255 256 255 254 255 254 253 253 253 253 253 253 253 252 252 252 251 250 250 250 251 250 249 248 248 249 250 247 244 244 246 245 244 244 243 243 242 243 244 245 245 244 244 243 243 244 248
246 246 246 245 245 245 246 246 246 245 245 246 246 246 246 247 247 247 247 248 249 250 251 251 251 252 253 254 255 255 255 255 255 256 256 256 255 256 257 256 256 257 257 257 256 255 254 255 254 255 256 255 255 254 253 253 253 253 252 252 251 251 252 251 249 249 249 249 249 249 248 248 248 249 248 244 246 247 245 244 243 243 243 243 244 244 243 244 244 243 243 243 244 249
245 245 246 245 245 245 246 246 246 245 245 246 246 246 247 247 248 248 248 248 249 250 251 251 250 251 253 254 255 254 255 255 256 257 255 255 256 257 257 256 257 257 256 257 256 255 254 253 251 254 256 256 255 254 253 252 252 252 252 251 250 250 251 249 248 248 249 249 249 249 249 249 248 247 247 246 246 247 245 244 243 243 243 243 243 243 243 243 243 243 242 242 245 249
245 246 246 246 245 245 246 246 246 246 246 247 246 247 247 248 248 248 248 248 249 250 251 251 251 252 253 253 254 255 255 255 255 256 256 255 256 256 255 256 257 256 256 257 256 252 251 249 251 254 255 255 255 254 253 253 252 252 252 251 250 250 250 250 249 250 250 249 249 249 248 248 248 247 246 247 247 247 245 243 243 243 243 243 243 242 242 242 243 242 242 243 246 247
245 246 246 246 246 246 246 246 247 247 247 247 248 248 249 249 248 247 247 247 248 249 250 251 251 252 253 253 254 255 256 256 256 256 256 256 256 256 255 256 256 256 256 256 255 251 250 249 249 253 253 254 255 254 254 255 254 253 252 251 251 252 251 251 251 250 249 249 249 248 247 247 248 248 248 248 248 247 246 244 243 242 242 242 242 242 241 241 241 241 241 244 247 249
