data/bioclim/bclim17.asc
NCOLS 210 
NROWS 174 
XLLCORNER 27.125 
YLLCORNER -2.20833333333333 
CELLSIZE 0.0416666666666667 
NODATA_value -32768 
[rows 84 to 125 of 174, columns 0 to 95 of 210]
242 239 236 235 236 236 234 235 235 235 235 235 236 237 240 241 241 240 240 243 245 242 242 242 243 242 242 245 241 241 241 238 237 233 232 232 229 227 228 228 228 228 229 228 226 224 223 222 221 220 217 217 215 215 215 215 214 215 213 208 205 200 200 198 200 194 193 193 191 187 186 181 183 190 189 187 185 177 154 126 98 94 91 90 89 88 88 86 85 84 84 84 85 85 99 121
247 245 241 240 239 239 237 235 235 238 238 236 237 237 237 238 241 244 242 242 243 239 236 238 241 242 240 240 236 238 238 241 238 235 234 231 230 228 231 232 232 231 229 227 226 224 224 224 221 219 218 218 218 218 217 218 217 217 213 209 205 201 198 195 195 193 192 194 191 188 190 189 188 191 191 190 187 153 109 99 97 93 92 91 89 89 88 88 86 86 86 89 89 96 125 132
245 245 246 246 244 242 240 237 235 237 239 237 237 238 238 237 237 237 236 239 236 232 232 234 239 239 237 237 236 238 238 238 240 237 234 231 232 231 230 232 235 232 227 226 224 224 223 223 223 220 222 222 222 221 221 220 219 217 215 212 206 201 196 193 194 195 193 194 196 193 192 197 193 193 192 191 182 125 104 99 96 94 93 91 91 90 90 88 89 88 88 93 97 123 134 139
245 246 247 246 247 248 242 238 235 237 237 237 237 237 238 237 235 234 234 233 233 232 231 234 237 237 235 235 237 235 235 236 237 235 231 231 234 234 233 230 230 229 230 228 227 226 226 223 223 223 222 222 222 222 221 220 218 216 216 215 212 206 198 200 200 197 197 197 197 201 203 204 202 199 194 190 152 112 102 98 96 95 93 92 91 91 90 90 90 94 99 112 117 128 137 142
244 246 246 247 245 247 248 246 241 237 237 237 237 238 238 237 236 235 234 233 233 232 231 233 234 234 234 236 241 238 233 234 234 234 233 233 234 236 233 233 234 231 229 230 229 228 227 229 226 224 224 224 224 224 223 220 214 213 216 217 215 205 200 206 200 212 199 202 200 201 208 207 206 200 195 187 144 111 101 98 96 95 95 94 93 92 92 91 91 121 126 128 127 132 139 144
244 244 245 245 246 246 247 248 247 241 237 238 238 238 236 236 236 234 235 235 233 233 233 231 231 231 231 232 236 240 233 231 232 232 234 233 233 233 234 234 233 230 227 229 230 232 232 235 229 227 227 229 227 226 223 217 214 213 213 213 209 203 201 204 204 212 206 205 199 213 213 207 205 203 198 187 140 109 102 99 97 97 95 95 94 94 92 94 114 131 131 129 134 134 139 144
245 244 243 245 246 246 246 247 247 247 242 240 243 244 241 238 236 236 236 236 234 234 234 233 231 236 233 235 236 233 231 233 234 235 234 233 233 233 233 233 232 229 226 229 233 231 228 226 228 230 230 230 227 227 221 216 212 212 209 208 205 205 204 203 214 217 217 207 206 217 215 209 206 204 199 163 115 108 104 102 100 98 97 96 95 95 95 113 134 131 131 133 137 137 141 144
246 244 244 245 244 244 245 247 247 248 251 249 253 254 252 241 239 238 238 238 237 236 234 234 234 236 236 233 233 233 233 237 238 236 238 236 235 233 235 232 229 229 226 226 228 231 228 226 228 228 230 227 226 223 220 216 213 212 212 209 211 211 204 208 228 229 223 205 214 219 216 211 206 201 186 135 116 110 107 104 103 100 99 99 97 97 97 123 133 132 133 135 136 138 141 144
246 244 244 244 244 245 245 247 247 248 248 250 251 254 253 245 241 242 242 242 240 237 234 235 234 239 239 239 238 233 235 237 236 238 239 239 238 238 235 230 228 226 225 225 225 234 225 227 228 228 228 226 226 222 219 214 216 218 218 215 221 219 211 210 218 221 216 203 210 217 215 210 205 201 179 139 118 113 109 106 104 102 101 100 99 98 114 132 132 132 134 133 134 136 138 140
249 246 246 246 247 247 247 247 246 246 247 248 250 253 252 252 248 245 243 244 243 237 236 236 236 239 244 245 241 239 235 232 234 239 239 239 238 238 235 229 231 231 231 228 225 225 228 227 225 227 226 224 223 220 217 217 219 222 220 222 224 223 214 210 213 210 208 208 216 215 212 207 202 187 149 124 120 115 112 109 107 104 103 102 100 108 133 131 129 128 129 130 132 134 135 138
249 249 247 248 247 249 247 248 246 247 247 247 250 250 251 251 251 250 246 243 243 238 237 237 236 239 245 249 245 242 238 235 234 234 235 235 238 235 232 228 230 231 231 230 228 224 227 226 224 224 225 224 224 219 220 220 221 224 226 228 224 218 215 213 211 210 215 218 212 205 202 194 170 138 130 126 121 118 115 112 110 107 104 103 112 125 126 128 128 129 130 133 134 135 138 138
248 250 249 253 253 250 249 248 247 250 249 247 247 246 249 251 252 253 252 246 243 239 238 237 237 238 241 246 247 244 241 240 234 234 232 235 236 232 230 231 232 232 231 231 230 227 226 226 225 223 225 223 225 222 222 224 225 228 230 229 223 221 224 218 217 222 223 225 206 183 178 162 147 137 131 128 124 120 116 113 110 109 106 106 131 136 126 123 129 135 134 138 137 137 139 139
249 248 252 255 254 253 249 250 250 251 250 248 245 247 249 252 253 255 255 251 244 241 239 238 237 237 241 247 250 247 245 240 240 240 236 233 233 232 233 233 231 231 233 236 236 233 232 229 229 228 225 223 225 221 222 225 228 231 232 230 225 228 230 229 225 234 232 226 199 179 169 157 144 138 134 130 126 125 120 116 113 111 109 123 143 141 137 128 137 138 139 140 138 140 141 140
251 249 250 253 255 254 253 250 251 251 251 248 247 248 251 252 252 252 254 257 251 246 241 239 238 240 243 249 250 249 246 243 242 242 241 239 236 232 230 229 232 232 233 236 238 237 237 232 229 232 226 223 223 223 222 222 227 230 231 230 231 232 238 235 234 237 235 210 189 175 167 153 145 140 136 131 131 128 123 119 116 115 130 145 146 145 143 139 140 141 144 142 142 141 143 141
256 253 252 253 255 253 253 251 251 251 251 251 252 250 249 249 250 252 253 256 254 249 246 240 240 242 243 248 250 249 247 246 243 245 245 242 238 238 232 232 229 228 229 232 235 235 235 234 235 235 229 225 224 227 226 224 226 230 231 233 237 240 236 234 234 237 222 191 181 171 160 151 146 142 138 139 138 132 126 122 122 141 149 152 149 148 148 144 143 142 145 143 145 145 142 142
259 255 255 253 254 254 253 253 251 252 252 252 252 251 249 249 250 253 253 253 252 248 246 243 240 243 245 251 251 252 250 248 246 245 244 241 244 249 236 234 231 231 228 226 229 232 234 231 231 228 229 228 228 226 230 227 229 233 233 237 244 242 238 235 235 228 198 190 176 166 157 152 147 159 166 149 143 135 134 152 158 158 157 149 146 144 146 145 146 146 148 147 148 149 147 148
263 259 260 257 255 253 253 253 254 253 252 252 252 253 250 250 251 251 251 252 251 248 249 244 242 245 251 257 248 248 249 247 247 248 247 244 241 248 239 236 231 234 229 229 229 226 228 227 228 227 227 231 231 230 234 232 232 234 236 238 243 239 224 214 204 197 189 180 169 162 159 156 151 181 174 154 147 142 162 169 163 161 160 155 150 148 144 141 143 145 147 147 149 150 147 150
267 262 262 263 259 257 256 256 257 257 254 254 253 252 252 250 251 253 252 253 251 250 250 244 249 257 254 250 246 247 247 247 247 248 248 246 244 243 240 237 234 235 233 232 234 231 225 228 231 233 233 233 233 233 230 231 233 238 238 238 242 227 202 199 192 185 179 173 168 166 163 159 161 203 182 161 154 160 172 168 165 163 162 158 152 154 153 150 144 144 147 148 151 151 156 155
269 266 266 266 264 260 258 257 257 258 258 256 255 255 254 254 252 251 254 254 252 248 247 244 246 254 252 246 243 246 247 247 249 249 250 247 245 243 240 237 236 236 236 236 237 235 228 224 224 230 238 238 235 233 231 234 235 236 241 236 216 199 195 193 185 187 184 180 173 172 171 175 199 207 185 177 182 177 173 170 167 165 164 158 157 156 154 149 144 145 145 147 153 163 170 168
270 267 267 269 267 264 261 261 258 260 261 259 258 256 255 254 253 253 253 252 252 249 247 246 250 246 246 246 243 246 245 247 249 249 249 250 249 242 239 237 237 236 236 237 240 236 232 230 227 227 236 232 231 231 232 235 238 238 237 215 201 194 189 188 186 190 186 182 177 179 185 197 219 211 202 195 186 181 176 174 170 168 166 160 155 156 153 147 148 151 147 149 154 163 166 166
273 270 269 270 270 268 267 262 261 261 262 262 262 259 257 255 254 253 252 252 252 249 248 251 253 251 247 245 246 245 245 245 248 249 248 248 253 243 239 240 238 236 235 241 242 239 234 231 225 229 229 229 230 230 234 238 239 238 221 201 198 194 187 190 189 190 192 188 186 189 201 218 226 212 207 200 189 183 180 176 174 171 166 157 156 154 152 148 147 153 150 149 151 155 159 161
278 274 271 271 274 274 271 265 264 264 265 265 262 262 260 256 254 254 254 252 251 250 250 260 257 253 248 245 244 247 245 245 246 247 246 245 251 247 241 240 238 237 236 235 238 240 232 228 225 222 226 232 231 231 234 240 241 235 213 200 198 193 186 187 188 191 195 197 196 200 220 240 226 215 212 205 196 189 183 179 177 171 162 158 155 155 150 149 148 150 152 150 149 156 154 155
281 278 275 275 273 275 276 270 266 269 269 266 262 263 260 257 257 257 255 254 253 250 250 260 262 258 249 250 247 247 249 246 245 246 247 246 248 251 253 254 247 250 250 237 235 235 229 230 224 227 224 230 232 230 232 237 240 230 210 200 197 187 186 186 185 190 213 213 215 224 239 262 215 217 215 210 203 196 189 183 176 169 163 158 156 152 151 152 149 149 151 149 150 154 157 155
284 283 280 280 278 278 281 276 268 271 273 272 265 264 261 261 261 258 257 255 253 253 254 258 261 260 251 250 250 247 249 249 246 244 244 245 246 256 256 257 262 261 242 235 243 238 229 228 225 227 230 231 240 234 236 236 239 226 215 200 194 185 185 185 194 223 235 233 230 235 277 247 217 220 215 211 206 202 195 185 173 167 161 158 156 153 153 152 151 151 151 151 151 153 153 156
288 287 285 285 285 282 288 281 272 272 274 271 268 266 263 262 260 261 258 255 255 257 260 261 257 258 252 252 252 250 250 250 249 246 246 255 257 252 259 262 263 263 249 237 233 231 232 232 229 230 227 231 239 239 241 241 246 232 221 214 195 191 185 187 219 241 273 261 268 292 287 230 217 218 214 211 208 200 193 184 173 165 162 159 156 155 154 154 153 152 151 152 150 153 152 153
292 290 289 289 287 288 287 282 276 274 278 273 269 267 266 265 262 260 259 259 260 255 257 257 257 259 257 255 255 254 254 254 250 249 248 250 245 255 262 265 266 263 245 239 242 233 232 232 231 233 229 232 237 240 243 248 256 239 214 212 197 190 197 216 254 298 327 320 319 328 251 212 217 213 207 202 206 191 185 178 171 164 161 158 156 154 155 154 153 151 149 150 151 150 151 151
297 295 291 291 291 289 290 282 277 276 277 275 271 270 269 267 265 262 261 262 262 256 259 258 261 262 259 257 256 257 260 255 253 253 251 248 245 249 262 253 248 250 247 245 244 242 249 243 246 234 231 236 240 242 250 256 263 223 206 209 199 200 211 239 282 329 369 357 340 311 256 210 208 201 191 181 182 176 172 171 168 163 160 159 154 154 155 151 151 150 149 150 149 150 150 148
299 298 295 295 294 292 291 284 280 278 281 277 273 273 271 270 267 264 263 266 265 260 261 262 261 262 262 259 262 266 257 254 253 250 248 248 245 244 244 257 260 255 247 241 239 242 254 260 257 237 234 237 244 249 260 262 249 207 210 221 199 204 214 240 299 351 369 344 328 278 237 205 202 182 168 163 168 171 165 167 168 162 157 153 154 153 151 149 148 149 148 148 149 148 146 146
300 299 299 299 296 295 292 292 285 283 280 278 276 276 275 271 269 265 265 265 267 263 260 267 261 261 262 266 268 260 253 252 253 250 250 248 250 252 250 247 248 245 244 241 241 243 246 255 266 254 242 244 256 262 262 259 217 204 216 216 200 202 212 239 277 335 369 327 273 214 208 209 188 167 152 147 157 167 164 162 159 160 154 153 153 150 146 146 145 146 144 143 144 145 145 144
303 302 302 301 299 296 295 293 291 285 282 279 279 281 280 275 270 267 267 268 269 266 263 268 266 260 264 264 256 256 256 256 252 252 253 253 254 262 256 253 251 246 246 241 238 241 248 249 261 270 253 256 255 257 261 252 213 201 203 201 196 197 208 244 279 331 360 328 296 246 208 197 166 151 144 139 152 163 161 163 159 155 153 154 152 149 146 147 145 144 141 142 144 143 142 141
305 305 305 305 303 299 296 295 292 286 285 283 283 283 283 277 272 269 270 271 271 272 267 265 264 268 262 256 255 258 257 252 249 252 256 261 253 258 261 256 253 258 242 237 240 243 253 265 273 266 254 265 259 261 261 253 216 204 195 193 192 193 212 243 281 332 339 307 267 243 205 178 154 140 139 136 154 162 155 163 159 153 153 151 149 146 144 145 142 141 141 142 141 140 138 139
309 307 306 306 305 302 299 296 294 291 288 287 287 286 283 280 274 271 274 275 274 281 278 263 260 261 255 253 253 256 251 250 251 256 258 257 254 261 258 259 262 257 240 239 255 268 264 266 266 266 264 267 264 262 261 253 211 203 194 187 187 192 227 238 263 290 290 276 218 212 206 171 141 136 134 134 143 157 157 157 170 153 149 148 145 144 143 141 140 139 141 140 139 138 137 136
313 310 309 308 307 306 305 303 303 297 292 292 290 286 283 280 276 273 275 280 284 279 275 266 260 258 261 258 255 252 250 250 249 254 253 254 260 254 249 256 264 251 242 242 245 267 272 271 266 268 267 268 262 260 261 257 220 200 194 186 181 194 239 247 262 284 253 243 213 210 165 139 134 133 133 132 134 148 156 157 156 148 148 144 142 142 141 140 139 139 138 138 137 136 136 137
314 314 313 312 310 310 310 310 308 299 296 294 292 287 283 282 277 275 277 281 279 275 274 271 263 258 262 261 258 255 253 253 254 255 252 253 255 247 251 258 263 247 241 239 247 253 268 276 276 268 267 265 261 260 259 248 209 201 197 189 180 209 238 238 253 261 232 220 215 209 155 135 133 133 131 132 136 151 155 155 149 146 144 144 143 143 142 141 142 139 139 140 139 137 137 137
319 318 316 316 315 315 315 312 306 300 296 295 292 290 287 284 280 277 279 276 275 278 272 268 266 263 263 259 257 255 253 252 253 250 249 249 247 253 254 260 257 253 247 242 241 241 247 261 272 259 262 262 261 262 258 243 225 209 198 188 177 211 226 236 240 239 217 201 219 193 140 134 134 132 132 131 141 155 151 149 144 144 147 148 143 144 144 142 143 142 141 140 139 138 137 137
323 320 320 320 320 320 319 316 308 305 300 296 294 290 289 286 284 281 278 278 280 280 273 269 272 269 261 261 261 261 258 257 254 253 251 249 249 249 247 250 251 253 252 246 238 243 245 245 252 258 263 263 263 268 263 262 244 209 198 182 175 201 194 221 232 211 179 189 208 159 136 134 133 132 132 131 140 161 167 156 153 153 154 148 146 144 144 144 145 144 142 141 140 138 135 134
327 325 327 326 325 323 323 316 313 306 301 298 296 296 292 293 289 284 280 279 281 284 277 271 275 275 266 264 264 265 262 262 257 257 255 253 251 249 249 247 244 245 250 252 246 243 252 255 261 267 267 267 271 272 267 265 250 217 193 176 174 196 182 190 197 170 165 175 173 138 135 134 132 133 131 130 149 178 178 167 161 163 156 152 152 148 150 147 144 141 139 137 135 133 130 127
331 331 330 329 329 329 327 322 315 310 305 302 300 299 295 291 288 285 283 281 281 286 278 272 273 276 273 269 269 268 264 262 259 256 254 251 254 251 249 243 246 241 242 250 250 251 265 260 267 269 268 269 268 264 262 259 260 219 189 173 176 200 169 162 162 160 166 174 152 137 137 137 135 136 131 133 169 196 188 177 174 169 162 159 156 151 148 144 140 137 133 131 129 126 123 121
335 336 336 336 334 333 328 324 318 312 309 306 305 299 299 298 292 287 286 287 284 288 283 275 275 281 278 275 271 266 266 261 258 258 259 257 256 251 247 245 245 240 237 237 244 267 267 274 270 269 271 271 263 259 257 255 256 216 184 171 183 180 151 149 149 154 162 164 148 140 138 138 136 136 136 140 176 199 201 189 185 175 166 163 155 148 144 141 136 132 129 126 124 121 119 116
341 341 340 339 337 332 328 325 322 319 313 312 309 301 303 315 307 292 289 291 289 288 290 277 277 280 275 273 268 265 263 260 258 261 261 259 259 256 250 245 243 242 240 240 236 237 259 271 273 276 272 263 259 258 258 257 251 205 174 170 176 162 149 144 142 142 148 150 140 140 139 139 139 140 140 146 185 198 195 188 174 173 165 158 151 145 141 136 132 128 126 122 119 116 112 109
346 346 343 342 336 331 328 325 322 319 315 312 308 305 305 312 318 301 291 290 292 289 289 281 279 276 274 271 269 268 265 264 263 267 278 265 261 259 253 249 243 243 243 245 239 254 272 282 271 266 268 258 257 262 262 264 245 182 169 165 160 154 149 144 140 137 138 142 142 141 143 145 147 148 150 155 184 188 177 182 174 168 162 155 148 142 136 132 128 124 120 117 114 111 108 105
347 350 347 344 340 336 333 331 329 322 319 315 312 309 308 311 317 311 295 292 294 292 289 283 278 280 277 277 274 270 269 268 264 260 263 266 261 257 257 253 247 244 244 241 241 253 280 271 269 260 255 256 264 265 259 249 203 171 167 163 159 154 150 147 143 141 142 146 147 147 147 152 155 156 164 174 187 180 176 177 171 163 157 150 143 137 132 128 123 120 116 113 110 107 104 102
