data/bioclim/bclim14.asc
NCOLS 210 
NROWS 174 
XLLCORNER 27.125 
YLLCORNER -2.20833333333333 
CELLSIZE 0.0416666666666667 
NODATA_value -32768 
[rows 55 to 109 of 174, columns 0 to 95 of 210]
55 55 56 56 57 57 58 58 59 60 61 61 62 60 59 58 57 57 57 56 56 56 55 55 55 54 54 54 54 53 54 53 53 53 53 52 52 52 52 52 51 51 51 50 50 49 49 48 49 49 49 49 49 48 49 48 48 48 48 47 46 45 44 44 43 43 42 41 38 37 36 35 34 33 32 30 30 30 29 28 28 28 27 26 27 26 27 27 27 26 23 20 19 16 16 15
56 56 57 57 58 59 59 60 60 61 62 62 62 61 60 60 59 59 58 58 57 57 57 56 56 56 56 55 55 55 55 55 54 54 54 54 54 53 53 53 53 52 51 51 51 50 50 49 50 51 50 50 49 49 49 50 49 49 49 47 47 46 45 45 44 44 43 41 39 38 38 36 36 34 34 31 31 31 30 28 29 28 27 28 27 28 29 29 28 26 23 20 18 16 15 15
57 58 58 59 59 60 60 61 61 62 62 63 63 63 62 61 60 60 60 59 59 58 58 57 57 57 57 57 56 56 56 55 55 55 55 55 55 55 54 54 53 53 52 52 51 51 50 50 51 51 50 50 50 50 49 49 50 49 49 48 48 47 46 45 45 44 43 42 40 40 39 39 37 36 35 33 32 32 31 29 29 29 28 28 28 29 30 30 29 27 24 22 18 17 16 15
59 59 59 60 60 61 61 62 62 63 63 63 63 63 63 63 62 61 61 61 60 59 59 59 59 58 58 58 57 57 57 56 56 56 56 55 55 55 55 54 54 53 53 53 52 52 51 51 51 51 51 51 50 50 50 50 50 50 49 49 48 48 47 46 45 45 43 43 41 40 40 39 38 37 36 34 34 33 32 30 30 30 30 29 30 32 31 31 30 28 25 23 19 17 16 15
60 60 60 61 61 62 62 62 63 63 64 64 64 64 63 63 63 62 62 62 61 60 60 60 59 59 59 59 58 58 58 58 57 57 57 56 56 55 55 55 54 54 54 53 53 52 52 53 53 52 51 51 51 51 51 51 50 50 50 49 49 48 47 46 46 45 44 43 42 40 40 40 38 37 36 36 35 34 32 31 31 31 31 31 31 32 32 32 30 28 26 25 20 17 16 16
60 61 61 61 62 63 63 63 64 64 65 65 65 65 64 64 64 64 63 63 62 62 61 61 61 61 60 60 59 59 59 59 58 58 57 57 57 56 56 55 55 55 54 54 53 53 53 54 53 53 52 52 51 52 51 51 51 50 50 50 49 49 48 47 46 46 44 43 42 41 40 40 38 37 37 37 36 35 33 32 32 31 31 32 33 33 33 33 32 31 30 26 20 18 17 16
61 61 62 62 63 63 63 64 64 65 65 66 65 66 65 65 65 64 64 64 63 63 63 62 62 62 61 61 60 60 60 59 59 58 58 58 57 56 56 56 55 55 55 54 54 54 55 55 54 53 53 53 52 52 52 52 52 51 51 50 50 49 48 48 47 46 46 44 42 42 40 39 39 38 38 38 37 36 33 33 33 33 34 34 34 33 33 33 33 32 31 28 23 19 18 17
62 62 62 63 63 64 64 65 65 66 66 66 66 66 66 66 66 66 65 65 64 64 63 63 63 63 62 62 61 61 60 60 59 59 58 58 58 58 57 56 56 56 56 55 55 55 55 56 55 55 54 54 53 53 52 52 52 51 51 51 51 50 49 48 47 46 46 44 43 42 41 40 39 39 38 38 38 36 34 35 34 34 36 35 34 34 34 33 32 31 30 29 25 21 19 17
62 63 63 63 64 65 65 66 66 66 67 67 67 67 67 66 67 67 66 65 65 65 64 64 64 63 63 62 62 61 61 60 60 60 59 59 59 58 58 58 57 57 57 56 56 56 56 56 56 56 55 55 54 54 53 53 53 53 52 52 51 50 49 48 47 46 45 44 43 42 42 41 40 40 40 39 38 36 36 36 35 36 36 36 35 34 34 34 32 32 32 30 27 22 19 19
63 64 64 64 65 65 66 67 67 67 67 67 67 67 67 67 67 67 67 67 66 66 65 65 65 64 64 63 63 63 62 61 61 61 60 60 60 59 59 59 58 58 57 58 57 57 57 56 57 57 56 55 55 55 54 54 53 52 52 52 52 51 49 49 48 46 45 45 43 43 42 41 41 41 41 40 38 37 37 36 36 37 36 36 35 35 35 34 33 33 33 34 29 26 23 23
64 64 65 65 66 66 67 67 67 67 68 68 68 68 68 68 68 68 68 67 67 67 67 66 66 65 65 64 64 63 63 62 62 61 61 61 61 60 59 59 59 59 59 59 59 58 58 57 58 58 57 56 56 55 54 54 53 52 52 52 52 51 50 49 48 46 45 45 44 43 42 42 42 41 42 41 39 38 38 37 38 37 37 36 35 35 35 34 34 34 34 35 32 30 26 26
64 64 65 66 66 67 68 68 68 68 68 69 69 68 69 69 69 68 68 68 68 68 67 67 67 66 66 65 65 64 64 63 63 63 62 61 61 61 61 60 60 59 60 60 60 59 58 58 58 58 57 56 56 55 55 54 53 53 53 53 52 52 50 49 48 47 46 45 44 43 43 43 42 42 41 41 40 40 38 38 38 37 37 36 35 35 35 35 35 36 36 35 33 30 27 24
65 65 66 66 67 68 68 68 68 69 69 69 69 69 69 69 69 69 69 69 69 69 68 68 68 67 67 66 66 65 65 65 64 64 63 62 62 62 62 61 60 61 60 61 60 59 59 58 58 58 57 57 57 56 55 55 54 53 53 53 53 52 51 50 48 47 46 45 45 45 44 44 43 43 44 42 42 41 40 39 39 38 37 36 36 35 35 36 36 37 37 35 34 32 26 24
65 66 66 67 68 68 68 68 69 69 69 69 69 70 70 70 70 70 70 70 70 70 69 69 69 68 67 67 67 66 66 66 66 65 64 63 62 63 63 63 62 62 61 61 61 60 58 58 58 57 57 57 57 56 55 55 54 54 53 54 54 53 51 50 50 48 47 46 47 48 45 45 45 45 45 43 43 42 42 40 39 38 38 36 36 36 36 37 37 39 38 36 35 30 25 22
66 67 67 67 68 69 69 69 70 70 70 70 70 70 70 70 70 70 70 70 70 70 70 69 69 69 68 68 68 67 66 67 66 67 66 64 64 63 64 64 63 62 62 62 61 61 59 58 58 57 57 57 58 57 56 56 55 55 54 54 55 54 52 50 50 49 48 47 47 48 45 47 47 47 46 45 44 43 42 41 39 38 38 37 37 36 37 38 39 40 40 38 35 31 27 26
66 67 68 68 68 69 69 69 70 73 71 70 70 70 71 71 71 71 71 71 71 71 71 70 70 70 69 69 69 68 67 67 68 67 67 66 65 64 63 63 64 63 62 62 62 61 60 58 57 57 57 57 58 57 56 56 56 56 56 56 57 56 53 51 50 50 48 48 48 47 47 50 49 48 47 46 45 44 43 42 41 39 39 38 37 37 38 39 41 41 42 39 34 26 27 23
66 68 68 68 69 69 69 70 70 71 71 71 71 71 71 71 71 71 72 72 72 72 71 71 71 71 70 70 70 69 69 68 68 67 67 67 66 65 65 66 65 64 63 62 62 60 59 58 58 59 58 59 58 57 57 57 57 57 56 56 57 57 55 53 51 50 49 48 47 48 51 51 49 49 49 47 46 44 44 42 41 41 39 38 39 38 39 41 43 42 42 40 31 23 21 23
66 67 67 68 70 70 70 71 71 71 73 73 72 72 71 72 72 72 72 72 72 72 71 71 71 71 70 71 71 70 70 68 68 68 68 68 68 66 66 67 65 64 63 62 62 61 59 58 59 59 59 59 59 58 58 57 56 57 56 56 57 57 56 54 53 52 51 49 52 54 52 50 49 50 50 48 47 45 45 44 43 41 40 39 39 39 41 42 43 43 42 36 25 21 20 19
65 67 67 68 70 71 71 71 71 71 72 74 74 73 73 72 72 72 72 72 72 72 72 71 71 71 71 70 70 70 69 69 68 69 68 68 67 67 67 67 65 65 63 62 61 61 60 59 60 61 61 60 59 58 59 57 56 56 56 55 57 58 58 56 55 54 53 51 51 53 51 50 49 50 50 49 47 46 46 45 44 42 41 40 40 40 41 43 43 42 38 25 21 20 18 18
65 66 67 69 70 71 72 72 71 70 71 71 71 73 73 72 72 72 72 72 71 71 71 71 71 71 71 71 70 69 69 69 69 69 69 68 67 67 67 67 65 65 63 62 61 62 60 59 60 62 62 60 60 58 58 57 56 59 56 56 58 58 58 59 58 56 55 53 51 55 51 50 50 52 51 50 48 48 47 46 44 43 43 42 42 42 43 44 44 40 30 23 19 18 18 18
65 65 66 69 69 71 71 71 71 71 70 70 70 70 72 73 72 72 72 72 71 71 71 71 71 71 71 71 71 69 69 69 69 69 69 68 67 67 67 65 65 65 64 62 61 61 60 61 62 62 62 61 60 58 59 57 56 56 56 56 57 58 58 58 58 57 55 54 52 56 50 50 51 50 48 48 49 49 47 46 45 44 43 43 43 43 44 45 44 35 23 18 18 18 18 18
65 66 66 67 69 71 70 70 70 70 71 71 70 70 70 72 72 71 71 72 71 71 71 71 71 71 71 70 70 69 70 70 70 69 69 68 67 67 67 66 65 64 63 61 61 60 61 62 62 63 63 61 59 58 57 57 57 58 58 57 58 57 58 58 58 57 56 54 52 52 50 50 49 50 50 48 51 50 48 47 46 45 45 44 44 44 45 45 38 25 18 18 18 18 18 18
65 66 66 69 69 67 68 68 70 69 71 71 71 70 69 70 72 72 71 70 71 71 71 71 71 70 70 70 69 69 70 70 69 69 69 68 67 67 66 66 65 64 63 62 61 61 62 64 62 61 60 60 59 58 57 57 58 58 57 57 58 57 58 59 59 57 57 55 52 51 50 49 48 49 49 48 50 48 46 48 47 47 46 46 45 45 45 40 30 18 18 18 18 18 18 18
66 66 66 67 67 67 67 68 69 68 69 70 71 71 70 70 70 71 71 70 70 71 71 71 71 71 70 70 69 69 69 69 69 69 69 68 67 67 66 65 64 63 62 62 62 62 63 63 62 61 61 60 59 58 58 58 58 58 58 59 57 57 59 59 59 58 58 55 52 51 50 49 49 49 50 47 47 48 46 47 48 48 47 47 46 47 37 23 19 18 18 18 18 18 18 18
66 67 67 67 67 68 68 68 68 68 68 69 70 70 70 70 69 70 70 71 70 71 72 72 71 70 70 70 69 69 69 69 69 69 69 68 66 66 66 64 64 63 63 62 62 62 63 62 62 61 60 60 59 59 59 58 59 59 60 58 57 58 60 60 59 60 59 56 52 51 51 52 50 51 51 47 48 50 47 50 49 49 48 48 47 43 28 19 18 18 18 18 18 18 18 18
67 67 67 67 67 68 68 69 69 70 70 70 70 70 70 70 70 70 70 70 71 72 72 72 71 70 70 69 69 69 69 69 69 70 68 67 66 65 65 64 64 64 63 64 63 63 63 62 62 61 60 60 59 59 60 60 59 60 59 57 57 59 60 60 60 60 57 54 52 52 51 50 50 53 52 45 45 47 51 52 50 49 49 48 41 26 19 19 18 18 18 18 18 18 18 18
67 67 68 68 68 68 68 68 69 69 70 71 71 71 70 70 71 70 70 70 71 72 72 71 71 70 70 70 69 69 69 69 69 69 68 68 67 65 64 64 65 64 64 64 64 64 63 63 62 61 60 60 60 59 59 59 59 60 59 57 57 57 58 61 60 58 54 54 55 53 51 49 49 47 46 44 44 46 52 52 51 49 49 44 24 19 19 19 18 18 18 18 18 18 18 18
67 68 68 68 68 68 68 69 69 69 69 70 72 73 71 70 71 71 71 71 71 71 71 71 71 71 71 71 71 70 69 69 68 68 68 68 67 65 66 65 65 65 65 66 64 64 63 63 62 61 60 61 60 60 60 59 59 59 59 58 57 56 58 55 56 56 52 58 56 53 51 49 47 46 44 44 45 46 52 53 41 40 40 27 20 19 19 19 18 18 18 18 18 17 18 18
68 68 68 68 68 68 69 69 69 69 69 69 71 72 72 71 71 71 71 71 71 72 71 71 71 71 71 72 71 71 70 69 68 68 68 68 67 65 66 65 65 65 65 65 64 63 63 63 63 62 60 61 61 60 60 59 59 59 59 58 57 56 56 54 55 54 54 58 57 54 51 49 47 45 44 44 47 49 47 50 33 25 22 20 20 19 19 19 18 18 18 18 18 17 18 21
71 70 69 69 69 69 69 69 69 69 69 69 69 70 71 71 71 71 71 72 72 71 71 71 72 71 71 72 70 70 70 69 69 67 67 67 66 65 65 65 65 65 65 65 64 63 63 63 62 62 61 61 60 60 60 60 60 61 60 58 57 55 55 54 56 53 53 55 56 55 52 49 47 45 43 45 50 47 41 34 22 21 20 20 19 19 19 19 18 18 18 18 18 18 23 31
72 72 71 70 70 70 70 69 69 70 70 69 70 70 70 70 71 72 71 71 72 70 69 70 71 71 70 70 69 69 69 70 69 68 67 66 66 65 66 66 66 66 65 64 64 63 63 63 62 61 61 61 61 61 61 61 61 61 60 58 57 55 54 53 53 52 52 55 55 55 53 50 47 45 44 46 52 41 26 22 21 20 20 20 19 19 19 19 18 18 18 19 19 22 32 34
72 72 72 72 72 71 71 70 69 70 70 70 70 70 70 70 70 70 69 70 69 68 68 68 70 70 69 69 69 69 69 69 69 68 67 66 66 66 65 66 67 66 64 64 63 63 62 62 62 61 62 62 62 62 62 62 61 61 60 59 57 55 53 52 52 53 53 55 58 56 53 51 48 46 45 49 48 32 23 22 20 20 20 19 19 19 19 19 19 18 18 20 22 32 35 36
72 72 73 72 73 73 71 70 69 70 70 70 70 70 70 70 69 69 69 68 68 68 67 68 69 69 68 68 69 68 68 68 68 68 66 66 67 67 66 65 65 65 65 64 64 63 63 62 62 62 62 62 62 62 62 61 61 60 60 60 59 57 54 55 55 54 55 56 58 57 55 54 53 50 49 49 41 26 22 21 20 20 20 19 19 19 19 19 19 21 23 28 30 34 36 37
72 72 72 73 72 73 73 73 71 70 70 70 70 70 70 70 69 69 69 68 68 68 67 68 68 68 68 68 70 69 67 67 67 67 66 66 67 67 66 66 66 65 64 65 64 64 64 64 63 62 62 62 62 63 62 61 59 59 60 61 60 56 54 57 55 62 56 59 59 58 57 56 58 54 51 49 40 25 22 20 20 20 20 20 19 19 19 19 19 31 33 34 34 35 37 37
72 72 72 72 73 73 73 73 73 71 70 70 70 70 69 69 69 69 69 69 68 68 68 67 67 67 67 67 68 69 67 66 66 66 67 66 66 66 66 66 66 65 64 64 64 65 65 66 64 63 63 64 63 63 62 60 59 59 59 59 58 55 55 56 57 62 60 60 59 62 62 57 57 58 57 52 38 24 22 21 20 20 20 20 20 20 19 20 28 35 35 34 36 36 37 37
72 72 72 72 73 73 73 73 73 73 71 71 72 72 71 70 69 69 69 69 68 68 68 67 67 68 67 68 68 67 66 67 67 67 67 66 66 66 66 66 65 64 63 64 65 64 63 63 63 64 64 64 63 63 61 59 58 58 57 57 56 56 56 56 62 64 65 61 62 64 65 60 60 61 59 47 26 24 22 22 21 21 20 20 20 20 20 27 35 34 34 35 36 36 37 37
73 72 72 72 72 72 73 73 73 73 74 74 75 75 74 71 70 70 70 70 69 69 68 68 68 68 68 67 67 67 67 68 68 67 68 67 66 66 66 65 64 64 63 63 63 64 63 62 63 63 64 63 62 61 60 59 58 58 58 57 58 58 56 58 68 69 68 60 65 66 65 63 60 59 54 34 26 24 23 22 22 21 21 21 20 20 20 30 34 34 34 35 36 36 37 37
73 72 72 72 72 73 73 73 73 73 73 74 74 75 75 72 71 71 71 71 70 69 68 68 68 69 69 69 68 67 67 68 67 68 68 68 67 67 66 64 63 63 62 62 62 65 62 62 63 63 63 62 62 61 60 58 59 60 60 59 62 62 59 59 63 65 64 59 63 66 64 63 61 60 52 35 27 25 24 23 22 22 21 21 21 21 26 33 33 33 34 34 34 35 35 36
74 73 73 73 73 73 73 73 73 73 73 73 74 75 74 74 73 72 71 71 71 69 68 68 68 69 70 71 69 69 67 66 66 68 68 68 67 67 66 64 64 64 64 63 62 62 63 62 62 62 62 61 61 60 59 59 60 61 61 62 63 63 60 59 61 60 60 61 65 65 63 62 60 55 39 29 27 26 25 24 23 22 22 22 21 24 33 32 31 31 32 32 33 34 34 35
74 74 73 74 73 74 73 73 73 73 73 73 74 74 74 74 74 73 72 71 71 69 69 69 68 69 71 72 71 69 68 67 66 66 66 66 67 66 65 63 64 64 64 63 63 61 62 62 61 61 61 61 61 59 60 60 60 62 63 64 63 61 60 60 60 60 63 65 63 61 60 57 47 34 31 29 28 27 26 25 24 23 22 22 25 30 30 31 31 31 32 33 33 34 35 35
74 74 74 75 75 74 74 73 73 74 73 73 73 73 73 74 74 74 74 72 71 69 69 68 68 68 69 71 71 70 69 68 66 66 65 66 66 65 64 64 64 64 64 64 63 62 61 61 61 60 61 60 61 60 60 61 62 63 64 64 62 62 64 62 62 65 66 67 60 51 49 43 37 33 31 30 29 27 26 25 24 24 23 23 32 33 30 29 31 33 32 34 34 34 35 35
74 74 75 76 75 75 74 74 74 74 74 73 72 73 73 74 74 75 75 73 71 70 69 69 68 68 69 71 72 71 70 68 68 68 66 65 65 64 65 64 64 64 64 65 65 64 63 62 62 62 61 60 61 59 60 61 63 64 65 64 63 65 66 66 65 69 68 66 57 49 45 41 36 34 32 31 30 29 28 26 25 24 24 29 35 34 33 30 33 33 34 34 34 35 35 35
75 74 74 75 76 75 75 74 74 74 74 73 73 73 74 74 74 74 74 75 73 71 70 69 69 69 70 71 72 71 70 69 68 68 68 67 66 64 64 63 64 64 64 65 65 65 65 63 62 63 61 60 60 60 60 60 62 63 64 64 65 66 69 68 68 69 68 61 53 48 44 39 36 34 33 31 31 30 29 27 26 26 31 36 36 35 34 33 33 34 35 35 35 35 36 35
76 75 75 75 76 75 75 74 74 74 74 74 74 74 73 73 73 74 74 75 74 72 71 69 69 69 70 71 72 71 70 70 69 69 69 68 66 66 64 64 63 62 62 63 64 64 64 63 64 64 62 60 60 61 61 60 61 63 64 65 67 69 68 68 68 69 64 53 49 46 41 38 36 35 34 34 34 32 30 28 28 35 37 38 36 36 36 34 34 34 35 35 36 36 35 36
77 76 76 75 75 75 75 75 74 74 74 74 74 74 73 73 73 74 74 74 73 72 71 70 69 70 70 72 72 72 71 70 70 69 68 67 68 70 65 64 63 63 62 61 62 63 63 62 62 61 61 61 61 60 62 61 62 64 64 66 69 69 68 68 68 66 55 52 47 43 40 38 36 41 45 38 36 33 32 38 40 40 39 37 35 35 35 34 35 35 36 36 37 37 37 37
78 77 77 76 76 75 75 75 75 75 74 74 74 74 73 73 73 73 73 73 73 72 72 70 70 70 72 74 71 71 71 70 70 70 69 68 67 69 66 65 63 64 62 62 62 61 61 61 61 60 60 62 62 61 63 62 63 64 65 66 69 68 63 60 56 54 51 48 44 41 40 40 38 49 48 40 37 35 41 42 41 40 40 38 37 36 34 33 34 35 36 36 37 38 37 38
79 78 78 78 77 76 76 76 76 76 75 75 74 74 74 73 73 74 74 74 73 72 72 70 72 74 73 71 70 70 70 70 70 70 70 69 68 67 66 65 64 64 63 63 63 62 60 61 62 62 62 62 62 62 61 62 63 65 65 66 68 63 54 53 51 49 47 45 43 43 42 41 42 53 50 43 40 41 42 41 41 40 40 39 37 38 38 37 35 35 36 37 38 38 40 40
80 79 79 79 78 77 76 76 76 76 76 75 75 75 74 74 74 73 74 74 73 72 71 70 71 73 72 70 69 70 70 70 70 70 70 69 68 67 66 65 64 64 64 64 64 63 61 59 59 61 63 63 62 62 61 62 63 64 66 65 58 52 51 51 48 49 49 47 45 45 45 47 54 54 51 46 45 44 42 41 41 40 40 39 39 39 38 37 35 36 36 37 39 43 45 44
80 79 79 80 79 78 77 77 76 77 77 76 76 75 75 74 74 74 74 73 73 72 71 71 72 70 70 70 69 70 69 70 70 70 70 70 69 67 66 65 65 64 64 64 65 63 62 61 60 60 63 61 61 61 61 62 64 64 64 57 52 50 49 49 48 50 49 48 46 47 50 55 59 55 50 47 45 44 43 42 41 41 41 39 38 39 38 36 37 38 37 38 40 43 44 44
81 80 80 80 80 79 79 77 77 77 77 77 77 76 75 74 74 74 73 73 73 72 71 72 73 72 70 70 70 69 69 69 70 70 69 69 71 67 66 66 65 64 63 65 65 64 62 61 59 60 60 60 60 60 61 63 64 64 58 52 51 50 48 49 49 50 51 50 49 51 56 58 63 53 50 48 46 45 44 42 41 41 40 39 39 39 38 37 37 40 38 38 39 41 42 43
82 81 80 80 81 81 80 78 78 78 78 78 77 77 76 75 74 74 74 73 73 72 72 75 74 72 71 70 69 70 69 69 69 69 69 68 70 68 66 66 65 64 64 63 64 64 62 60 59 58 59 61 60 60 61 63 64 62 55 51 51 49 47 48 48 50 52 53 53 55 59 68 62 53 51 49 48 47 45 43 42 40 39 39 39 39 38 38 38 39 40 39 39 42 41 41
83 82 81 81 81 81 82 80 78 79 79 78 77 77 76 75 75 75 74 74 73 72 72 75 75 74 71 71 70 70 70 69 69 69 69 68 69 70 70 70 68 68 68 64 63 63 61 60 58 59 58 60 60 60 60 62 63 60 54 51 50 47 47 47 47 49 59 59 60 61 67 76 57 54 53 52 51 50 47 45 42 40 39 39 39 39 39 39 39 39 40 39 40 42 43 42
84 84 83 83 82 82 83 81 79 80 80 80 78 77 76 76 76 75 75 74 73 73 73 74 75 75 72 71 71 70 70 70 69 68 68 68 68 71 71 71 72 72 65 63 65 64 60 60 59 59 60 60 63 61 61 61 62 59 55 51 49 46 46 47 50 61 65 64 63 66 80 71 56 56 54 54 53 53 50 46 42 40 39 39 39 39 40 40 40 40 40 41 41 42 42 43
85 85 84 84 84 83 85 83 80 80 81 80 79 78 77 76 76 76 75 74 74 74 75 75 74 74 72 72 72 71 71 71 70 69 69 71 72 70 72 73 73 73 68 64 62 61 61 61 60 60 59 60 62 62 62 62 64 60 57 55 49 48 46 47 60 68 79 76 77 81 80 64 56 56 54 53 52 51 49 46 42 40 40 39 39 40 41 41 41 41 41 42 41 43 43 43
86 86 85 85 85 85 85 83 81 81 82 80 79 78 78 77 76 76 75 75 75 74 74 74 74 74 74 73 73 72 72 72 70 70 69 70 68 71 73 74 74 73 66 64 65 62 61 61 60 61 59 60 61 62 63 65 68 62 55 54 49 47 50 58 73 83 89 87 86 89 71 56 55 53 52 52 49 48 46 44 42 40 39 39 39 39 41 41 41 41 41 42 43 43 43 43
