data/bioclim/bclim17.asc
NCOLS 210 
NROWS 174 
XLLCORNER 27.125 
YLLCORNER -2.20833333333333 
CELLSIZE 0.0416666666666667 
NODATA_value -32768 
[rows 126 to 167 of 174, columns 96 to 191 of 210]
97 96 94 94 93 93 94 97 99 104 110 117 124 132 139 146 154 163 171 182 190 201 211 225 239 252 264 275 281 286 284 280 275 270 264 259 254 248 244 238 234 229 223 219 213 208 202 196 191 185 180 175 169 164 159 154 150 145 141 136 133 129 125 122 119 117 115 114 115 116 120 124 132 141 152 166 180 184 192 200 204 208 211 215 219 220 219 219 217 216 216 218 220 233 264 278
94 94 92 91 92 91 93 95 99 103 108 116 123 131 138 146 155 165 175 182 188 200 212 226 240 255 269 281 290 294 292 286 279 273 266 260 255 249 243 238 233 227 221 217 211 205 200 194 188 182 177 173 167 162 157 152 146 142 137 134 130 126 123 120 118 115 115 113 114 116 119 124 131 139 148 165 180 194 192 197 202 205 208 209 213 217 221 220 218 217 216 218 224 234 254 270
92 91 89 89 90 90 91 93 97 102 108 114 121 129 137 146 155 165 175 182 188 200 212 226 242 257 270 283 295 299 296 288 281 275 267 261 255 249 242 236 231 225 220 214 209 203 197 191 186 181 175 170 164 159 153 149 143 140 135 131 128 124 120 117 116 115 112 112 114 116 119 123 129 137 145 163 182 187 186 194 202 203 205 206 209 212 216 221 221 222 223 225 237 247 267 280
89 88 87 87 88 88 90 92 95 100 106 113 120 129 137 146 157 168 178 183 191 201 213 226 241 255 269 280 290 294 294 287 281 275 267 261 254 248 242 236 230 225 219 213 207 201 195 190 184 178 172 167 162 156 152 147 142 137 133 129 126 121 119 117 114 113 112 112 112 115 118 123 128 137 145 155 173 175 183 192 207 207 205 204 205 209 214 220 231 245 250 270 281 274 295 291
85 84 85 84 85 86 88 90 94 100 105 113 121 129 140 148 158 169 179 185 192 202 213 225 239 251 264 275 283 286 286 284 276 273 265 258 252 246 240 234 228 222 216 210 205 199 193 187 181 175 169 166 160 154 149 144 139 136 131 127 124 121 118 115 113 113 112 112 112 115 119 122 130 141 143 153 165 173 182 193 224 219 206 204 205 211 219 234 244 258 264 279 289 289 298 294
84 82 82 82 83 84 86 89 92 98 104 111 121 129 139 149 161 172 180 187 194 203 214 224 236 248 260 269 275 279 279 276 274 268 262 256 251 244 237 231 225 220 214 208 202 196 190 184 178 174 169 163 157 152 146 143 137 133 129 125 122 119 116 114 112 111 111 111 114 127 118 122 129 137 145 153 163 173 181 190 207 209 206 207 211 215 223 230 243 259 276 288 292 296 296 293
81 81 80 80 82 83 86 88 92 96 102 110 121 131 141 152 162 173 182 188 195 204 214 224 234 244 253 261 267 270 271 270 269 263 258 253 248 242 235 229 224 218 211 205 199 193 188 183 177 172 166 160 155 150 146 140 136 132 127 123 119 116 115 112 110 110 109 110 119 154 127 120 126 150 194 163 164 175 193 191 200 208 208 209 215 223 240 240 255 278 289 297 304 300 296 293
79 77 78 78 80 81 83 86 91 95 101 109 120 131 142 153 162 174 183 189 196 204 213 222 231 240 247 254 259 262 264 263 261 257 254 249 243 238 233 228 222 216 210 204 199 193 187 181 175 169 163 159 153 147 143 139 134 129 126 122 119 116 113 111 109 108 108 109 110 111 115 119 124 163 221 163 171 196 195 194 210 216 215 219 222 229 242 273 307 313 316 307 303 300 296 294
76 75 75 76 77 79 82 85 88 93 99 108 119 132 143 153 163 173 183 190 196 204 212 220 228 237 243 249 253 257 257 257 255 252 249 245 240 235 229 224 219 213 207 202 196 190 184 178 172 167 162 156 150 146 141 137 132 128 123 120 117 114 111 110 108 106 106 107 108 110 114 130 165 145 188 161 168 213 198 214 216 223 223 235 242 246 271 308 332 323 307 299 287 288 290 291
73 73 73 73 75 79 82 83 86 91 98 108 119 131 144 154 163 173 184 190 196 203 211 218 226 232 238 243 248 250 252 251 249 248 244 241 236 231 226 221 216 210 204 199 193 187 181 176 171 165 159 154 150 144 139 135 130 126 123 120 115 113 110 108 106 105 105 105 105 107 110 147 260 233 230 162 164 187 223 228 227 232 233 240 264 275 289 322 333 316 303 294 287 285 292 289
71 70 71 72 73 75 78 82 85 91 98 107 118 130 142 153 161 173 184 189 196 203 209 216 223 229 235 239 243 245 246 246 245 243 240 237 232 228 222 217 214 207 201 196 190 184 180 174 168 163 157 153 147 142 138 133 129 124 121 117 114 111 108 107 105 103 103 103 103 104 118 234 244 220 168 154 174 218 237 238 237 237 240 244 267 295 311 332 332 316 304 302 294 284 293 293
69 68 69 70 71 74 76 80 84 90 97 106 116 127 139 149 160 171 182 189 196 202 209 215 220 226 231 234 238 240 240 241 240 238 235 232 228 224 220 215 210 205 199 193 187 183 178 172 166 160 156 150 144 141 135 132 127 124 118 115 112 109 107 104 103 102 101 100 101 101 112 162 151 145 143 189 221 217 222 232 233 233 236 246 262 288 321 337 332 321 314 310 297 286 299 305
66 65 67 67 69 72 75 79 83 88 97 105 115 126 137 148 159 169 180 189 195 201 207 213 218 224 228 232 234 236 237 237 235 234 231 229 225 222 217 212 207 202 196 191 185 181 175 169 163 159 153 148 144 138 135 129 126 121 118 114 111 108 105 103 101 100 99 98 99 98 100 129 133 142 205 195 190 196 204 214 227 232 241 252 281 294 317 329 331 324 314 312 300 295 307 293
63 64 65 66 66 70 74 77 81 87 94 104 114 124 134 146 157 167 179 189 194 201 207 212 217 221 226 228 230 232 232 232 232 231 228 225 222 217 213 208 204 198 193 188 183 178 172 168 163 157 151 147 141 137 132 127 123 120 115 112 109 106 105 102 100 98 97 96 96 96 96 109 132 142 152 165 173 183 190 201 217 232 244 261 285 312 308 329 330 329 319 308 305 314 295 275
60 61 63 65 67 66 69 73 79 86 93 101 112 123 133 145 156 166 178 188 194 201 206 211 215 219 222 225 226 228 229 229 228 226 225 221 219 214 210 205 201 195 190 185 181 176 171 165 160 154 150 144 139 135 130 126 122 118 115 112 109 105 102 99 98 97 95 94 94 93 93 96 109 121 137 152 164 170 182 206 219 238 244 258 282 297 297 322 328 328 321 311 316 297 278 259
59 60 60 63 65 65 68 72 79 86 93 101 111 122 133 144 155 166 177 186 195 200 206 210 214 218 220 223 224 226 226 225 225 222 220 219 215 211 208 203 198 193 189 183 178 174 168 163 157 153 148 142 138 132 129 123 120 117 112 109 106 103 101 99 96 96 95 93 92 91 92 92 96 107 129 144 157 165 177 199 236 236 254 256 267 308 314 321 332 331 320 310 298 282 264 246
57 57 60 63 65 66 67 72 79 85 93 101 110 122 133 144 155 166 176 185 194 200 205 209 212 216 218 220 223 222 223 223 222 220 217 215 213 208 204 200 196 190 186 180 177 172 166 161 156 151 145 141 136 132 126 123 118 114 111 108 105 103 100 98 96 95 93 92 91 91 91 93 99 108 119 132 151 163 176 198 230 236 248 265 279 305 318 324 327 313 303 293 284 267 250 231
54 56 57 61 62 64 68 73 80 85 93 102 112 123 134 146 155 165 176 185 193 201 206 208 212 215 217 218 219 220 220 219 218 216 214 213 209 205 202 198 193 189 184 179 174 169 163 159 153 148 144 139 134 129 126 120 117 114 111 107 103 102 99 97 95 94 93 93 92 92 94 96 102 112 123 134 149 167 181 195 218 233 240 260 289 312 315 312 304 295 285 276 263 248 231 217
53 55 56 59 61 64 68 74 81 88 96 105 114 124 136 146 157 167 176 184 192 199 205 209 211 214 215 217 217 218 217 217 216 214 213 210 207 203 199 195 191 187 181 177 172 168 162 157 151 147 142 137 133 127 123 120 115 111 108 105 102 99 99 96 95 94 94 93 93 93 96 99 108 119 129 140 151 170 198 207 213 223 232 244 260 282 296 293 284 278 268 260 246 231 219 206
52 53 56 58 60 65 70 76 82 89 98 107 116 127 138 148 156 168 177 186 192 199 205 208 211 212 214 215 216 216 216 214 213 211 209 207 204 200 197 193 189 184 180 174 170 165 159 155 150 144 141 135 130 127 121 118 114 109 106 103 102 99 96 96 94 93 93 94 95 96 99 103 113 130 140 149 157 166 179 195 219 229 226 233 250 271 279 276 267 261 255 244 232 220 209 198
51 52 54 57 61 65 70 77 84 92 100 110 120 130 141 150 161 171 179 187 193 198 204 208 211 212 213 214 214 213 214 213 211 209 207 204 201 198 194 190 187 183 178 173 168 163 159 153 148 143 138 133 129 124 120 115 112 109 106 103 100 97 96 94 94 93 93 95 96 98 101 110 121 137 145 152 165 173 178 190 204 226 225 226 241 256 268 261 250 245 241 229 218 209 201 189
49 52 55 57 62 67 71 78 85 92 102 113 122 133 144 155 164 172 180 187 194 198 202 206 209 211 212 212 212 212 211 211 209 207 205 201 198 196 192 188 184 179 175 170 166 161 156 150 146 141 136 132 126 123 118 114 109 106 103 100 97 97 94 94 94 94 94 94 97 100 105 117 128 140 149 157 164 176 182 187 191 197 205 210 218 237 251 246 234 231 226 217 209 203 191 178
50 51 54 58 62 67 72 79 85 95 105 114 124 137 149 158 168 175 183 188 193 198 202 204 206 208 210 211 210 211 210 207 206 204 202 200 197 194 191 186 182 178 173 169 164 159 155 149 144 139 134 129 126 120 116 112 108 104 101 98 96 95 92 92 91 91 91 94 96 102 112 122 130 142 154 162 170 171 178 189 193 194 194 195 203 216 230 224 219 218 214 208 202 194 182 167
50 52 55 58 62 67 73 79 88 96 106 117 126 140 152 161 171 178 184 189 193 196 199 202 204 204 207 208 208 208 208 206 204 203 200 198 194 191 188 185 180 176 172 167 162 158 152 148 143 138 132 127 123 118 114 110 106 102 99 96 95 92 90 89 89 89 91 93 97 104 115 133 139 149 153 165 172 183 185 194 204 197 200 196 193 203 208 214 215 210 205 199 193 185 169 161
50 52 55 57 61 67 72 80 88 97 107 119 129 141 155 165 173 181 186 190 192 195 198 199 201 201 203 203 204 204 203 204 203 201 198 194 193 190 185 182 178 174 169 165 160 155 151 146 140 135 131 125 121 116 112 108 104 100 97 94 92 89 89 86 86 87 91 95 97 109 121 132 134 142 148 165 173 182 190 201 209 202 205 202 203 198 199 203 204 207 201 194 184 171 161 154
51 52 54 57 62 67 72 80 87 97 107 119 129 144 156 165 170 181 187 189 192 193 195 196 197 198 199 198 199 200 199 198 198 196 196 193 191 188 184 181 176 172 168 164 160 154 149 145 140 134 129 123 119 115 110 106 103 98 95 92 89 86 85 83 83 85 88 90 98 106 117 124 125 130 135 148 159 170 179 194 204 206 209 207 205 205 202 197 197 197 195 188 172 159 152 146
50 52 54 57 61 66 72 79 86 96 106 120 133 147 156 165 178 182 186 187 189 190 191 192 192 193 194 195 195 194 195 194 193 193 191 189 188 185 182 179 175 171 167 163 158 154 147 142 137 132 127 122 117 112 108 103 100 95 92 89 85 83 82 80 79 82 83 85 93 108 109 110 115 122 132 143 154 165 175 183 192 198 206 210 205 209 202 198 192 193 189 178 159 152 145 140
50 51 54 57 60 65 71 77 85 94 104 117 127 145 158 157 173 178 182 184 184 186 186 187 187 188 189 189 190 190 189 189 187 188 186 185 183 182 180 177 174 169 166 162 156 151 147 141 136 131 125 120 115 110 105 102 97 94 89 86 82 79 79 76 77 81 89 83 86 90 96 111 115 123 135 145 153 167 182 191 194 192 197 203 204 204 199 194 189 184 170 159 151 146 142 135
53 51 53 56 59 63 68 75 82 91 102 112 119 140 152 161 170 173 177 178 180 180 181 181 182 183 183 184 184 184 184 184 183 182 182 180 179 177 176 174 171 168 165 160 155 150 145 141 134 129 123 118 112 108 103 99 96 91 87 83 79 76 73 73 73 75 80 81 83 88 93 100 105 115 130 141 160 179 182 173 165 179 184 193 197 196 195 189 175 163 159 152 147 140 135 128
52 49 52 56 58 61 67 73 79 85 96 104 118 133 143 148 162 166 170 173 173 174 175 175 176 177 178 178 178 179 179 178 178 177 177 176 175 174 171 170 168 165 163 158 154 149 143 138 132 128 121 117 111 106 100 97 93 88 84 81 77 73 70 69 69 69 74 78 91 91 99 102 105 113 122 127 134 138 137 141 149 156 164 172 179 184 180 167 158 155 151 147 142 135 128 123
50 49 50 53 56 59 64 70 74 83 92 97 107 124 129 144 153 158 162 163 166 166 168 169 170 170 171 171 173 173 173 173 173 173 171 171 170 169 168 167 165 162 159 156 152 148 142 137 131 125 120 114 108 103 99 94 89 86 81 78 74 71 68 66 63 66 70 75 89 98 104 106 103 108 110 114 119 126 130 135 141 148 156 168 167 161 156 156 151 146 142 140 137 130 124 119
47 49 49 51 55 58 62 67 71 80 85 92 106 118 126 136 142 148 151 155 157 158 161 161 162 164 165 165 166 166 168 168 167 167 168 167 167 165 164 163 161 159 157 154 151 147 141 135 130 123 118 112 106 101 96 93 87 83 79 76 72 69 69 69 63 62 66 71 80 81 85 90 95 101 106 112 117 123 129 133 136 138 138 149 152 150 150 149 144 140 137 134 131 124 121 116
46 47 48 50 52 56 59 65 70 76 78 88 97 109 115 126 133 137 142 145 148 151 153 154 156 156 158 160 160 160 161 162 162 162 162 161 161 161 161 160 158 156 154 151 148 145 140 134 128 122 116 109 103 99 94 90 85 81 77 73 70 68 75 77 68 66 69 70 79 86 85 89 93 98 103 109 114 120 127 138 145 142 138 144 145 143 143 143 138 135 132 128 125 119 116 111
43 45 47 49 49 53 57 62 66 71 75 76 86 101 107 117 122 129 132 137 140 142 144 146 148 149 151 152 153 155 155 155 157 156 156 157 156 157 156 156 155 153 152 150 146 143 139 134 127 120 113 107 101 96 91 88 82 79 75 72 69 66 68 69 72 73 74 73 80 87 84 86 90 96 101 107 113 121 134 146 141 136 136 136 139 142 143 141 136 133 130 126 120 117 112 108
40 44 46 46 49 50 54 59 63 65 69 73 80 94 99 107 113 118 122 127 130 133 136 138 141 142 144 146 146 148 149 150 151 150 151 152 151 152 152 152 151 151 149 148 144 142 137 132 125 118 111 105 98 94 89 85 81 76 73 70 67 64 64 64 68 75 83 80 85 82 84 86 90 104 101 106 117 124 137 142 137 134 143 138 138 142 141 138 133 131 129 123 117 114 109 106
37 43 43 45 45 47 52 55 57 61 60 67 79 86 93 99 104 109 114 118 122 125 128 131 133 135 137 139 140 141 142 144 145 145 145 146 147 147 147 147 148 147 147 146 142 141 136 130 123 116 108 101 95 91 85 81 78 74 71 68 67 65 63 63 68 72 78 86 91 92 88 91 94 102 103 106 114 124 134 139 130 131 142 135 135 137 138 134 131 130 126 120 115 110 106 103
36 40 41 42 44 47 50 51 51 55 54 60 70 78 85 91 97 102 105 110 114 118 121 124 126 127 130 132 134 135 136 137 138 139 139 141 142 141 143 143 143 144 143 144 142 139 134 128 121 113 105 98 92 87 83 78 76 73 70 67 66 65 64 65 66 70 79 92 95 98 98 98 95 98 104 109 118 120 123 126 124 128 135 132 131 132 132 132 128 126 123 118 112 108 103 99
32 38 39 39 40 44 45 47 47 50 51 55 68 71 79 84 88 94 98 102 105 110 113 116 119 121 123 125 128 129 130 131 132 133 135 135 136 137 137 138 139 139 140 140 139 137 133 127 119 110 101 94 87 83 78 76 73 70 68 65 63 63 64 66 66 70 78 85 89 88 95 92 93 101 103 103 108 113 116 118 120 122 125 127 129 128 128 127 124 122 119 114 109 104 100 95
31 37 38 38 37 41 42 43 44 45 47 53 61 65 73 76 81 87 90 94 98 102 106 109 112 115 116 119 121 122 124 126 126 127 129 129 130 131 131 132 134 134 135 136 136 136 133 123 116 107 98 90 83 79 77 73 70 68 66 68 66 62 61 61 65 69 71 75 79 82 87 92 95 97 96 99 105 111 116 116 115 119 122 123 125 124 123 122 120 118 113 110 105 101 96 92
29 35 35 34 35 37 39 39 40 43 43 53 55 59 66 71 74 80 84 87 92 96 99 103 106 108 111 112 115 116 118 120 120 121 123 123 124 125 126 126 127 128 129 129 130 131 129 120 111 104 94 86 79 84 81 71 68 66 65 66 68 67 63 61 66 69 77 75 78 81 83 88 92 92 92 96 102 105 112 110 113 115 115 119 120 119 119 117 114 112 110 106 101 97 94 89
28 34 32 31 34 34 36 37 37 41 45 48 50 55 60 64 70 73 77 80 85 89 93 96 99 101 104 107 109 110 112 114 114 116 117 116 118 119 120 120 120 121 122 123 121 122 118 112 106 100 91 83 77 81 74 67 65 64 62 62 60 62 63 62 62 62 66 71 74 77 82 86 87 87 88 90 95 100 105 107 109 111 111 113 115 113 114 113 110 108 106 102 98 95 90 86
30 31 30 29 32 32 33 34 34 36 39 44 46 52 56 59 63 67 71 76 79 83 86 90 94 97 98 101 103 104 106 107 109 109 110 111 112 112 113 114 114 114 116 115 113 112 110 106 101 96 90 81 82 72 66 64 62 60 60 60 58 58 58 61 62 62 62 65 69 74 78 83 84 80 84 86 88 93 100 106 106 104 106 109 109 109 108 107 105 103 102 99 94 91 87 83
