data/bioclim/bclim19.asc
NCOLS 210 
NROWS 174 
XLLCORNER 27.125 
YLLCORNER -2.20833333333333 
CELLSIZE 0.0416666666666667 
NODATA_value -32768 
[rows 84 to 125 of 174, columns 94 to 187 of 210]
291 347 359 366 370 375 379 401 411 409 400 396 389 389 382 378 367 361 356 350 347 345 342 342 346 352 355 361 366 367 306 305 304 303 303 302 303 304 306 307 308 310 311 312 315 316 316 316 314 312 310 310 311 315 322 333 347 362 369 375 381 382 380 380 380 383 387 386 384 380 378 381 381 381 387 387 390 392 395 398 401 403 408 410 415 415 409 405 401 399 394 388 382 368
349 365 366 378 383 385 391 409 413 408 405 396 386 385 374 373 363 357 354 347 343 343 340 342 346 350 356 363 305 308 304 302 301 298 297 297 296 297 298 299 300 301 302 302 304 303 303 303 301 300 298 297 296 299 310 324 337 348 358 369 374 375 376 377 380 385 387 387 382 384 385 382 382 383 387 388 389 391 395 398 401 411 438 424 434 435 421 412 405 405 402 396 385 372
365 375 381 389 395 393 394 404 410 406 406 389 380 374 370 367 359 355 349 344 341 339 341 340 279 346 291 358 303 368 301 299 296 294 293 291 291 290 292 292 292 293 293 293 292 291 291 291 290 289 288 286 285 289 300 313 325 337 347 357 364 369 372 376 379 386 383 383 381 380 383 374 386 385 375 387 388 391 394 404 430 465 485 482 488 476 440 429 411 409 410 403 391 378
364 378 382 391 395 393 399 407 402 401 394 383 373 369 365 363 354 350 345 341 340 340 339 339 279 282 345 291 294 297 296 293 290 287 286 286 285 284 285 285 286 286 284 284 283 282 281 280 280 280 279 279 280 284 294 305 317 328 340 349 357 363 369 373 379 382 381 380 380 380 384 384 385 386 374 384 388 383 397 424 502 527 530 526 527 515 474 439 421 419 417 407 394 383
364 376 379 386 390 396 399 401 394 393 381 371 367 362 358 354 348 346 341 340 339 338 273 336 277 339 281 284 342 341 288 287 283 282 280 280 280 279 280 280 279 278 279 276 274 273 272 273 273 273 274 274 276 281 289 299 310 323 333 343 352 359 365 371 375 378 381 381 382 383 382 367 368 367 371 373 387 381 403 456 544 552 552 550 556 536 495 461 424 435 419 411 390 392
360 370 375 382 389 389 391 390 382 377 370 368 365 359 354 350 345 344 339 337 334 334 334 274 275 278 279 279 281 282 282 280 278 277 275 275 275 275 275 275 274 273 273 271 269 267 266 267 270 269 270 271 273 279 285 296 306 317 328 338 347 355 362 368 375 376 378 380 379 377 364 364 366 381 384 382 377 389 411 473 558 559 565 570 573 558 528 519 455 429 402 414 405 388
359 368 370 377 382 383 380 378 370 368 366 365 360 354 349 347 343 342 338 333 332 331 269 329 273 274 275 276 276 319 276 274 273 272 271 270 270 270 271 271 270 269 269 268 266 265 264 266 266 267 267 270 272 277 283 292 303 314 324 334 345 352 359 370 375 378 378 376 374 373 360 361 363 365 368 371 374 395 428 545 564 564 580 584 583 572 533 496 434 408 413 405 397 394
355 363 365 369 369 373 368 367 366 364 359 358 354 348 347 342 339 338 334 331 327 328 327 324 269 270 272 272 271 272 270 269 269 268 267 267 267 267 267 268 267 267 265 265 265 263 263 264 266 267 269 270 272 276 283 292 301 311 322 331 340 350 357 365 372 375 374 365 362 366 354 355 356 362 365 375 380 383 431 525 561 576 586 594 593 579 558 510 468 431 408 398 391 388
346 350 353 357 360 360 360 361 359 357 355 350 348 343 342 339 336 333 267 328 324 324 323 264 266 267 267 268 268 267 268 267 265 265 264 264 264 263 264 265 265 264 264 264 264 264 264 265 265 267 269 273 275 278 285 294 301 309 318 328 337 345 352 359 366 368 368 366 358 354 359 349 349 365 361 374 410 393 403 465 547 574 592 597 595 592 568 541 472 449 409 394 386 383
336 343 349 354 353 355 355 353 349 348 347 346 341 339 338 335 266 265 263 263 261 262 263 262 262 262 264 264 264 265 264 263 263 263 262 262 262 262 262 262 264 263 263 265 265 264 265 265 268 269 271 276 279 282 288 296 303 308 316 325 332 339 346 352 355 359 359 357 352 349 352 342 344 347 352 365 401 421 439 448 503 562 594 597 596 593 588 565 527 476 410 389 385 380
338 340 345 347 348 348 349 347 346 341 341 339 337 334 333 331 263 262 261 260 259 258 260 259 259 260 261 261 262 262 263 261 261 262 261 261 260 260 260 261 262 262 262 265 266 265 265 267 270 272 275 280 283 286 291 297 301 306 314 323 331 334 340 343 347 347 348 348 344 343 345 344 336 337 341 350 385 421 440 527 556 562 594 595 593 592 589 570 525 460 403 387 385 381
337 338 341 344 344 343 349 344 342 338 336 333 332 331 329 329 261 325 259 258 256 256 256 257 257 257 258 258 259 260 259 259 260 259 259 259 259 258 259 259 260 261 262 265 266 265 267 269 272 274 275 281 286 288 292 297 300 304 312 320 325 328 332 336 338 339 339 338 336 332 335 334 325 326 332 345 438 526 497 460 509 547 588 594 592 590 583 565 536 472 408 391 388 386
337 337 338 341 343 341 340 341 340 335 332 328 327 257 326 258 258 258 257 255 254 253 252 254 253 254 255 256 258 258 257 257 258 258 258 257 257 258 259 258 259 260 263 264 265 265 267 270 274 276 277 280 285 289 292 295 298 303 309 317 319 323 329 328 330 332 330 329 332 328 326 324 316 319 324 338 451 499 440 425 468 547 584 586 589 584 578 553 514 469 414 402 404 397
337 335 337 339 346 345 341 340 338 334 327 325 254 323 255 255 256 256 254 251 250 250 250 250 252 251 253 254 254 255 256 257 258 257 256 255 256 257 256 256 256 258 260 263 265 265 265 268 270 275 277 279 281 286 291 292 294 300 307 311 314 319 324 323 323 323 322 326 321 318 315 316 310 321 320 330 359 388 395 429 510 562 569 573 576 572 564 545 516 460 419 423 421 413
334 334 336 345 357 350 343 342 339 329 325 323 321 251 251 321 252 252 250 249 247 247 247 246 247 248 249 250 252 253 254 254 255 255 255 255 254 255 254 254 255 257 258 261 263 264 264 266 268 273 276 277 280 284 286 287 291 296 304 309 310 316 320 319 317 317 316 314 309 306 307 309 302 313 318 330 330 352 375 412 516 543 548 551 549 551 546 527 504 470 433 437 435 429
338 339 335 335 343 342 343 343 341 332 332 324 322 246 316 244 245 246 245 245 243 243 243 243 243 245 246 248 249 250 253 253 253 255 254 254 253 252 253 252 253 255 257 259 261 262 263 265 268 270 271 274 276 280 283 284 287 294 299 301 305 308 313 317 315 314 312 310 307 303 305 305 306 309 313 327 335 351 368 408 499 513 530 528 521 513 506 482 468 452 443 458 452 448
333 343 336 330 331 333 345 342 340 332 330 325 318 239 240 238 239 238 236 238 239 239 239 239 241 242 243 245 247 250 251 252 253 251 253 251 251 250 250 250 251 253 254 257 260 261 261 261 263 264 264 267 271 273 274 278 284 292 293 296 299 306 310 312 312 309 308 310 309 304 305 307 305 306 308 316 325 344 361 389 401 438 506 502 494 480 467 460 475 484 482 466 471 466
349 345 342 335 332 335 338 337 331 323 322 320 316 232 232 232 232 232 230 228 230 231 234 235 237 239 241 243 245 247 248 251 252 251 252 251 250 249 249 250 249 251 252 253 256 258 258 260 259 258 260 261 267 267 273 275 279 288 290 292 292 300 305 308 307 305 307 309 312 310 309 311 309 304 304 310 320 338 356 366 374 393 446 464 486 481 489 500 500 486 495 493 488 481
368 364 352 339 329 330 339 335 331 327 322 316 309 225 223 224 290 223 221 219 219 221 228 232 233 235 237 239 243 245 247 249 251 252 251 251 249 248 247 247 248 249 251 251 254 256 256 257 256 254 253 256 259 263 269 272 273 281 288 287 287 295 298 299 302 303 303 307 307 312 317 314 311 311 310 311 319 338 340 350 363 380 396 429 464 460 460 479 497 500 489 504 502 495
270 355 352 344 335 327 320 321 328 324 316 308 303 295 215 216 216 215 215 213 216 215 219 226 229 232 235 237 239 242 246 247 251 252 252 250 248 247 245 245 245 247 248 250 251 254 255 253 250 251 250 249 254 262 266 267 272 276 280 283 281 283 286 289 296 297 296 298 302 305 309 311 315 315 313 313 319 326 333 346 359 366 387 419 438 447 447 459 491 507 505 514 516 508
339 341 338 338 334 325 324 319 317 313 303 295 291 285 276 206 206 204 209 211 212 214 213 219 225 229 231 235 237 241 244 247 250 252 251 248 245 243 242 241 243 245 247 247 248 250 253 251 247 248 246 245 250 257 265 267 271 271 277 275 275 278 281 282 286 288 290 291 296 303 308 311 314 314 311 313 317 321 330 347 357 359 372 396 429 440 449 451 483 516 516 520 524 521
324 324 327 324 322 322 319 312 308 298 292 288 279 274 268 195 194 197 199 201 202 204 209 214 220 225 228 231 234 237 241 245 248 251 249 244 241 239 238 239 240 243 244 246 246 247 249 246 245 246 245 246 247 261 265 266 265 266 274 271 270 273 276 275 279 281 281 285 288 293 298 302 307 310 319 312 313 321 327 341 349 359 377 400 431 438 443 446 463 522 521 526 538 535
235 314 315 316 311 308 304 303 295 287 282 275 267 190 256 185 184 187 190 193 196 199 205 213 218 222 226 228 231 234 237 240 243 246 244 238 236 234 233 235 238 241 244 245 243 245 244 245 242 246 247 247 247 253 255 260 259 265 266 264 264 269 266 267 271 274 277 277 283 287 294 299 303 305 310 309 317 323 329 341 353 359 369 392 407 429 441 443 466 500 509 540 552 546
223 308 305 302 301 298 295 294 284 275 272 264 258 252 179 177 176 178 184 187 191 196 201 207 211 219 222 225 227 230 234 236 236 238 236 233 230 228 228 233 237 242 244 246 244 247 242 242 240 240 246 243 243 246 251 257 253 257 261 258 258 259 257 260 266 270 269 271 274 282 286 294 302 308 309 321 344 342 344 350 357 364 370 384 403 425 445 452 477 482 513 559 560 525
300 297 210 294 290 283 282 276 270 263 259 255 175 243 238 171 169 172 178 179 185 193 197 198 200 211 219 223 224 226 229 231 232 232 231 228 225 225 227 231 237 242 245 246 242 246 242 241 239 235 237 240 239 242 243 247 248 247 252 253 250 247 248 254 260 262 260 263 265 282 288 296 308 313 318 325 341 345 349 356 363 375 386 392 405 423 450 455 476 504 527 554 555 514
290 288 285 281 276 273 266 261 257 252 250 170 239 233 164 162 164 166 170 176 180 189 196 202 206 212 213 218 218 220 225 227 228 228 227 225 223 223 226 230 237 242 244 244 246 247 243 244 239 235 230 232 234 234 236 234 235 240 242 242 242 244 244 246 252 255 253 255 257 268 280 293 310 319 321 334 345 348 357 365 373 382 388 404 409 416 437 458 499 555 574 581 583 530
196 194 191 269 264 260 177 250 245 243 239 162 230 226 158 158 160 161 166 172 177 185 192 198 199 203 209 214 216 215 222 222 224 225 226 224 222 223 226 231 237 243 244 244 249 257 253 244 241 235 237 221 222 221 227 229 234 230 230 228 233 236 236 238 243 245 244 245 249 253 267 286 305 313 324 334 345 352 362 375 387 397 407 413 414 415 449 481 518 552 588 606 590 561
267 185 182 256 174 172 245 165 237 159 156 155 153 152 152 152 155 158 164 168 175 181 187 191 194 199 202 210 215 217 219 220 222 221 222 223 221 223 226 231 237 243 245 247 258 256 254 248 241 235 226 220 219 219 217 220 229 219 216 219 222 223 221 226 234 236 232 234 238 243 257 276 289 296 311 324 344 365 379 386 399 414 417 415 414 424 467 499 522 570 596 601 583 573
180 176 172 169 166 163 160 156 154 151 149 148 146 146 146 148 151 154 160 165 170 176 183 187 191 197 200 206 209 214 215 218 219 219 219 219 220 223 226 231 240 244 247 251 252 257 252 248 238 228 228 234 224 215 214 214 217 212 205 202 205 208 208 216 218 218 221 226 228 231 249 259 268 279 305 331 354 381 393 408 417 418 419 424 434 449 471 494 529 560 586 586 567 562
172 168 164 160 158 154 152 148 146 144 142 141 140 140 141 143 147 151 156 162 167 172 180 184 191 196 199 205 209 213 214 215 217 217 216 217 218 221 225 230 237 244 247 253 253 253 254 246 235 230 223 215 214 217 213 211 207 202 197 195 195 195 195 198 199 201 205 211 216 219 230 240 250 275 319 344 366 393 411 416 414 412 422 439 447 445 461 482 519 557 565 565 560 557
164 161 157 154 151 148 144 141 140 137 136 135 135 136 137 139 143 148 153 158 164 170 176 182 188 195 200 206 212 212 215 216 216 215 214 215 218 222 226 231 237 242 247 249 249 247 245 242 237 230 223 218 227 221 214 210 205 199 195 191 195 189 186 186 189 190 195 197 198 202 206 216 233 263 304 329 356 381 392 394 400 423 433 433 434 437 448 481 516 533 538 549 550 546
157 153 150 147 145 141 138 135 133 131 130 129 130 130 132 136 140 145 150 156 161 168 174 181 188 194 202 206 214 217 216 219 218 216 214 216 219 225 228 232 239 242 245 244 245 245 245 243 228 224 222 220 220 227 218 211 202 197 193 189 191 186 179 178 178 180 180 182 184 183 188 198 235 255 277 301 337 361 372 389 404 421 438 446 452 464 468 472 495 510 529 528 529 541
151 149 145 142 138 134 132 129 127 124 123 124 124 127 129 133 138 142 149 155 161 167 173 181 188 195 203 209 214 219 221 223 222 221 220 221 226 230 232 236 238 242 243 241 240 242 247 243 236 226 224 221 223 226 219 208 201 194 188 184 179 175 172 171 171 169 167 167 167 167 170 185 205 218 247 271 301 333 363 385 396 416 431 436 447 458 469 463 471 482 465 473 497 529
146 145 140 138 132 129 126 123 121 119 118 117 120 122 126 131 136 140 147 152 158 166 173 180 187 196 206 212 218 223 226 229 230 231 232 231 234 236 238 240 241 242 242 241 242 245 247 239 230 226 224 224 222 224 217 208 200 192 186 180 175 171 167 164 161 157 156 154 153 153 155 162 175 189 206 244 275 303 331 359 389 404 422 431 436 433 435 442 441 443 462 493 519 529
142 138 136 132 127 124 121 117 115 114 112 114 116 119 123 128 133 139 145 151 157 164 171 179 188 199 207 216 222 228 233 235 238 241 245 244 243 243 244 244 245 244 243 242 242 248 240 232 229 226 225 221 220 217 212 204 197 189 183 176 171 167 161 158 154 158 151 145 143 141 141 145 150 159 195 232 266 303 330 354 382 405 415 416 411 421 421 424 436 452 472 491 508 509
135 134 130 127 122 118 116 113 109 108 107 109 113 118 121 127 132 138 145 150 157 163 170 179 190 201 210 220 227 233 240 244 247 250 252 253 252 251 251 249 248 247 246 243 241 238 235 232 229 225 222 220 217 216 207 200 193 186 179 174 167 162 156 153 148 145 141 137 134 132 132 133 138 148 167 193 238 287 324 360 374 391 381 381 397 394 400 407 428 435 436 455 486 488
130 127 124 121 117 113 110 108 106 104 105 106 111 115 121 126 133 139 145 151 157 162 169 178 191 204 215 224 233 241 248 252 256 259 261 261 260 258 256 255 252 251 248 246 242 239 235 231 228 225 222 218 214 211 203 196 190 183 175 170 164 158 153 148 143 140 135 131 128 126 125 128 131 142 156 182 219 262 314 335 352 348 346 362 371 393 397 402 364 339 358 398 432 458
123 121 117 116 112 110 107 104 103 101 101 106 109 115 121 126 134 140 146 152 158 164 172 182 194 207 219 231 242 250 257 262 266 268 269 269 267 265 263 260 258 254 250 246 244 240 236 232 228 224 220 215 211 205 200 193 186 179 173 166 160 154 149 145 139 135 130 126 124 122 121 122 129 140 151 168 194 233 260 284 306 319 335 333 349 347 337 315 329 285 276 345 357 377
119 116 113 110 108 106 103 102 101 100 100 104 109 115 123 129 135 142 147 154 160 168 176 186 200 213 227 239 250 260 267 273 277 278 278 277 275 272 269 265 261 258 254 249 245 240 236 232 227 223 218 213 208 202 196 189 183 177 169 162 156 151 146 141 135 131 127 124 121 119 119 120 124 133 143 168 193 216 252 279 313 319 301 313 309 296 270 259 250 243 232 232 236 243
112 109 107 106 104 102 100 99 99 100 101 105 110 117 124 130 137 143 151 156 164 172 182 193 207 221 234 248 261 271 279 285 288 289 288 286 283 278 275 270 267 262 257 251 246 241 237 232 226 221 216 210 205 199 193 186 180 173 167 161 155 149 143 139 133 129 124 121 119 117 117 118 121 128 139 157 186 213 246 261 270 269 261 257 258 257 232 223 224 224 225 224 226 230
112 105 103 113 100 98 98 97 98 99 101 105 111 119 125 132 139 146 152 158 166 176 186 199 213 229 244 259 272 284 292 298 301 301 299 295 290 285 280 274 269 263 257 253 246 241 236 230 225 219 214 208 202 196 190 183 177 170 164 158 152 146 140 136 132 126 123 120 117 116 116 118 121 129 140 152 168 189 212 221 221 228 228 234 229 228 221 219 221 220 220 221 222 225
109 109 100 99 98 96 95 95 96 98 100 105 111 118 126 132 140 147 153 160 169 180 192 205 220 236 253 270 284 298 307 312 314 312 307 304 298 290 284 279 271 265 259 253 246 242 236 230 224 218 211 206 199 194 187 180 174 167 161 155 149 144 139 134 129 125 121 119 116 115 115 118 121 125 136 147 165 176 188 193 197 207 212 220 219 220 219 220 219 218 219 220 220 224
