data/bioclim/bclim7.asc
NCOLS 210 
NROWS 174 
XLLCORNER 27.125 
YLLCORNER -2.20833333333333 
CELLSIZE 0.0416666666666667 
NODATA_value -32768 
[rows 42 to 83 of 174, columns 0 to 93 of 210]
145 145 146 146 146 146 147 147 146 147 147 147 147 147 148 148 148 148 149 148 149 149 149 149 149 148 149 148 148 148 148 148 148 148 148 148 147 147 147 147 147 147 147 146 147 145 145 144 144 144 144 144 144 144 143 144 144 144 144 145 145 144 145 145 145 145 145 146 146 146 146 146 147 147 148 148 149 150 149 149 149 149 150 150 150 150 150 151 151 153 154 156 160 164
144 145 144 145 146 145 145 145 146 146 146 146 147 146 147 148 147 147 148 148 147 148 148 147 148 147 147 147 146 147 147 147 147 147 147 146 147 147 147 146 146 146 146 146 146 145 145 144 144 144 144 144 143 144 143 143 144 143 144 143 143 144 144 144 144 144 145 145 145 145 147 147 148 148 148 148 148 149 149 149 148 148 149 149 150 149 150 150 151 151 153 156 158 162
144 145 145 144 144 145 144 145 145 145 145 145 145 145 146 146 147 147 147 147 147 147 147 147 147 147 147 146 146 146 146 146 146 146 146 147 147 146 147 146 145 146 146 145 145 145 145 144 144 143 143 142 142 142 142 143 143 143 143 143 143 143 143 144 144 144 144 145 145 146 147 147 147 148 148 148 149 147 148 148 147 148 148 149 148 149 150 150 151 151 152 155 161 165
144 144 143 144 144 144 144 143 144 144 144 144 144 145 145 145 145 146 146 147 146 146 147 146 146 145 145 145 146 146 144 145 146 146 146 146 146 146 145 146 146 145 145 145 145 145 144 144 144 143 143 143 142 142 142 142 142 143 143 143 142 143 143 143 144 144 143 145 145 145 146 146 147 147 148 148 148 147 147 147 147 148 148 148 149 149 149 150 151 151 152 155 157 160
143 143 142 142 143 143 144 144 143 143 143 143 143 143 144 143 144 144 144 145 145 145 145 145 144 145 145 144 145 144 144 144 145 145 145 145 145 145 145 146 145 145 145 144 145 144 144 143 143 143 143 143 142 142 142 142 142 143 143 143 143 143 143 143 143 143 144 144 145 144 146 146 147 147 147 147 147 147 147 147 148 147 148 148 149 149 149 149 150 151 151 152 154 159
142 142 142 142 142 142 143 142 142 143 142 142 142 143 143 143 144 143 144 144 144 145 144 144 145 144 144 144 144 143 144 144 144 144 144 144 145 145 144 144 145 144 144 145 144 144 143 143 143 142 143 142 142 142 142 142 142 142 142 142 143 143 143 143 143 143 143 143 144 144 146 145 146 146 147 147 147 148 147 147 147 147 148 148 148 148 149 148 150 151 151 152 154 160
142 142 141 142 141 141 142 142 142 141 141 142 142 142 141 143 142 143 143 143 142 144 144 144 143 143 143 144 143 143 142 143 143 143 144 144 143 144 145 143 144 143 144 144 143 143 143 143 142 142 142 142 142 142 142 142 142 141 142 141 142 142 142 142 143 144 142 142 143 143 145 145 146 145 146 147 147 147 146 147 147 147 147 147 148 148 149 148 149 150 151 152 154 163
142 141 142 141 140 140 141 141 141 141 141 140 141 141 140 141 142 142 142 142 143 143 143 143 142 142 142 142 142 142 143 143 143 143 143 143 142 141 143 143 143 144 143 143 143 143 143 142 142 142 141 141 142 141 141 142 142 141 141 141 141 142 142 142 143 144 144 144 144 142 144 144 146 145 145 147 147 148 147 148 148 146 146 146 147 147 147 149 149 149 150 151 155 162
140 140 140 140 140 140 139 140 140 140 140 140 140 140 139 140 141 140 142 141 142 142 142 142 142 142 142 142 142 142 141 142 143 143 143 143 142 143 143 143 143 143 143 142 142 142 143 142 142 142 141 141 141 141 141 142 141 141 141 141 141 142 142 141 142 142 143 143 144 144 144 145 145 145 145 146 146 147 147 147 148 146 146 146 146 146 147 147 148 149 150 150 153 160
140 140 139 139 139 139 139 139 139 139 139 139 139 139 140 139 140 140 140 140 140 140 141 141 141 141 141 141 141 141 141 141 141 142 142 142 142 142 143 143 143 143 143 143 143 142 142 142 142 141 142 141 141 141 140 141 140 140 140 141 141 141 141 142 141 142 141 142 143 143 144 144 145 145 146 146 146 147 147 146 147 147 145 145 146 146 146 147 147 147 149 151 158 163
140 139 140 139 139 139 139 139 138 138 138 138 138 138 138 138 139 139 140 139 140 140 140 140 140 140 140 140 141 141 141 141 141 141 142 142 142 142 142 142 142 142 142 142 142 142 142 141 141 141 141 141 140 141 140 140 140 141 140 141 140 141 141 142 141 141 142 142 142 142 144 144 144 145 145 146 146 148 147 147 147 147 146 146 146 146 146 147 147 147 147 151 158 162
138 139 139 138 138 139 138 138 138 138 137 138 138 138 138 137 138 139 139 139 139 140 140 139 140 139 140 140 140 140 140 140 141 141 141 142 141 142 142 142 142 142 141 142 142 142 142 141 142 141 140 141 140 141 140 140 140 140 140 140 141 141 141 141 142 141 142 142 142 142 143 143 144 144 145 145 146 146 147 147 146 146 146 147 146 146 146 146 147 146 148 152 158 160
137 138 137 138 138 137 137 137 136 136 137 137 136 136 137 138 137 137 138 138 138 138 139 139 139 139 140 140 140 139 140 141 140 141 140 141 140 141 141 141 142 141 141 141 142 142 142 142 141 141 141 141 141 141 140 140 140 140 140 141 141 140 141 140 141 141 141 141 141 142 143 143 143 144 144 145 145 145 147 146 146 146 146 147 147 147 145 145 146 148 149 153 158 160
137 138 137 137 137 137 137 137 137 136 136 135 135 136 136 137 137 137 138 138 138 138 139 139 139 140 139 140 139 140 140 140 139 140 140 140 140 141 140 141 141 140 141 141 142 141 141 141 141 141 141 140 141 140 139 140 140 140 139 140 140 140 141 141 140 140 141 141 142 141 142 143 143 143 144 145 146 145 146 146 146 146 146 147 146 147 147 147 148 149 151 154 157 163
137 137 138 137 137 137 137 136 136 136 135 135 136 136 136 137 136 137 138 138 137 138 138 138 139 138 139 139 139 139 139 139 139 139 139 140 140 140 141 141 140 140 141 141 141 141 141 141 141 141 141 141 140 140 140 140 139 140 140 140 140 140 141 141 140 140 141 141 141 141 141 142 142 143 142 144 144 144 144 146 146 145 146 147 147 147 147 148 150 151 153 155 160 164
137 137 137 137 136 136 136 136 136 136 136 136 135 135 135 136 136 137 137 137 138 138 138 138 138 138 138 138 138 138 139 139 139 139 139 139 140 140 140 140 140 140 141 141 140 140 140 140 140 140 140 140 140 140 140 140 140 140 139 140 140 140 140 141 140 140 140 141 141 141 141 141 140 141 142 144 143 142 144 146 145 146 146 147 147 147 148 149 150 152 155 157 160 163
136 135 135 135 135 136 135 135 135 135 135 135 136 136 136 136 136 136 136 137 137 137 137 137 138 138 138 138 138 138 138 139 138 138 139 139 139 140 140 140 140 139 140 140 140 140 139 140 140 140 140 140 140 140 140 139 140 139 140 140 140 139 140 140 140 140 140 140 141 141 140 140 140 141 141 142 142 143 144 145 145 145 146 147 147 147 148 149 151 153 155 157 161 164
135 135 135 135 135 135 135 135 135 135 135 135 136 136 136 136 136 135 136 136 137 137 137 138 138 138 138 138 138 138 137 138 138 139 139 139 139 140 139 139 139 139 140 140 139 139 139 139 139 140 140 139 140 140 140 139 139 140 139 139 139 139 139 140 140 139 140 140 140 140 141 140 141 142 142 142 141 142 144 145 145 145 146 146 146 147 147 149 151 154 156 158 161 164
135 136 135 135 135 135 135 135 135 135 134 135 135 135 136 136 136 136 136 136 136 136 136 137 137 137 137 138 138 138 138 138 138 138 138 139 139 139 139 139 139 139 139 139 139 140 139 140 139 139 140 139 140 139 140 139 140 139 139 139 139 139 140 139 139 140 139 140 140 140 141 141 141 142 141 141 141 142 143 145 144 144 145 145 146 146 147 148 150 153 154 158 161 163
135 135 135 135 135 135 135 134 135 135 135 134 135 135 135 135 136 136 136 136 136 136 136 136 136 136 137 137 138 138 138 137 137 138 138 138 139 138 138 139 139 139 139 138 139 139 139 139 139 139 140 139 140 139 138 139 139 139 139 139 138 139 139 139 140 140 139 140 140 140 141 140 141 141 140 140 141 142 144 143 143 144 143 143 144 146 147 148 149 152 154 156 161 163
135 135 135 135 134 135 134 134 134 134 134 134 133 135 135 135 135 135 136 136 136 136 136 136 136 136 136 137 137 138 138 138 138 138 138 137 138 138 138 138 138 138 139 139 138 138 139 138 139 139 138 139 139 139 139 140 139 139 139 139 138 139 139 139 140 139 140 139 140 140 140 140 141 140 141 140 140 142 144 143 143 143 141 142 143 145 145 147 150 152 153 155 160 163
134 134 134 134 134 135 134 134 134 134 134 134 135 135 135 134 135 135 136 136 135 136 136 136 136 136 136 137 137 137 137 137 137 138 137 138 137 138 137 138 138 138 138 138 138 138 138 139 139 138 139 139 139 139 139 139 139 139 138 139 139 138 139 139 139 140 140 139 139 140 140 139 140 140 140 140 140 142 142 141 142 141 140 142 143 145 145 146 149 150 152 154 158 162
134 134 133 133 133 134 133 133 133 134 134 134 134 134 134 134 135 135 135 135 135 135 136 136 137 136 136 136 136 137 136 137 137 137 137 137 137 137 137 137 137 137 138 138 138 138 138 138 138 138 138 139 139 139 139 138 139 139 139 139 139 139 140 139 139 140 140 139 140 140 140 140 140 139 139 139 140 141 141 141 141 140 141 141 142 142 143 146 148 148 149 149 156 160
133 134 134 133 133 133 133 133 134 133 134 133 134 134 134 134 135 134 134 135 135 135 136 136 136 136 136 136 136 136 136 137 136 137 137 137 137 137 137 137 137 137 137 138 137 137 138 138 138 138 138 139 138 138 139 139 139 139 139 139 139 139 140 140 139 140 139 140 139 140 140 140 139 140 139 139 139 139 140 140 140 140 140 141 141 142 142 144 146 147 147 147 153 155
134 134 133 134 133 134 134 133 133 133 134 134 133 134 135 134 134 135 135 134 135 136 136 135 136 136 136 136 137 137 136 137 137 137 137 137 137 136 137 137 137 137 137 137 138 137 138 138 138 138 138 138 138 139 139 139 138 139 138 139 139 139 139 139 140 140 140 140 141 140 141 139 140 140 140 139 139 139 140 140 140 140 140 141 141 142 142 142 144 144 145 146 151 155
133 133 133 134 133 134 134 133 133 133 133 134 133 133 134 133 135 134 135 134 135 135 135 135 135 135 136 136 136 136 136 137 136 136 137 136 136 136 137 137 137 137 137 137 137 137 137 137 137 138 138 138 138 139 139 139 139 138 138 139 138 138 139 140 140 140 140 140 139 140 140 140 140 139 139 139 139 139 139 140 140 141 141 141 143 141 141 143 143 143 143 146 149 153
132 132 132 133 133 132 133 133 133 133 133 133 133 133 133 134 134 135 135 134 134 134 135 134 135 135 135 135 136 136 135 136 136 136 136 136 136 137 136 136 137 136 137 136 137 138 137 137 138 138 138 138 138 137 138 139 139 138 139 139 139 139 140 139 139 139 140 140 139 140 140 140 140 139 139 140 139 140 139 140 141 142 142 142 143 142 142 141 141 141 143 146 148 152
132 132 132 132 132 132 133 132 132 133 133 133 133 133 133 134 134 135 134 134 135 134 135 134 135 135 134 135 135 135 136 136 136 136 136 136 136 137 136 137 137 137 138 137 137 137 137 137 137 138 138 138 137 137 138 138 139 138 139 138 139 138 139 139 139 139 139 139 139 138 139 139 139 139 140 140 140 139 139 140 141 142 142 142 142 143 142 141 140 140 140 143 146 151
131 132 131 132 132 132 132 132 132 131 133 132 133 133 133 134 134 134 134 135 135 135 134 134 134 135 135 135 134 135 135 135 135 135 135 136 136 136 137 137 137 136 137 137 137 137 137 138 138 138 138 138 138 138 138 138 139 138 139 139 138 139 139 139 140 140 140 140 139 139 139 138 139 139 139 139 140 139 140 140 141 141 141 142 142 142 142 140 139 139 139 142 147 152
131 131 131 132 131 131 131 131 131 132 132 132 133 133 133 134 133 134 134 134 134 134 134 135 135 134 134 135 135 135 135 136 136 136 135 136 135 136 136 135 136 137 137 138 138 138 138 138 138 138 137 138 138 139 138 139 138 138 138 139 138 138 138 139 140 140 140 140 140 139 139 138 138 138 138 139 139 139 140 140 140 141 141 142 142 142 141 140 139 138 139 141 148 150
132 132 132 131 132 131 132 131 132 131 131 131 132 132 133 132 133 133 134 134 134 133 134 134 134 135 134 135 135 134 134 136 135 135 135 135 136 136 136 136 136 137 137 138 137 138 138 139 138 138 138 138 139 139 139 139 139 139 140 140 139 138 139 140 140 140 140 140 139 138 138 139 139 138 138 138 139 139 139 139 140 140 141 142 141 141 140 139 138 138 138 143 148 147
132 132 131 131 132 131 132 131 132 132 132 131 131 132 132 133 133 133 132 133 133 134 134 134 134 135 134 134 134 135 135 134 135 135 135 135 135 136 136 136 136 136 137 137 137 138 138 138 138 138 137 137 139 139 139 140 140 140 140 140 140 140 139 140 140 140 139 140 139 138 139 139 139 139 138 138 139 139 139 140 139 140 141 141 140 140 141 139 139 139 141 147 145 144
132 132 132 131 131 131 131 131 132 131 132 132 132 132 133 132 133 133 133 133 134 134 134 134 135 135 135 135 135 135 135 134 134 134 135 135 135 136 135 135 136 137 137 137 138 138 138 138 138 138 138 139 138 140 139 140 140 139 141 141 140 140 139 139 140 140 140 140 140 139 139 138 139 138 138 139 139 139 139 139 140 140 140 140 140 140 139 139 138 141 144 144 141 141
132 131 132 132 131 130 131 132 131 131 132 132 132 132 132 132 132 133 133 133 134 134 134 134 134 134 134 134 134 135 134 135 135 134 135 135 136 136 136 136 136 137 138 138 138 138 139 138 138 138 138 139 139 140 140 141 140 141 140 141 141 140 140 140 140 140 140 140 140 139 139 138 138 139 139 139 139 139 139 140 139 140 140 140 140 140 139 139 138 142 142 140 140 139
131 131 131 131 131 131 131 132 132 131 132 132 132 133 133 132 132 132 133 132 133 134 134 134 133 134 135 135 135 134 134 134 134 135 135 135 135 136 135 135 136 137 137 138 138 138 138 138 138 137 138 139 139 140 140 141 141 141 140 141 140 140 140 140 140 140 140 140 141 140 141 139 139 139 138 138 139 139 139 139 140 140 140 140 140 140 139 138 141 141 139 139 139 137
131 131 131 130 131 132 132 132 131 131 131 132 132 133 132 133 132 132 133 132 133 133 133 133 134 134 135 135 134 134 134 135 135 134 135 135 136 135 136 136 136 138 137 138 138 138 138 138 138 138 139 140 139 141 141 140 141 141 141 141 141 142 142 141 141 141 141 141 142 141 141 140 139 138 138 139 139 138 139 139 139 139 139 139 139 139 139 141 142 139 138 138 138 135
130 130 130 131 131 132 132 131 131 132 132 132 132 132 132 132 133 132 133 133 133 132 133 133 133 134 134 135 135 135 134 134 135 135 135 135 135 136 135 137 137 138 138 138 138 138 138 138 139 139 139 139 140 140 140 141 141 142 142 141 142 142 142 141 142 142 141 142 142 142 141 139 138 138 137 138 138 138 139 139 139 139 139 138 139 138 140 140 140 138 138 137 137 135
130 130 130 130 130 130 131 131 131 132 132 131 132 131 132 132 133 133 133 132 133 133 133 133 133 133 134 135 134 134 135 135 135 134 135 135 136 135 136 137 137 137 138 138 138 138 137 138 138 139 140 140 140 141 141 141 141 142 141 143 143 142 142 143 142 142 141 142 142 142 140 138 138 137 137 137 138 139 139 139 139 138 139 138 138 140 140 139 139 137 137 136 136 136
130 130 130 130 130 130 130 131 131 130 131 131 132 132 132 132 132 133 132 133 132 132 133 133 133 133 134 134 135 135 134 134 134 135 135 136 135 136 136 136 137 137 138 138 138 137 138 138 139 140 140 140 140 141 141 141 141 142 142 143 144 143 143 143 142 142 142 143 143 141 140 138 138 138 137 138 138 137 138 138 139 139 137 138 139 139 139 138 138 137 137 136 137 136
130 129 130 130 130 130 130 130 130 131 131 130 131 131 131 132 131 132 133 132 133 133 133 132 132 133 134 134 134 134 135 134 134 135 135 135 135 136 136 137 136 137 137 137 138 138 138 138 138 139 140 140 140 141 141 141 142 141 142 143 144 143 144 143 142 143 144 144 142 142 140 140 139 138 138 138 137 138 138 138 139 138 138 139 140 139 139 138 139 138 138 136 137 137
130 129 129 130 130 130 129 130 130 131 131 130 130 131 131 132 132 132 132 133 133 132 132 133 133 132 133 133 134 134 134 134 135 134 135 135 135 136 135 136 136 136 136 137 137 138 138 138 139 139 140 140 140 140 141 142 141 142 143 144 144 144 144 145 145 145 145 143 141 143 141 139 139 138 139 138 138 138 138 138 139 139 139 140 140 140 139 139 139 139 138 137 137 138
129 129 129 130 130 130 130 130 130 130 130 130 130 131 131 131 131 131 132 132 132 132 133 133 133 133 132 133 133 133 133 134 134 134 134 135 135 136 135 135 136 136 136 137 138 138 138 138 139 139 139 140 140 141 141 141 141 142 143 143 144 145 145 146 146 146 145 144 142 143 142 140 139 139 138 138 138 138 138 138 140 141 141 140 140 140 139 140 139 139 138 139 137 138
